-2.4452,-0.2777, 3.3769,-2.1158, 1.7568, 0.3589,-0.7877,-4.9827,-1.5878,-4.3170, 0.2046, 0.2355, 1.9072, 4.9755,-4.3945,-3.1964, 2.0905,-3.0092, 1.3342, 4.0134, 4.9580, 1.7348, 0.6293, 1.4559,-1.9377, 1.2459,-4.6897, 0.3606,-2.7857, 0.8490
 0.1074,-1.5180, 0.8918, 1.5610,-1.9235,-3.8697,-0.3769, 2.5429, 4.0431, 3.5189,-3.4348,-2.6804,-0.3202,-0.5579, 3.4909,-3.0202, 3.6587,-4.8982, 3.2827, 4.9714,-2.5470, 3.9614,-4.7142,-3.5775, 2.5946,-1.3622, 0.0070, 4.2071,-4.4344,-4.7158
 0.3628, 4.6866, 4.9490, 3.8542,-1.9828,-0.0169,-1.4545,-0.9702,-4.6869, 2.7139, 3.0841, 0.1273, 4.3612, 0.5254, 0.1552,-0.6058, 4.7216, 2.5839,-3.3927, 2.3779, 0.2899, 1.3698, 0.9060,-2.1791, 2.5344,-3.9067,-0.6572,-3.6858,-2.3598,-2.9446
 3.2549, 0.8755,-2.9548,-4.2577,-4.5327,-2.3304, 4.6544,-3.2852, 3.9634,-3.6009, 1.9834,-4.1162,-3.2008, 3.1208, 0.6006, 2.6093, 0.0076,-0.7642,-1.0347,-2.9136,-4.0334, 0.0168,-4.6339, 2.1370, 4.6073,-0.6015,-1.5060, 0.1544,-2.9964,-0.5098
 2.5002,-3.3513,-2.0617,-3.3745, 4.8765,-2.9705,-3.5544, 1.8937, 2.6757,-3.0742, 4.1191,-4.2248, 4.1955,-1.7945, 0.9903, 4.1810,-1.4655, 2.3685,-0.1636, 4.9806,-0.1651, 3.0828,-2.0984, 3.8273,-1.0039, 3.6688,-0.4680, 3.4440, 0.0160,-2.6616
 2.1788, 1.8575, 4.3362, 2.8840, 2.0217, 1.6301, 3.1250, 1.7163,-3.0964, 1.0791, 3.7493,-3.3971, 0.5904, 0.7431, 3.8371, 3.0935, 1.1440, 2.9823, 3.4740, 1.5962, 2.5301,-1.3592,-3.3469,-1.6971, 1.5080, 1.1508,-2.3952, 4.5058, 4.5566, 4.9845
 3.2485, 0.0663,-2.6115, 4.8982,-1.6678, 3.3765,-1.8611,-2.6698, 0.3927,-0.5840,-0.4820,-0.2549,-4.8244,-1.3027,-3.9785, 3.4604,-3.1363,-1.1033,-0.3818, 0.3921, 2.2011, 4.4474, 2.6377,-3.4769, 4.6066,-2.8716, 1.5850,-1.6891,-2.8730,-2.6719
-4.7250, 1.3177, 3.1097, 3.2484,-2.3673,-1.2584, 0.1235, 4.0545,-3.1454, 4.0725,-1.6093, 3.6183,-0.3288, 0.9497, 1.8925, 3.9211, 0.2702, 2.3247,-2.2677,-3.1872, 3.7907, 2.2932, 0.9965,-0.3763,-4.7223, 2.5943, 1.0372,-3.8471,-0.0246, 1.2738
-0.3865,-4.4324, 3.7071,-3.5088, 2.9273, 1.6215,-0.2370,-2.1289,-2.2542, 0.8100, 2.6590, 4.6929, 2.9854, 1.9525,-4.0434, 2.3301, 4.3059,-4.7307, 3.4231, 1.1064, 3.6736,-1.7034,-1.4199,-0.3083,-4.7486, 0.0165, 4.8851,-4.7815,-3.3333,-3.4670
 4.3642,-2.0293, 1.3837, 0.3844, 2.5211,-3.2421, 0.5907,-3.4464, 0.9612, 3.7776, 0.4074,-4.9771, 1.0812, 4.8221, 4.3957, 2.5482,-0.0093,-3.2385, 2.6146,-0.3113, 3.5639,-4.9476,-2.7120,-1.3797,-2.6037, 0.0026,-4.0159, 0.5807, 3.4459, 0.8202
-4.3053, 4.1543,-4.4326, 2.5519,-1.5773, 2.7511, 2.9031,-2.4073, 1.7850, 4.9512,-2.3374, 4.1460, 3.3546, 0.2353, 3.8980, 1.6938, 1.5145, 0.1067, 4.7792,-0.2646, 4.7489,-0.2978, 4.4752,-2.8925,-3.9799,-0.1167, 4.7989,-0.4549, 3.4414, 4.5112
 1.8115, 0.7344,-3.6319,-2.1536,-2.2722, 3.3384, 2.9661, 1.0577,-4.4490,-2.0824,-2.1864,-3.9817, 3.0292, 4.3072,-1.1640,-4.7470,-0.7458, 1.1782,-0.8876,-0.1685,-3.4666, 0.1933,-3.2253,-3.1830, 3.5089,-0.2526, 4.7616,-2.4456, 3.4682, 0.1626
-1.1148, 0.6158, 0.6414, 0.9814, 0.0423, 0.8070,-1.4965,-0.3277,-3.8425, 1.5193,-1.2342, 1.1407, 1.5655, 0.4589,-2.1633, 2.4089, 0.1436, 3.2635,-3.7499, 3.8060,-1.3949, 1.2366,-2.4466,-1.6030, 4.2229,-4.9779, 1.0592,-1.1472,-0.3956,-4.8130
 2.9783, 1.0729, 3.0470,-2.1365, 4.7031,-3.7732,-2.8651,-0.3952,-3.2152,-0.2341,-4.0634,-4.3848, 0.6350,-1.2302,-0.8363,-3.9812, 4.7390, 1.2619,-0.5042, 1.6561, 0.5661,-4.1724, 3.1230,-3.0520,-3.3228, 4.5266,-4.0907, 0.8433, 0.7807,-4.1094
-0.3669, 4.2664,-4.4573,-0.3895,-0.4768, 2.2421, 1.1532,-2.8843,-0.9545,-4.2003,-0.4952, 3.1840,-3.8577, 4.3998, 3.1819, 0.5125,-4.1541, 0.3231,-0.2810, 4.7024,-4.2069,-0.6893, 2.5484,-1.0243, 3.9326,-0.7019,-3.7619,-3.9025, 0.2549,-2.4762
 0.0911, 0.0991, 4.9253, 1.5401,-4.1156, 1.1749, 3.9266, 0.4649, 3.2758,-2.0303,-3.1153,-2.4076,-2.9044, 3.8018,-4.6516,-4.9375,-2.6817,-1.9081,-2.0695,-2.5082,-1.8175,-0.9026, 4.9959, 3.8495, 2.1758,-1.6588,-4.7427, 1.1993, 3.0571, 2.7567
-3.6090,-4.4808, 4.3061, 2.9836, 0.2847,-1.8659,-3.4378, 3.5576, 1.7213,-1.5586, 1.0806,-2.3408, 3.2327, 4.6746,-3.8826, 1.4546,-4.4382, 3.0346,-1.0709,-0.5259,-0.3962,-4.5550,-4.6323, 2.9145,-0.4498, 0.9386, 2.6486,-1.0552, 3.3742,-2.4753
-4.2980, 4.3661, 0.6458, 1.6132,-3.6465, 4.7190, 0.7622,-2.0820, 0.7163,-3.9778,-0.7668, 3.1852, 4.8125,-3.7432,-3.4987, 2.3106, 0.5548, 4.4769,-4.8707, 1.4920, 4.9117,-1.9304, 2.9057, 0.4702,-2.9578,-3.8962, 4.2844,-1.4954, 0.1934, 2.1214
-1.0469, 2.6269,-3.6324,-1.0076, 3.3131,-0.9401,-3.9287, 2.1805,-0.8475,-4.8835,-4.4553,-1.4730,-1.8511,-1.2501,-0.8893,-0.4536,-2.9950,-0.7471,-3.6987,-3.5497,-3.6547,-3.7414,-2.2423,-0.7079,-1.5147,-0.5418,-0.5504,-2.0812, 2.3683,-1.3133
 0.4264,-3.4857,-1.0371, 3.0952, 4.7139, 4.6623, 1.6694,-2.8780, 0.6160, 4.5950,-0.4785,-3.3428, 0.0865, 2.4722,-4.4270,-4.6116, 1.9058,-4.5873, 4.4762,-4.7761, 4.4910, 3.8377,-2.6570,-1.5957,-4.7911, 0.3924,-3.5427,-0.7348, 4.0124,-2.3270
 0.1279,-0.5551, 2.6350, 4.7161,-1.3618,-3.4204,-2.9291,-4.8475,-4.4835,-3.0388,-1.9783,-2.4070,-2.9798, 0.3119, 4.5089,-1.5583,-2.8364,-4.1655,-1.4829, 1.0984,-0.0948,-4.6613, 2.6707, 4.9211, 4.7289, 0.5153,-2.4859, 2.7703, 0.1586, 3.6970
-1.9052,-4.1388, 0.8618, 2.6923, 2.5107,-0.4236,-3.6271,-2.3322, 4.4284, 1.1824,-4.2515, 4.3439,-1.4387, 1.4400, 4.5178,-1.4784, 2.4563, 3.6732,-4.5675,-2.3266,-0.1959, 4.8898, 2.6561,-2.2185,-0.5206, 4.5056,-2.8078, 3.5324, 3.2245, 2.8389
-2.7012,-1.9007, 1.7473, 0.5385,-3.3760,-1.8807, 3.1235,-4.5483, 1.9872, 1.6168,-4.7491,-1.2196,-0.9135, 3.9195,-4.2496,-3.3367, 3.0792,-1.7923, 2.8994, 1.5757, 1.8722, 4.0353,-3.5381,-1.2565, 1.6196,-3.2630, 4.3547,-0.3911,-3.2326,-4.4114
-4.4403, 3.4376,-3.6831, 3.1458,-4.3626,-4.2382, 3.8960, 0.0421,-1.2941, 4.3295, 4.3053, 3.1548,-3.4130, 4.2632, 3.1521, 4.7330, 4.2589,-3.5847,-1.5414,-2.9263, 4.2950, 4.0533,-1.8153,-1.8845,-1.4278, 2.5664,-2.8463,-2.3839,-4.8015,-3.2029
 1.6023,-1.3275,-4.3910, 4.2704, 0.0517,-3.5930, 0.7102,-4.3286, 2.5095,-4.6764,-4.3779,-3.7100,-2.0431, 2.5553, 2.0105,-3.3793,-2.3302,-4.3450, 3.1990, 1.6103,-2.9250, 1.1693, 3.3659, 4.1203, 1.4629,-3.2605, 3.3130, 1.5927, 2.6699,-3.1780
 3.0577, 0.7590, 2.6284,-3.3228,-0.8290, 0.4639,-3.3637, 0.7233,-4.5642,-4.3669,-1.4964, 0.1789, 4.4684,-1.4992,-4.4056, 0.6127,-2.3748, 2.7993, 0.0914,-0.7108,-4.1459,-3.4541, 0.8131,-1.4759,-4.4583,-4.2234, 1.0129, 3.9242,-1.1522, 2.6806
 4.7318,-3.1733,-4.7261,-0.9966,-3.6142, 0.0981, 4.5873, 4.5721, 2.2559, 2.2909, 0.6974,-1.6888,-2.8122,-3.4596,-1.9360, 0.9844, 2.6892,-0.9801,-1.2508, 4.4822,-4.7473,-2.6732,-3.4519,-2.5261, 2.5829, 0.5944,-2.9358,-3.2874, 3.2264,-0.0135
 0.7976,-3.1282,-3.9244, 4.9974, 2.4179, 3.7788, 1.5380, 2.9068,-3.1277,-2.5142,-1.0468, 0.7183,-3.2354, 3.5033, 3.5571, 4.3977, 0.9060, 1.0900, 4.9438, 3.2820,-2.4100,-1.2252,-1.5282, 0.7151, 4.1623,-2.4350, 0.3578, 1.5757,-0.5362, 4.2783
-3.8723,-1.8033, 0.5297,-1.5191, 0.4641, 0.1534, 1.9791,-1.3558, 0.6454, 3.0672,-3.5938, 2.0547, 3.9918,-0.8752,-2.3019, 1.4131,-0.5697, 3.2687, 4.1784, 3.6553,-0.4677, 1.4694, 4.2206, 3.9152,-4.0599, 2.0152,-4.8288, 2.0961, 1.4393,-0.4578
 1.9898, 4.4445,-0.3685, 2.8516, 1.7075,-3.3699, 2.9188, 2.1596, 2.9872,-3.2288, 1.8529, 1.2099, 1.6169, 2.5353, 3.4025, 2.4452,-2.5599, 1.2663,-2.8173,-4.5783,-1.4969, 2.6252,-0.3529, 3.2211, 1.2660, 3.7011, 0.8150,-4.9792, 2.1226, 3.7432
-1.0935,-4.8005,-3.1077, 1.1421,-0.8087,-4.5414, 1.2316, 0.7276,-3.1148,-1.8937,-3.8757,-4.4737, 1.7551, 0.5907,-3.5608, 4.9757,-3.9420, 2.9053,-4.1997,-3.6596, 4.9552, 4.3138, 3.8885,-4.7561,-1.6927,-4.8572, 4.7607,-2.0623, 1.7233, 1.3847
 3.7035,-4.7597,-1.9848,-1.7544,-2.2000, 1.1868, 0.1637,-1.8480, 1.6220, 0.2379, 4.2244,-2.3206,-2.7445, 2.5242,-2.0318,-4.9735,-2.3913, 4.5403, 2.6223, 0.2235, 1.6801,-0.7304, 0.7652, 0.9486,-1.9570,-4.8711, 1.4334, 3.0577,-3.7705,-4.6911
-2.9781, 2.5130, 2.9621, 2.5965,-4.8140, 2.4209,-0.7466,-1.4408,-3.3738,-1.9273, 1.0739,-1.4853, 2.0122,-1.2456,-1.8790, 2.0275, 4.4439,-4.3166, 4.1479,-1.2675, 2.6104,-4.3986,-1.9507, 0.1765,-0.1178,-3.5809, 0.7495,-4.3445, 2.4336, 0.0350
 4.5828, 0.8410,-3.3698, 3.9377,-2.6920,-0.9995, 2.0630,-0.2089, 2.0424,-2.7578, 3.5791, 1.4144,-1.1682,-2.3106,-2.2668, 0.8119, 1.0309,-4.7695, 4.1381, 4.8960, 4.4994,-3.5442, 3.2437,-3.8833, 0.6256, 1.1443,-0.2923, 4.7390, 4.6910,-1.0084
-3.5501,-1.0063, 0.7502,-4.8505,-1.5303,-0.2361,-4.2612,-3.3167,-0.9665, 3.7588,-0.9268, 1.7427, 4.1513, 3.1677, 4.2473, 3.2890,-0.2833,-1.9772,-2.7885, 0.6965, 3.5065,-4.3019, 0.8006, 2.3816, 3.0406,-3.2991, 2.6466,-3.3849, 1.8477, 3.1867
 1.9733,-4.0705,-1.0064,-1.5355, 3.9790, 1.7734,-0.0528,-3.0514,-2.9517,-1.4095,-1.8761, 4.0804,-1.5409, 2.1426, 4.4028,-4.0295, 1.6288,-0.3420, 2.2801,-3.4965,-3.9085,-3.0475,-4.5617, 0.5934, 1.5924,-3.4672,-0.9458,-2.9797, 3.9142,-4.0045
 1.2711, 0.1450, 2.1160, 4.7519, 0.5650,-2.3546,-2.4221, 4.6399,-2.4085, 1.5043, 1.9274,-0.8812, 1.7312,-2.0704,-2.5424, 0.6312,-3.2651, 4.9458,-3.0952, 2.9206, 2.4327, 2.2831,-1.9550,-2.7092, 0.7475, 0.3637, 0.0013, 0.0660,-0.0984, 2.4732
 2.8079,-0.3839, 1.5897, 2.8161, 0.7628,-3.0368,-4.4641,-4.4229, 3.8197,-3.7453,-4.6478,-4.0361, 2.6700, 0.0642,-3.0497,-2.8182,-1.9581,-1.8669, 4.2882, 1.7098,-1.2792,-0.1993,-1.4032, 3.4780,-2.8176, 4.9159, 2.0133, 4.4598, 0.1693,-0.7943
 2.5799, 2.7767,-1.1831, 3.6055, 4.1662, 1.1212,-1.7132,-0.8301, 4.4946, 0.6501, 0.4093, 1.9981,-1.5781,-3.6336, 4.8378, 3.0564,-2.0438, 0.5306,-1.8994, 2.9985,-1.3166, 3.8973,-4.3590, 3.8547,-3.4782,-4.8464, 0.2653,-2.6203,-4.2770, 3.0745
 4.6738,-4.8394,-2.2439,-0.5298,-2.1675, 1.7310,-0.3281, 4.3345, 3.9126,-1.5236, 0.5792,-1.8811, 2.7337,-4.6404,-1.2997,-2.5217,-1.9899,-4.5238, 4.6741,-4.8637,-2.4046,-3.2360, 4.3190, 2.1997, 3.1163, 3.5524,-0.6682, 3.4581,-1.3132,-0.8716
-1.0083,-3.7455,-0.2388, 2.0442,-4.7501, 2.4917, 3.8969, 4.7867,-2.1219, 2.8320, 2.2210,-1.8077,-2.2464, 4.1242, 3.2751,-0.1828,-4.9788, 1.7497,-4.8418, 2.4681, 0.8049,-3.2953, 1.5487, 3.3328, 0.3697, 2.1050,-4.1104, 2.6479,-4.4253,-2.6928
 3.1632, 4.0524,-4.7911,-4.8195,-1.3383,-4.5657,-1.4079,-3.4357, 1.8813, 3.8910,-1.3248,-2.1537,-0.9361,-3.0698, 0.9330,-2.9859, 2.7868, 0.9102, 1.9042,-0.9428,-0.3196, 1.9061, 1.5855,-3.9703,-0.5655,-4.9392, 4.3889, 1.8710,-3.1915, 2.0770
-4.2738,-1.1739,-1.9773, 4.7988, 1.1278,-2.9864, 1.9303,-3.2426, 0.2182,-4.4350,-3.1367,-4.4836,-3.7626,-3.7167, 2.8182,-1.4840, 0.9080, 2.1469, 1.9807,-4.0810, 3.0160,-3.8562, 0.9325,-3.8723,-2.7905, 3.9530,-0.9815, 0.9594,-3.4988,-1.7139
-1.8313,-2.1250,-4.2630, 1.2053,-3.4003, 4.5290, 4.2620,-2.4447,-2.7548,-1.4704, 4.6006, 0.1491, 3.6618,-1.4191,-0.0496, 1.8359, 2.0580, 2.4731, 0.2160,-1.2634,-3.6701,-2.2920,-0.4942, 2.6072,-2.1749,-0.4539,-3.8629,-3.6234, 3.6843, 3.1933
 1.1518, 0.0629,-3.6871, 4.2607, 4.2373, 0.3619,-3.2540, 4.9970,-1.3067, 3.0479,-2.6808, 1.8295, 1.4181, 0.7646,-4.7258,-1.6296, 3.7605, 2.8594,-3.2230,-1.5675,-2.0961, 2.9146, 2.8185, 1.9315,-0.2186,-0.9651, 0.2954,-1.3034, 3.5099, 3.2116
 2.4754,-2.9570, 0.9581, 4.8529, 0.5565,-2.6310, 0.7654, 3.3948, 1.1705,-1.2195, 2.1041,-3.5613,-3.4217,-1.9524, 0.6149,-2.3067,-3.0899, 0.8388,-4.8658, 2.4331,-0.3084, 2.2715,-2.0701, 3.7493,-4.6571, 2.0900, 4.4466, 2.0777, 2.9325,-2.0217
-4.1863,-1.2250,-3.6016, 4.6876, 4.1730, 4.6088,-3.2318, 3.5515,-1.2552,-1.2490, 4.5629,-1.7676,-0.1008,-4.3453,-3.1658,-1.7462, 1.4211, 0.0948, 0.3866, 1.2288, 4.3371,-3.5730, 0.9006, 0.9279, 0.2144, 0.7624, 3.8655,-4.5591,-3.5196,-3.0907
 1.7201, 1.2981, 3.4836, 4.2596, 4.3238, 4.4042,-3.3060, 4.4949, 0.1692, 2.4293, 1.0434,-1.6411,-3.8957,-2.0884, 4.6205, 2.5591, 3.5336, 1.1557, 0.3276, 4.9735,-2.2103, 3.3207,-4.4975,-2.1778,-0.6948,-1.0993, 2.3605,-0.3189, 0.5308, 1.5442
-3.4086,-0.8257,-2.2426,-2.2322, 0.2480,-1.0815, 2.5220,-1.4348, 4.6849,-3.7962,-2.6749, 0.2909,-2.2638,-2.8804,-0.1513, 3.0955, 4.5564,-0.5021,-0.5862, 2.5904,-1.2494,-0.7547, 2.0100, 4.6586, 2.7916,-2.3763,-3.5706, 2.8658,-1.1793,-2.5556
 4.7682,-3.0885, 0.5848,-1.3928,-1.2408,-2.8702,-2.6430, 3.4815,-4.1811,-3.3376, 2.8954, 0.9305,-2.6368, 4.2724, 3.5348,-3.0456,-2.2962, 2.7719, 0.9279, 1.5892, 4.3029,-0.9374, 0.3969,-0.2975, 0.5338, 1.0058, 3.9556, 2.1623,-2.9884, 4.2543
-2.8994, 3.8067, 3.6958, 4.2090, 4.6217, 1.7570,-0.0930,-3.6218,-1.7622, 4.2946,-4.6877,-0.3061,-2.1464, 1.1352, 1.9214,-3.5218,-1.0364,-3.4407,-2.4406,-1.3569,-4.1293,-3.9301,-3.6230,-2.8814,-0.0543,-1.1584, 1.6688, 3.6480, 4.9424,-3.2146
-4.1994, 4.7727, 0.2894,-0.6805,-1.7596, 3.3187,-0.0865,-1.4742, 4.8520, 4.1374, 3.5020, 3.4857, 3.6583, 4.8115,-1.2622,-0.0270,-3.0176,-3.1183, 1.7972, 3.2619, 1.7180,-1.1035, 3.0661, 4.9930, 2.9367,-2.3703,-3.9772, 3.3803,-2.3581, 3.3423
-1.3476,-1.9676,-0.4379,-4.7862,-1.2047,-3.4727, 2.0746, 4.7205,-0.1131, 4.5780,-0.6314, 2.1238, 0.3933,-1.6018, 1.0394,-1.6053, 1.0557,-0.2409, 2.1344, 2.6826,-2.1971, 1.7719,-3.4169,-2.9080,-4.4347,-1.9985, 0.9055,-4.3086, 2.9720, 1.7422
 2.8526,-3.6049, 2.3397, 2.4410,-0.9692,-2.4476,-0.6103, 0.4634, 3.0356, 0.7618,-1.9099,-1.6061, 3.8243,-0.2817, 0.2373, 1.2295, 3.3307, 3.9551, 0.5001,-0.1514,-4.7914, 4.5687, 2.1335,-0.8910,-1.5034,-1.3455, 1.5270,-0.0077,-1.9255, 2.5413
 0.5673,-0.7399,-0.8531, 2.8942,-2.5822,-0.5223,-3.9617, 2.7441, 1.9776,-3.2919, 2.3220, 3.3125,-2.6881,-2.6127,-0.1080, 0.5356, 0.4246, 1.3014,-4.7034,-1.6339,-0.0101,-2.7087,-3.3060, 1.1968,-1.9003,-1.7189, 4.0337, 4.8575, 3.4282,-1.2967
-2.8218,-0.0047,-0.3728, 3.7357,-4.8362, 3.0368, 2.2193,-2.0945,-4.3016, 0.5827,-1.6489,-2.8814, 0.6018,-1.6270,-1.4578, 0.4197,-4.5931, 0.0009, 1.4788,-3.4734, 4.2571, 0.7200, 0.1102,-1.4076,-4.4184, 4.5876, 4.2376,-4.6556,-0.2466,-3.0241
 0.0668,-0.5154,-4.5961,-4.6067, 4.4857,-3.7871, 2.5015, 3.4360,-2.2234, 2.3338, 0.0280,-2.9139,-2.4721,-3.8134,-1.1530,-0.8074, 3.6410, 4.0611, 0.7109, 0.3487, 0.5720,-1.0338,-0.4101,-4.8397, 0.7021,-1.5105, 3.2289,-1.1471,-2.2412,-3.4798
 1.1971,-0.8027,-3.4586,-2.6965, 2.1595,-1.8184, 1.2370,-1.4454, 0.7549,-0.3085, 2.9127, 0.9422,-0.1622, 1.6275,-4.1139,-3.5376, 4.5076, 1.2607,-1.6705, 0.2055,-3.9125,-2.7645, 2.1279,-0.0309, 3.9691,-3.8555,-3.7493, 4.1772,-3.3113,-1.7357
 2.9548, 3.5642, 3.6181,-4.3877, 2.4688, 3.1552,-4.3134,-1.5921, 3.6424,-1.9861,-0.0664, 2.2716, 2.9682,-0.2942,-4.0284, 3.2754,-2.7219,-1.6101, 1.0639,-1.2968, 4.6040,-0.0274,-3.3454, 2.8325,-2.4582,-2.9794,-2.7271, 0.1229,-3.3520,-1.0949
 2.4260,-0.3727, 4.8199,-3.5646, 1.0324, 0.2044,-3.6436,-4.1360, 2.0928,-2.0334,-2.5793,-0.0668, 1.2641,-3.0048,-1.7778,-2.3804, 4.1474,-0.0894,-3.0813,-0.4813, 1.6010,-3.4234, 2.8881, 1.3732,-4.0713,-0.5793,-2.9091, 4.9151,-3.3204, 2.1237
-2.4198,-1.6227,-0.2643, 2.5870, 3.3698, 1.4174, 4.7877, 4.9206, 0.6385, 4.2598, 3.0066,-3.1125, 1.9297, 1.3696,-0.8906,-3.1971, 4.9620,-2.7907, 4.6028, 1.3885, 4.6143,-2.2387, 3.7484,-3.9336,-3.8477, 2.5814, 0.7077, 1.5588, 0.6225, 0.6773
-4.9444,-0.2671, 3.3265,-1.3085, 0.2990,-2.8583,-1.1399, 0.7564,-1.7560,-2.9792,-2.0015, 3.4539,-3.4655, 2.6506, 2.7312, 4.0641, 0.3352, 0.5093, 0.7933,-1.4051, 0.7544, 2.2629, 1.6461, 1.2191,-4.2367,-0.2508,-0.1867,-3.8678, 2.8931,-2.7376
 4.3139, 4.5786,-2.1033,-2.8551,-0.5784, 3.4240, 1.3807, 2.4885, 0.4735,-3.4716, 3.6590, 0.4799, 3.1241,-3.9647,-2.8135, 3.0537,-1.1100, 1.7287,-1.4138, 0.8008,-3.1505,-4.0853, 3.7315,-2.8493, 4.4015,-4.5422, 3.4246,-3.6955,-4.4259, 2.1500
-0.0791,-3.3340,-3.6218,-1.9289, 1.8400,-0.3732, 0.2948, 0.2901, 1.7040,-2.5078, 2.5822,-1.9113,-4.7468,-4.9212, 1.4361,-1.4468,-1.9123, 0.9057,-3.9341,-2.7342,-3.1593,-2.3334, 3.5991, 4.4933,-3.9431, 4.5647,-0.1728, 1.9440, 4.2790, 0.5508
-2.6121,-3.5296,-2.8345,-0.1347, 3.5900,-4.4965,-3.1676, 1.7567, 0.2376,-0.9272,-1.7861,-1.0713,-1.2051, 3.0244,-2.3284, 3.3937,-1.5996,-1.0751, 1.7498, 4.5104, 0.5199, 0.0942, 0.0682,-1.8979, 1.2864, 3.8534, 0.3865, 2.6944,-2.1150,-3.2463
-0.0441, 4.1153,-2.4877,-2.6360, 0.8137,-1.3197,-1.0236, 0.9187,-1.4326,-1.4954,-4.1601,-0.0588, 2.7480,-2.5983, 4.8740,-4.0943,-4.9315,-2.1779, 0.1260, 2.3729, 2.0544, 3.6450, 3.4231,-4.3728, 1.4893, 4.0855,-2.5548,-4.0554, 2.4993,-1.9794
-1.3000, 3.8239,-0.2557,-4.8292,-1.4636, 0.7889, 2.5876,-1.1237, 4.3084, 3.5511, 1.9703, 0.8251,-4.7831, 3.4860, 1.8845,-2.6727, 4.5111, 1.6384, 1.8451, 2.5398,-4.8240,-3.3247,-0.9376, 1.8839, 3.3700,-0.5548,-1.9571,-1.9169, 2.4408,-3.1548
 0.2371, 2.5469,-4.4224, 3.2442,-4.5517,-2.3026, 4.1883, 3.1012,-4.5271,-2.7792,-0.9986,-0.0304, 2.3096, 1.9019, 4.9814, 1.5495, 2.3950, 1.2506,-1.9623,-1.4394,-2.8480, 3.7375,-0.6735,-1.7256,-1.6029,-3.9449, 2.3176, 2.0828, 3.0110, 0.3484
-2.2519, 4.5608, 1.6209,-1.6762, 2.8277, 3.8599, 3.4796,-2.1463,-4.3886, 0.1129, 4.0072, 1.0851, 1.3285, 3.2984,-3.2817,-2.3978,-4.0119, 1.6915, 4.7400,-2.4079, 4.7446, 0.3034, 1.4079,-3.4148, 4.7982, 2.5216,-3.2122,-3.6869, 1.4513, 3.8919
-3.8023,-2.3096, 4.5401,-1.5938, 1.8463,-2.3966, 4.1404,-0.1551,-0.7553,-4.9949, 2.4973, 4.6235, 1.7610,-3.5221,-0.1549, 0.8104, 1.6138,-3.5892, 2.3100,-2.9873, 1.6050,-2.5267,-0.4450,-1.3783,-3.9774, 1.5657,-1.0187, 2.4892,-3.5490, 3.2366
-2.9419, 3.1868, 3.0063,-3.5520, 3.7970,-2.8542,-3.2790, 2.5022, 4.7427,-1.5732, 1.4121, 4.1694,-3.0140, 2.7176,-1.0258,-4.0499,-1.7350,-4.3049,-3.3038,-4.0064,-0.9725,-3.2069, 1.0768,-3.2886, 1.8943,-4.2072, 1.6248, 2.6829, 0.1364,-4.2018
 3.5112, 4.9205,-3.9284,-1.4834,-1.0698, 3.7070, 1.3174,-4.0413, 4.2336,-1.3388,-2.2874,-3.0392, 3.4166,-0.9001, 3.7444, 1.7898, 4.0465,-0.3507,-2.6260, 4.5798,-1.9272, 0.9707, 0.7234,-3.0763,-1.5516, 3.1275,-4.8678, 1.2251,-1.6800, 4.4335
-2.3605, 3.7371, 2.6116,-4.1105,-0.5675, 1.9315,-3.4100,-4.0893,-1.5270,-1.2385, 1.9103, 0.6290, 0.4783,-4.8025,-2.2703,-3.1464,-4.5572,-2.3532,-2.7884, 0.2717,-2.9985, 1.5464, 4.0701,-0.2507,-0.8408,-4.1381, 4.3773, 0.0527, 4.7334, 2.8933
-1.0178,-3.3744,-2.4043, 0.0336,-4.1075, 0.3881, 0.2352, 1.4293, 3.4404,-1.8727,-0.6724,-3.2365, 3.3958,-3.9075, 0.9093, 2.7571, 4.7626, 3.3907, 1.9992, 4.0662,-3.4431, 3.3691,-3.7297, 0.5295,-1.5810, 2.9827, 0.8304,-3.3565,-2.6298,-3.4214
 2.9580,-4.5396,-1.9547,-1.4011, 3.6311, 4.4672, 1.1137, 0.6749, 2.1530, 2.5909,-4.9358,-0.1045,-2.7635,-3.2854,-0.0160, 1.0814, 2.3557, 0.9215,-2.4773,-2.9585,-1.3952,-3.4696, 3.6275,-2.9681, 4.5953,-3.6183,-1.3143,-4.6986, 0.2173,-1.8757
