 3.7057,-0.7275, 2.7927, 3.9546,-3.6526,-3.7114,-3.8627, 1.0365, 1.8541, 3.7269,-1.7722,-3.9647, 2.5487, 4.8347,-0.4807, 0.6452, 0.4439, 0.0018,-2.1906,-2.9667,-2.9249, 1.2029,-0.2013, 0.3394,-4.7875,-2.0479, 2.0646,-2.5377,-2.3026, 4.3986, 0.6232,-1.1314, 0.7339,-4.7105,-4.3753, 0.8008,-2.6310, 3.5194, 1.3834,-0.4332
 1.6334,-3.9362,-1.0138,-3.7829,-3.6038, 0.0991, 2.8133,-0.2469,-0.3021,-3.0120,-3.8073, 2.6237,-3.9748, 2.4297,-3.3280,-0.7488, 3.8405,-3.1270,-4.8689,-1.6744, 3.2725,-3.8306,-1.4668, 3.2699, 0.1462,-0.2474,-0.2439,-3.9413,-2.8226,-3.2490,-3.9942,-0.5597, 1.0611,-1.7637,-3.0419,-3.1043,-0.8866, 0.3533, 1.6389, 3.3377
 3.6578,-2.8666,-0.0490,-1.8696, 2.6162, 0.2938,-3.2270,-4.6835,-2.4617,-3.6140, 4.3197, 3.2413,-4.1398, 2.8154, 3.5258,-1.8444, 2.9352, 1.3522,-2.1808, 3.1049, 1.8882, 3.6029,-3.8849,-4.1731,-0.3706,-0.2525, 3.5333, 0.6494,-2.3337,-4.2428,-0.4210, 1.3757,-4.3030, 0.5445, 1.0786,-4.0674,-0.4931, 3.7313, 2.4350,-3.4467
 4.8893, 0.6176,-2.8502, 4.7499, 2.8604, 2.9049,-1.4519,-4.3651,-1.7137,-0.0433, 1.0781,-3.2474, 2.6718, 1.5033, 2.4924,-2.4894, 0.3253,-0.4954,-2.3072,-2.7600,-1.1580, 3.4809, 3.3117, 3.6515,-4.4598,-3.7070, 4.3105,-0.4056, 2.1387,-4.8252,-4.8387,-2.0044, 2.9515,-1.7326,-2.7144,-2.8701, 1.7942, 4.2296,-3.6650, 4.8905
-2.8342,-4.0382,-3.3629, 0.7821, 2.4895, 0.7572, 4.8211,-4.1945, 2.7151,-4.7465, 1.6738, 2.4473,-0.2475, 3.9777, 3.5363, 3.3858, 2.3057, 0.9497, 0.4824, 2.7784,-1.7722, 3.7455,-1.8965, 0.8801, 2.0345,-4.6394, 1.2866,-2.1337,-3.9950, 4.5180, 0.4531, 4.0562,-4.0511, 0.0761,-3.6829,-2.3231,-1.5398, 0.5793, 1.6358, 1.4988
-4.9118,-4.5944,-0.8795,-2.4261,-3.2807, 1.1920,-4.8654, 3.7014,-2.4606, 3.4533, 3.3154,-4.8937,-1.1585, 1.0465, 3.7681, 3.9502,-1.4926, 3.1195,-1.0437,-0.5657, 4.2614,-1.3858,-0.9678,-0.5224,-1.2443,-1.3578,-0.4377, 2.8849,-2.0175, 4.1804, 2.6217, 4.8700,-2.2341, 4.6845,-3.7069, 3.6020, 3.1284,-2.2193,-3.3395, 4.6940
-2.2536,-4.7030, 0.6944, 0.1334, 3.5912, 0.2535, 1.0606, 0.9026, 3.3546,-1.2716, 2.0236,-4.7548, 3.4692, 0.5052, 3.8750, 3.7911, 0.6163, 1.4852, 2.5846,-4.3657, 2.0152,-1.3575, 0.6165, 3.7586,-1.5693,-1.4301, 3.9427,-2.5593,-1.3042,-3.9826, 0.2172, 3.9917,-2.1172, 0.0612, 2.4990, 4.1835,-1.5870,-3.9841, 2.0658,-3.3748
 3.2391, 1.5608,-2.6186, 4.6634, 2.0635,-2.1065,-2.6210,-1.6451, 1.3096,-3.6580,-3.6628,-0.6829, 1.5194, 2.5983,-0.3043,-2.2871, 4.8480, 4.4658,-4.2120,-2.6541,-3.9287, 0.1164, 3.9355,-2.9534, 3.6676, 1.0856, 0.6231, 2.4109,-1.2796, 4.0966,-1.4773,-3.3052,-2.1364,-0.5153, 2.8705,-0.0076,-2.0759, 3.0379,-2.8795,-0.8171
 4.9870, 1.5812, 2.8903, 2.3109, 0.7903,-4.3177,-4.4180, 0.0328,-3.2123, 2.8424, 4.1745,-2.4059, 1.3000, 2.3503, 4.3851,-4.5721,-0.4717, 1.3559, 2.2749,-2.8914, 1.1967, 0.2620, 0.6907,-0.7929,-1.9743, 4.7526,-2.8876, 0.0740, 3.5912, 2.8801,-0.6877,-0.2449,-2.9408,-1.8572, 2.5510, 4.3226, 0.2151, 3.6362,-0.3456,-2.9066
-1.2772, 4.6017,-0.7305, 4.8693, 0.4577, 1.6085, 4.5523,-1.7705,-4.3507, 3.2164,-2.2799, 0.6910, 4.2748, 2.7404,-2.5161,-0.1325, 3.9770, 1.3462, 0.6637, 2.7166, 3.0290,-4.4768, 2.0504, 1.1721, 3.1634,-1.5317, 1.6594,-2.1551,-1.6497, 3.2369, 0.3510,-3.4376, 4.8170, 3.3450, 4.8865, 4.0123, 2.0800,-0.3128,-1.6748, 0.1179
 4.4102, 0.9668,-4.0390,-1.4484,-3.3157,-3.2764,-3.4654,-2.7937, 0.1609, 1.0380, 4.4718, 2.3563, 4.2926,-2.1667,-0.8672,-2.1717,-2.0244,-2.0233,-2.6550,-1.2632, 1.6388, 1.1190,-0.3139,-4.4251, 4.8978,-3.4199,-0.2917,-2.0060,-1.2335, 3.7711, 1.5210,-0.5226, 4.0023, 2.8736, 0.4420, 2.8552, 0.3374, 1.1130, 4.1953,-2.5376
 3.9633,-4.6753,-3.5988, 2.9246,-4.6282, 3.0262,-3.8440,-3.0514,-0.7706,-1.7874, 0.2211,-4.0002, 2.7533, 4.4393,-2.7114, 1.4178, 4.7345,-3.7478, 3.1581, 1.7975,-2.0706, 0.1908,-0.0264, 4.0297, 1.6205,-3.1177, 2.3087, 2.8821, 1.3723,-0.4696,-1.2211, 2.4574,-1.1615, 4.6605,-0.1241, 4.4719, 0.1008, 1.3395, 0.1597, 2.1849
-2.5235,-0.3120,-2.0167, 3.6488,-4.5888, 1.8630, 2.5220, 0.8267, 4.6207,-3.7307,-1.9089, 1.4271, 1.7899, 3.6870, 1.7956,-2.1613, 2.1644, 1.4029, 4.2934,-4.4302,-4.3121, 3.1141, 2.2037, 0.1990, 0.0753, 3.2510,-0.9835,-1.4275,-2.0866, 4.1415, 3.2553, 2.8890,-4.7642, 1.9700, 4.0711,-3.0174,-1.9909, 0.4173, 1.7559,-4.2125
-3.5305,-2.7737,-0.7730, 2.0353, 3.5347,-3.9566,-1.1291,-3.8540,-4.5592, 4.9004, 1.4957, 1.3368, 1.4623,-3.4533,-1.2075,-2.7663,-1.2676, 3.8903,-1.7105, 0.9235,-1.2852, 0.8774,-2.2962,-2.9807, 2.9269,-3.9254, 1.0178, 2.9846,-2.0664,-0.7561,-3.4411,-3.9325, 4.7903, 2.9422,-0.9780,-0.4285,-2.5103, 3.4100, 2.1963, 2.7076
-0.2411, 4.6766,-1.9392,-4.7030, 1.1622,-0.9245,-3.0103, 4.2364,-3.8658,-3.1287,-2.0395,-1.7960, 4.8640, 3.6694, 4.9044, 3.9878, 1.6159,-4.7509,-4.6236,-1.5475, 4.3222, 0.7981, 3.5108,-4.2584,-4.7598, 0.9371,-1.5660, 2.2241, 0.4178, 2.5361, 3.4613, 1.6625,-1.3093, 3.2435,-4.3970,-3.8592,-3.0219, 0.2865,-2.8674,-2.7591
 2.9720, 1.9971,-4.3767,-4.0991, 4.8527,-2.7182, 0.5304,-4.1081,-1.0963, 1.9063, 4.9662,-4.3583,-4.1114, 0.5208, 3.4668,-2.1781, 0.5530, 3.9922, 0.5658,-3.8773,-1.4081, 4.9089, 2.0844, 2.6644,-1.2953,-2.8361,-2.4485, 0.9570,-2.3122, 3.4804,-4.2301, 4.6510,-2.6907,-2.2145,-3.8248,-2.1417,-2.1231,-2.8999,-4.3537,-4.4134
-2.9412,-2.8295, 0.0441, 3.4416,-1.1209, 4.8424, 4.9229, 4.9997,-0.6341,-0.7686, 4.5099, 3.6330, 0.9620,-3.2759,-1.4700,-0.7667,-0.3403,-4.2726,-4.2696,-1.1995, 0.8273,-3.9355, 3.1017,-4.0111, 1.6533, 2.5315,-4.8399,-2.5248, 0.5244, 0.7598,-1.4581,-1.6829, 2.4232,-3.7246, 0.4927, 2.3849,-1.8451, 0.3130,-4.1949,-2.4064
 3.7452, 0.2940, 0.8512, 2.5500, 3.6454, 3.9686, 2.1334,-1.3483, 1.4140,-4.6577,-3.0745,-3.2951,-1.0159, 0.7296,-2.4980, 1.9640,-4.1377,-2.5846,-4.4496,-4.5345, 3.8872, 4.9859, 3.5459,-1.1524,-4.5599, 1.4327,-4.4846,-3.8069,-1.6709,-4.5743, 0.7017,-4.8644, 3.9492, 1.1312,-0.6743, 4.5230, 0.1155,-3.3882, 3.1806,-2.9869
 3.5774,-0.3890,-2.4135, 2.4141,-3.8527,-0.2437, 1.0494, 0.1180, 3.4881,-3.9684, 1.4638, 4.7447, 0.6377,-2.3375, 1.8127,-4.0486,-1.8120,-0.7749, 0.5104,-3.9349, 1.0823,-1.1527, 2.9057, 1.9889, 2.6397, 1.0812,-4.5255, 3.0734,-1.1013, 4.2527, 0.1937, 0.0065,-1.2474,-3.5322,-4.0745, 4.4183,-2.3397,-0.1395,-0.5196,-3.4473
 3.1051, 4.9465,-1.7382,-1.8920, 0.1930, 2.7832,-0.7227,-3.2883, 3.4302, 4.9648, 0.3611, 2.0950, 0.7169,-4.3569,-0.0286, 4.4740,-4.3431,-4.8934, 1.9709, 1.0778,-3.9193, 1.2148, 2.0687, 2.9648, 1.1665,-2.2381, 0.6474,-0.6824,-0.5524,-2.7091,-1.5426, 1.2377,-1.1268, 2.9891,-1.4282, 3.2735, 3.7153, 2.9995, 2.3426,-2.4552
-0.6979,-1.5281, 3.9432,-0.2396,-4.5477,-0.9624,-4.2252,-3.6521, 3.3076, 0.2502,-0.0824,-0.3446,-1.1991,-1.9778,-0.8998, 1.4374,-4.2869, 3.1978, 0.4515, 2.9931, 0.8078, 3.1662, 2.2532,-0.6603, 2.6002, 0.4870, 4.6292, 2.5180, 2.0822,-1.4756, 1.7563,-2.0382,-2.6405, 4.8971, 2.3878, 1.3358, 1.2491, 1.1667,-0.1458, 2.6887
 3.2474, 4.3802, 0.7417, 1.3527, 2.3105,-1.0901, 4.1028,-1.7699,-4.2839,-2.8297, 4.7666,-4.3450,-1.9172, 4.6514, 1.8862,-4.6752,-2.4906, 3.8966, 3.7970, 4.1773, 2.0671,-4.6170, 2.7989, 4.6460,-4.6390,-2.9519, 4.4219, 3.9147, 3.8076, 3.0267, 4.1188,-3.6109,-1.1023,-3.5248,-3.6456, 0.9427, 3.4414,-1.7919, 1.9941, 2.1721
-3.5631,-4.6393, 2.2360, 4.2729,-0.5331, 3.7014,-0.2679,-4.6955,-1.1592, 2.0313, 0.4454, 4.7442, 3.1132, 1.8465, 1.9088, 1.4932, 0.2037, 2.0419, 0.0075, 4.0779, 2.0471,-0.6127,-2.1752, 4.2809,-1.6547, 1.5814,-3.4220,-4.8922, 0.2849, 3.1112, 2.6093, 4.7038, 4.9345,-1.3388, 0.4650, 4.7451,-0.1941, 1.3209, 1.9474, 0.1667
 2.3364,-4.4340, 0.0975,-0.0725,-0.8599,-0.9207,-2.5783, 0.3756, 2.7680, 2.0605,-2.0316, 3.1484, 0.8135, 2.9483,-2.4559,-2.0342,-1.7411,-4.1217,-0.4633,-3.1932,-4.6196,-4.5104,-0.4789,-1.6386,-0.7634, 4.7149,-3.4267,-0.7523, 0.2836,-3.1111,-0.6339, 1.2883, 4.5732,-3.9534,-3.2678, 1.1164,-0.0267,-1.7917,-3.4950,-3.1693
 0.8092, 2.4753,-0.9066, 4.9812, 3.4672,-3.5094,-0.7772,-2.7807, 4.5821,-1.2157,-1.5806,-0.0129, 4.6325, 4.0200, 0.5608, 2.0210, 2.0041, 0.0723, 2.6346,-2.4673, 0.5297,-4.0762,-1.5146, 1.3406, 3.9361,-1.0722,-1.9576,-1.3738,-3.0269, 4.2687,-2.2997,-0.7120, 4.8018, 3.2686, 4.4394,-0.9124,-0.5109, 3.8216,-4.3880,-3.7599
 0.7389, 3.0537, 3.4548,-3.2846,-3.8279,-2.7025, 4.7741, 2.2865, 4.8371, 1.7965, 4.4852,-4.0851, 4.6863, 0.1804,-4.7703, 2.0322,-0.9127,-3.9124, 1.9946,-4.2054, 4.9109, 0.6121,-4.3145,-0.5391,-2.3553,-4.4116,-2.5004, 4.2658, 1.3780, 2.3042, 0.6118, 4.7885,-4.2791, 0.7247, 4.2944,-3.6693, 3.9280,-1.2196,-4.6359,-4.2410
-3.5002,-4.4082, 2.3872, 4.5059, 0.2869,-4.6201, 0.2111,-1.5682,-2.9366, 4.1111, 4.0104, 1.8820, 0.7222, 0.6529, 3.6163, 1.5935, 1.3055,-2.3140, 2.4699,-4.0357, 1.4423, 1.4160,-0.1821, 4.1523, 2.0278, 0.6695, 0.7951,-2.0622, 3.3368, 3.2410,-0.2873, 3.5578, 1.0647,-3.8427, 2.5193,-4.6521, 1.0457,-1.0280, 1.1005,-4.6457
 1.1017, 0.4675,-0.4592,-4.3571, 1.8947, 2.7301, 3.0048,-0.9826,-4.2461,-2.4171, 4.1378, 1.4296, 1.2823, 0.3092,-0.7737,-3.5391, 0.6078,-2.0387, 0.0867, 1.6504,-1.0801,-3.4458, 2.2832, 1.2119,-0.4407, 4.7799,-2.0993,-0.4237, 3.3878, 2.4460, 0.6014,-4.9749, 0.0734, 1.5736, 2.2815, 2.9291, 1.6733, 0.8019,-4.9949, 0.3486
-0.5989,-2.3377,-2.4563,-3.8466,-1.3401,-2.9046,-4.0308, 1.3234,-2.9202, 3.4737,-3.1145,-2.2439,-3.3001, 2.3160, 4.5607,-2.1536, 1.9739, 0.4416, 4.9259,-4.5761, 1.4068,-2.2935, 2.9442, 4.5179,-1.8950,-1.5207, 2.6992, 0.0425, 0.6455,-0.9291,-4.6185,-1.4075,-1.6793, 1.3280, 2.6296, 4.8758,-0.7192, 2.6554, 0.3364,-3.8599
 0.3877,-0.7396,-1.6421,-3.1808,-4.6180, 1.8910,-2.3316,-0.0150,-2.7286, 2.7281, 2.6124, 4.0966, 2.2332,-4.5906, 2.9383,-3.6545, 2.6268, 2.0963, 0.9665, 3.4960,-4.9085, 1.9605, 1.7323,-4.6230,-0.8335,-0.4528, 2.8944,-3.2943, 4.3517,-4.3348,-4.2371,-4.6939, 1.2737,-2.0710,-3.0412, 0.4318, 4.9537, 3.9294,-1.1166,-4.7260
-4.2082, 1.7810, 4.6282,-3.3147,-1.2277,-4.0621, 0.6981,-3.4678, 2.2068, 3.1353,-1.9144,-1.7904, 2.3677,-4.3927, 2.0308,-0.5156, 4.0793, 3.0370, 0.3576, 3.1147, 0.6271,-3.8664, 2.1014,-2.5498, 1.8291, 0.0671, 2.5999,-4.0891,-1.7668, 2.9619,-2.5040, 1.7558, 2.4710,-2.2972,-1.9917,-1.3682,-1.4081,-0.0528,-2.8842,-3.1012
 3.7893,-4.2565,-4.4058, 3.2950,-4.6385, 4.0270, 3.6303,-2.3824,-0.1330,-3.4754,-3.4074,-0.5392,-2.8613, 0.8897, 3.8846, 1.4244, 3.0312, 1.4283, 4.9020,-0.7760,-2.2286,-2.5272, 1.8847, 4.3220, 3.9831, 4.7206, 4.0340, 3.2079,-0.6746,-0.4553,-3.3903, 3.9184,-0.7991,-1.3994, 0.8398,-2.4380, 0.6437,-4.6751,-1.0467,-1.4812
-2.4865,-1.4521,-4.0903, 1.9301, 0.3035, 0.7228, 1.4528, 0.0146, 0.0459, 2.1834, 3.2101,-0.1922,-1.9094, 2.3007, 2.1101,-4.9814,-2.1539,-4.9827, 2.0212,-3.4254,-4.9233, 4.1809,-4.1904,-3.6440, 1.3784,-2.7733, 2.9832, 0.3452,-2.1631, 0.3301,-4.6220,-4.9468, 3.1999, 1.3201,-4.1736,-4.0979, 3.5663,-0.3392,-1.9971,-3.7680
 1.2777, 4.8367,-2.4504, 1.0051, 0.0259, 0.6428, 1.9522,-3.5619,-4.9423,-1.1601,-0.5540, 2.3495,-2.5653,-3.9013,-3.2919,-1.9444, 4.8177, 3.6468,-2.3246,-0.8413, 1.2041,-2.4385,-1.3511, 4.0389,-2.2512,-1.2237, 1.9306,-2.4802, 4.5588, 4.5944,-4.6423,-0.5007, 1.1360,-2.0850, 0.3383,-4.9039, 0.4591, 2.4421,-3.4520,-0.8289
-3.5152, 4.0584,-3.6272, 0.0783, 1.8746,-2.1737,-2.3793,-0.8256, 1.8007, 4.2899, 2.9540,-0.1363,-0.5149, 4.3840, 0.8974,-3.3093, 1.5505,-2.4327,-3.5571,-0.6643, 4.2322,-4.9850,-1.2170, 3.7666,-1.4183, 2.4585,-0.0773, 3.6588, 1.8810,-0.8325,-2.5172,-2.8197, 3.2469,-3.4757,-3.8651, 0.9969, 1.0305,-0.1313,-4.8803, 2.2079
 3.3371, 1.0112,-0.0439,-4.6171,-4.5328, 2.2532, 0.3506, 1.6460, 0.4788, 4.2911,-2.1003,-2.5361, 4.9913, 2.6582,-0.8488, 4.0894,-4.8710, 0.1074,-0.5590,-0.4885,-3.5727, 0.1443,-1.0564,-0.8132, 0.9365,-2.4870,-1.7243,-0.4539,-3.9387,-3.1731,-2.0228,-1.2211, 3.5019, 0.3608,-1.5494,-4.1419, 1.6595, 0.7453,-4.0016,-1.9786
-0.3179, 3.3691,-2.3972,-1.9858, 0.3699, 2.4950,-2.5514, 2.0677,-2.5025, 2.9458, 1.2344,-4.4766, 2.0938,-3.1539,-3.7775,-4.4574,-3.1542, 4.6592, 1.4148, 4.1916,-0.6391, 1.3500,-1.0779, 0.4438,-2.4119,-1.8868, 2.1362,-0.0188,-1.9376,-2.2668, 1.7876, 3.2216,-2.1644,-3.9414,-4.4157,-1.7030, 2.2819,-3.3741,-0.6434, 3.9800
 1.6797,-4.1440,-1.1669, 2.2859,-1.2456,-3.3123, 2.8995, 3.5454, 4.5231, 4.7357, 3.8672,-3.7812,-3.8932,-3.6385, 4.6651,-2.9161, 4.8219, 0.3819,-2.7010, 3.5020,-2.2855, 1.2654,-2.6381, 4.9643,-2.5004, 2.3275,-1.1833, 0.8362, 1.7090,-1.9223,-3.6663, 1.5124, 0.8815, 4.9321, 4.1596, 1.1749,-3.9691, 1.5222,-2.0343, 3.8192
-2.5793, 1.2567,-2.7354, 4.2449, 0.5516,-0.9730,-2.9618,-2.6707, 2.5252,-0.4683,-1.2310,-1.7039, 4.9572,-3.4986,-1.0059, 0.4376,-1.0193,-4.1362, 2.2830,-4.5047,-0.9359, 2.4730,-3.2172,-4.8614, 1.6263, 2.2801, 0.9094,-1.0329,-4.6720,-1.7552,-1.7326,-4.0051, 3.5042, 3.8614,-4.2874, 0.6486, 1.8063, 4.5489,-0.6422, 0.8565
 1.6425, 0.4499,-0.9024, 0.5315,-1.6160, 1.7957, 1.7702,-3.5762, 3.9669, 0.3464, 2.1859, 0.1886,-1.6088,-4.4468,-4.4965,-0.2740, 3.4821,-3.7862, 3.2765, 4.1322,-0.5989, 3.6317,-3.2426, 1.0990, 2.2208,-2.1578,-4.8773,-1.0532,-1.8032,-4.5740,-2.7339, 1.6902,-4.7773,-3.4108, 1.3560, 0.0045, 0.3724, 4.3254,-1.2808, 2.4790
 0.1643, 1.9478, 1.9275,-4.0934,-3.0589,-2.8568, 0.3815,-2.8272, 1.0792, 1.2065,-3.0902,-3.1344,-4.9971, 1.2637,-3.9958,-3.0038,-0.9516,-0.8458, 4.8609, 0.7047,-2.3654,-3.2106,-1.1189, 3.7889,-2.6297,-4.4751,-1.6436, 2.8559,-4.9057, 4.1054, 4.7900,-4.8203, 3.4606, 4.5699, 4.6727,-4.8615,-0.6236, 3.8694, 0.7173, 4.2264
-1.4467, 1.2949, 2.0559,-2.6753, 4.4742, 1.9664, 1.4655, 0.0117,-0.4598,-4.2709,-2.4297,-0.9137, 4.4599, 2.6647, 2.4437, 2.3264,-1.9815, 2.5178,-3.5483,-1.7135, 3.1640, 4.6440,-0.4272,-3.1819, 0.1702,-2.7933,-0.6733, 2.4623,-1.9715,-2.4265,-0.9304,-3.2410,-1.8416, 2.9958,-3.0678, 1.0217,-1.5747, 2.2292,-2.6914, 2.1842
-4.0034,-1.6434, 0.5913, 2.6808, 1.0522, 2.3025,-3.1232,-2.2102, 1.8205,-0.0648,-3.1888, 2.6616, 2.0074, 3.0629,-4.1326,-3.0490, 2.5087, 0.6735,-4.8459, 0.6095,-1.4529, 1.2477,-1.1565, 4.3666, 3.2765, 2.8253, 3.1852, 0.3833, 3.6696, 3.2386,-1.9396, 3.3007, 0.6498,-4.9856,-4.0209, 3.4543,-1.1894,-1.8841, 3.1395,-2.4988
-0.3230,-4.2752, 3.3014, 2.3442,-1.2046,-0.4446, 4.2443,-2.5253, 4.3783, 2.1783,-2.7881,-1.9494,-3.3037, 3.4729, 3.2491, 3.3599, 3.5040,-4.3117, 3.6486,-4.9019, 3.5891, 2.6810,-4.6242, 1.5592,-0.2812, 4.2453, 1.9151,-0.4626, 2.5873, 3.2864, 2.7507, 4.2016,-0.8040, 3.0493, 4.2547,-3.1637,-0.8579,-4.3344, 0.3743, 4.4686
 2.3567,-4.6506, 3.1411, 0.8247,-3.9639, 3.2571,-4.3211,-2.2471, 3.6631, 2.1137, 3.2394,-0.3238,-4.3362, 3.8874, 2.1631, 3.7360,-1.5599,-4.7052, 1.3765,-2.3991, 3.5990, 1.4976, 3.6243, 0.3492, 2.4947,-0.9220,-4.2004, 0.5194, 3.6655, 1.2451,-3.4438,-0.2636,-0.0306, 2.0873,-3.9312, 3.3971, 4.3013,-3.6885,-0.1485, 2.4822
 1.5960, 3.8130,-1.6634, 1.4785, 0.4026, 0.2921,-0.4012, 2.3792,-3.3335, 1.9828, 1.2247,-3.9724, 0.9875,-2.2099, 1.7810, 1.4079, 1.2635, 3.0548,-1.6563,-3.8871,-0.2559,-0.9418, 1.0080,-2.9943, 2.0542, 0.4888, 0.8491,-3.5870,-4.8346, 3.3619, 1.2205,-2.9000, 3.9489,-1.8890, 1.2871, 4.4339, 1.4532, 2.5432, 4.1541,-4.4400
-3.1822,-2.5050,-1.7745, 1.5762, 1.8151,-2.1170, 0.0761,-1.4665, 0.2919,-2.0017,-4.5583,-0.2239, 1.6965, 4.3787, 3.2891,-0.3909, 0.3984,-0.4096,-1.6067,-1.3833,-3.3064, 2.5832, 2.0109,-4.0211,-3.4346,-3.8270,-0.6413,-4.6830,-3.9347,-0.7441,-0.1642,-3.6979, 3.8497,-3.0729,-2.1527, 3.0322,-0.6691, 0.7124,-4.9665,-2.5649
 3.4498,-0.6644,-4.5330, 3.5412, 3.6258, 4.1186, 0.0519,-3.1408, 1.8327,-1.5146, 0.6106,-2.9477, 1.9717, 2.6615, 2.4342, 2.0769, 4.2019, 4.1321,-1.5024, 2.7828, 1.3243, 0.2064,-3.3429, 2.0061, 2.1359, 1.0048, 2.9895,-0.2330, 3.8299, 2.2215,-3.7562,-0.9872,-1.9026, 4.1595,-4.5587,-1.8440,-4.3235,-0.5520,-2.0470, 0.3999
-3.8898,-2.7163,-3.1049, 0.9974,-2.7158,-1.5164,-1.3377, 3.5642,-2.5515, 2.6043, 4.7177,-4.6157,-1.0426, 4.9707, 4.8227, 4.0916, 3.6492,-1.8642, 0.4758, 0.5348,-4.6732, 2.1361, 4.6267,-2.0215,-3.3073,-2.5675, 3.1257,-4.5147, 2.4207, 3.8015,-0.5939, 0.3887, 2.0079, 0.5543,-1.5463,-0.6401, 0.7292,-4.9554, 1.4913,-4.6401
 1.1593, 4.9453, 2.7826,-4.6014, 3.3433, 2.1279,-1.4435, 4.8164,-4.9222,-2.0793, 3.5838, 2.3072, 3.4104, 3.2680,-4.8054, 2.8725,-2.2585, 2.5349, 1.9463,-3.0345,-2.8562,-1.8771, 0.8009, 2.7264,-1.7491, 0.6676, 4.4386,-4.7266,-0.5166,-0.6714,-2.4152,-2.7559,-1.7581, 0.4674,-4.7154,-1.6981,-0.2065,-3.6751,-0.6371, 2.5162
-1.7616,-3.4918, 1.5485,-4.9818, 2.0919,-3.8142,-3.7862,-2.1820, 3.3811,-1.5150,-0.1809, 1.8077,-0.8710,-1.9458,-1.4063,-1.7721, 0.2051,-4.7968, 3.6289,-4.4360, 2.0928,-4.8778, 3.5741,-0.8793,-4.8833, 3.6448, 2.9348,-2.1107,-3.0846,-1.7467,-2.7938,-0.2527,-0.8012,-0.2373, 3.4053, 3.7605, 4.8429, 3.8022,-4.4403, 3.4369
-3.4748,-0.8383,-1.9220, 2.4739, 1.6748,-3.5688, 4.8556,-0.9900, 4.6689,-3.5517, 4.3902, 0.7761, 4.5564,-0.3823,-3.9971, 4.1518,-4.6942,-0.4478,-0.9286,-0.9954, 3.8865,-2.0117,-1.3388, 4.9405, 4.8454, 1.9591, 4.4389, 2.1664,-2.1726,-4.6339,-0.2870,-1.0951,-2.1928,-4.0271, 3.3031,-2.9620,-0.7439, 1.9953, 3.4213,-4.4878
 4.3868, 2.4062, 4.5618, 0.6778,-4.7073,-1.9978,-0.3846,-4.0383,-1.5655, 3.3549,-2.3077, 4.4360, 3.2066, 3.8706,-4.0381,-3.3446,-4.1047, 1.7045,-4.4466, 3.8456, 2.1069, 1.6691,-1.8312, 0.1703, 0.7211, 4.7754,-4.3430, 3.6741,-1.9413, 1.9738,-3.2544, 4.9284, 4.0453, 1.0675, 0.4535, 1.6232,-1.1397, 4.9342,-2.2141, 4.2331
 1.4412,-2.4144, 3.3269,-4.2117, 3.6657, 2.0417,-1.4505, 4.5927, 0.9440,-1.6580,-1.4100,-4.7971, 3.4499, 1.9989,-2.7755,-1.7526,-0.6340,-2.1626,-1.5260,-4.6759,-3.9306,-4.9475,-1.6381,-1.9581, 3.7380,-0.0288, 0.9109, 1.4786, 1.7244,-2.1122, 4.5524, 3.5686, 3.9752, 3.6699, 3.5884, 1.4621,-3.5067,-0.7768,-4.2958, 2.6749
-3.4802,-2.7538, 1.5297,-1.3776, 1.2368, 3.1405, 2.4203, 3.0190,-0.6670, 2.2803, 2.5939,-4.7165, 4.7853,-4.7900,-4.5751,-1.4507,-3.3808,-3.8440, 0.0201,-2.0058, 2.0837,-3.6958, 3.4847,-0.0922, 0.7001,-4.3282, 0.6513,-3.1768, 3.0733,-1.0442, 0.0862, 3.5092, 3.4685,-2.1117, 1.5463,-1.0206, 2.3460,-0.7037, 0.1539,-2.7889
-0.2892, 3.9150,-2.8099, 4.6630,-0.2656,-0.2442,-3.8552,-2.7378,-1.2669,-0.2688, 3.7741, 4.5296, 4.2651, 0.8090,-3.3612,-1.0590, 4.7725, 3.9398, 4.4692, 1.6625, 3.2324, 0.8644,-0.2532, 3.5578,-2.3938,-2.9752, 4.1058, 0.7022,-1.4321, 2.1682,-3.6209,-1.7382, 3.7284, 4.7289,-4.8414,-2.6035, 2.4290,-1.9065, 0.3593,-4.9483
-3.1930, 1.5035,-2.9045,-0.5837, 4.8721, 1.7214, 4.8734,-0.7819,-1.1325, 3.8791,-2.2980,-3.5267, 2.9322,-0.7384,-1.0302, 4.9020,-2.6933, 0.8346, 3.3202,-3.0095,-1.3005,-0.1082, 2.1480, 3.1181, 2.7795, 3.5461,-0.7722, 1.1135, 1.5104,-4.8221,-4.3003,-0.4023, 3.6473,-0.9535, 4.7079, 0.3229, 4.1994,-4.8939, 3.6126, 2.9143
 3.7168,-4.5431,-0.3387, 3.5659, 2.1168,-2.1768,-3.8166, 3.8654, 0.5756, 1.3856,-2.6654, 0.7074, 0.6743,-0.3583,-3.8449, 3.2126, 1.4956,-4.5418,-0.7172, 0.6928,-1.2906, 3.3543, 1.4736, 2.4058,-0.8522, 0.7176, 3.1201,-3.5252,-2.0931,-3.1869, 0.7710, 2.3192,-2.4129, 2.8192,-0.3404,-0.8829,-1.9553,-4.2268, 1.4494,-2.4955
 3.3388, 4.6682,-3.8710,-3.7383, 1.7535, 0.4241, 2.0966,-0.9570,-2.2975, 1.6771,-0.6484,-4.1460,-3.7294,-1.0359,-3.8369, 4.6857, 4.0239,-1.0458,-2.0060,-3.1493,-3.0253, 3.9812,-1.2586, 0.4280,-3.8141,-3.0685,-3.4482, 3.5019,-2.0036, 2.4622,-2.1852,-4.8556,-1.0900, 1.2066, 4.4818, 3.2277,-1.9388, 2.2768, 4.0728, 4.5666
-0.3512,-3.6865,-2.7737,-4.6319,-4.1522,-2.6208,-4.9836,-4.1647, 2.7934,-4.4146, 3.6623, 1.2038,-3.7120,-1.1964,-3.4040, 2.2585,-0.0819,-2.2870, 1.9371,-1.0604,-3.6356,-3.2445, 4.0080, 2.2458,-2.6077, 4.8477, 0.7753, 1.3923,-1.6469, 2.6428,-0.4533,-4.1365, 1.6568,-1.7605, 2.0020,-4.5936,-0.9500,-2.6794, 2.9428,-0.5044
 1.4573, 1.4163, 1.0140, 2.1603,-3.5412, 1.3395, 0.5394,-4.7882,-3.7974,-2.9586, 2.6542,-1.8109,-2.5419, 1.0602,-2.1194, 1.5550,-1.9621,-1.5682, 2.6714,-4.1579,-1.2967, 0.3708,-1.8690,-1.8436, 2.1120,-1.3802,-0.3113, 3.0592, 4.0784, 1.5113,-1.9452, 3.9291,-3.5663,-2.2528, 2.2616, 1.9006,-3.8292, 3.4337,-3.0704, 1.2652
 1.7535,-0.8555,-3.4798,-4.7105,-4.1095, 2.2545, 0.0644,-1.9549,-0.6690, 4.5686, 4.4371, 0.0964,-2.2610, 2.9726, 3.9225, 2.2481, 0.7929, 1.2823, 1.4499,-2.0539, 0.1213, 0.2197, 0.3592, 1.5670,-4.9427,-3.4244, 0.1819, 0.0941,-3.4022,-4.5709, 0.8076,-2.2584,-2.8461,-0.3112,-0.5630, 2.6836,-3.8162,-2.4462,-0.5700,-3.4399
-4.1470, 1.7418,-3.8635, 3.1805,-4.3265,-1.4508, 2.8577,-1.4143,-0.7199, 1.4916,-0.2457,-4.7509,-2.5260,-2.2041, 2.6578, 0.1895,-0.2613, 3.2884, 0.5128,-2.5875,-2.3070,-4.5749,-0.7541,-4.9422,-1.2204,-3.4132,-3.7011,-0.3525,-2.4906, 3.2069, 1.6300,-4.1448,-2.6363, 4.8099,-2.0722, 0.4693, 3.3049, 0.5953, 4.6210,-0.7507
-4.5515,-4.3848, 2.1616, 0.8731, 2.5115,-2.8031,-0.3646,-4.8509,-3.1724,-1.0762, 0.3778, 2.6620, 0.7033, 4.1009, 1.7725,-4.8895,-3.5877,-1.6130,-3.8205,-2.0638, 2.2948,-4.9169, 0.5833, 3.3789, 2.0734, 1.5589,-1.3226,-4.8718,-1.1941, 1.1585, 0.8855, 2.0861,-3.1004,-1.7139, 4.4750,-4.8988,-0.7091,-3.3065, 0.5608,-4.4883
-4.6043,-3.5696,-0.9014,-3.5380, 0.0302, 4.6064,-0.6876,-1.7250, 1.0307,-1.4577,-0.0700,-1.6608, 1.9483, 1.1658, 4.9674,-0.0429,-2.2715,-4.6558, 3.9553, 2.0603, 1.3911, 0.8128, 2.4312,-3.9227,-2.1259, 1.9953,-1.2795, 2.1309,-2.8809, 2.9821, 0.9597,-2.2177,-0.5236, 0.0704, 1.6748,-1.5004, 3.7352,-2.6403,-3.7570,-0.5037
-0.2629,-1.1331,-4.9536, 4.1923, 4.7171, 3.0827,-3.6401, 4.4932,-2.7497, 2.4886, 1.6499, 0.1310, 3.5752,-4.6891,-4.9074, 2.6931,-4.7996,-4.3802,-0.0078, 2.9137,-2.4187,-2.3637, 1.1395, 3.8978, 0.5643,-0.5183, 1.6707,-4.0520, 4.2332, 4.7157,-4.0298,-2.1773, 0.4627,-3.0509, 2.1026, 1.5721,-0.0317,-3.4166, 4.2898,-2.6804
 4.8702,-4.3198, 1.7264,-4.6545,-4.6899,-1.6093, 2.1864, 2.2231,-3.5684, 4.4350, 0.2935, 0.2071,-1.8610, 4.1442, 1.6274, 2.1913,-1.8339,-3.7954, 2.3959, 4.7361,-1.4411,-3.0626,-4.7943, 1.2317, 1.3408, 2.8412,-4.3525,-3.3743, 2.6161,-4.0504, 0.5540, 2.1035,-0.5926, 1.8371,-1.6151,-1.8992,-3.7566, 3.9987,-0.3174, 0.0372
 4.6674,-4.3409,-0.1628, 1.9717,-3.6486,-0.7901,-4.4941,-3.4909,-4.8326,-1.4972, 2.4712,-3.6789, 3.3754,-3.0542, 1.0222, 3.2213,-0.2212,-2.9148,-3.4526, 0.7553,-0.8569, 4.1868,-3.9983, 0.9942, 4.8259,-4.6880, 0.8796, 1.7988,-3.9807,-0.0868,-0.5848,-0.9204,-0.1808,-3.9967,-0.2659, 2.7352,-2.9213,-3.7090, 2.6205,-0.4573
-0.2056,-3.6424,-4.3354,-2.4065, 2.6705, 3.5404,-0.7661,-2.1608,-3.9314, 3.9895,-2.9561, 3.8773, 3.8376, 1.6224,-2.8803, 1.6746, 3.4675, 3.3416,-3.1157,-4.6109,-1.9105, 2.5160, 2.5841, 1.3869, 2.1555, 1.4017, 0.4749, 4.7390,-3.1574,-4.0731,-2.2733, 2.3567, 2.1830,-3.1049, 2.0494,-2.4417, 2.8494,-2.0872,-4.6357,-3.9528
-1.9887,-3.6247,-1.5180,-4.0449,-3.5070,-3.2534, 4.3924, 2.0566,-4.2006, 3.9887, 4.5117, 3.1746, 3.0653, 0.1186,-4.3096,-2.3947, 1.1346, 3.3945,-3.3043,-2.2868, 0.8059,-0.8950, 2.7342, 3.4069,-4.4287,-2.1022,-2.3334,-3.2505, 0.8536,-2.9390,-2.1203, 2.2338,-3.2030,-1.8977, 2.5087,-2.8899,-4.8685,-3.5984,-3.2263,-4.2828
-1.9644,-0.6965, 4.4960,-2.9674,-2.3968, 1.4023,-0.6230,-0.4314, 0.6052,-0.1035,-0.6689,-0.8605,-3.3496, 2.7805,-3.6959,-4.0829, 3.5144,-3.9159, 0.6321,-1.1659, 3.7984,-2.2477,-0.5912,-0.6819, 3.8789, 0.7024, 1.9290, 4.3354,-3.3023, 2.8623,-0.8428,-3.2665,-0.0838, 2.9392,-3.9639, 2.5037,-2.2926, 3.0185, 4.9206, 0.5154
 1.1801,-4.4690,-4.0056, 0.1727, 4.2072, 3.2827,-2.8314,-0.3374, 4.5720, 3.2237, 3.0026, 2.9877, 4.8618,-1.7074, 0.7666,-4.9735,-1.3462, 1.0574, 2.8403,-2.0680,-1.6589, 3.6643, 2.7686, 4.4278, 0.9229,-3.0673, 1.7705,-3.3012,-0.5930,-4.9487, 2.8382,-1.4279, 0.2376, 2.0142,-1.7021, 1.9652, 0.8438,-0.4946,-0.7841, 0.0782
-4.6605, 4.4764,-3.5567, 3.1096,-3.3440, 4.3779, 0.4131, 2.7952,-1.8834,-4.3134, 2.4083, 2.0230, 3.1194,-4.7284,-0.3713,-2.9403,-3.6025, 3.3069,-3.7528, 3.7712,-4.6774, 2.0281, 3.4691, 3.6892,-1.5629, 4.2302,-1.5123,-3.0894,-3.4537,-4.6101,-1.0823, 0.2674,-4.0004,-1.2026, 3.0369, 1.5993, 2.2556,-0.1245,-2.0877, 3.7878
-2.4474,-3.7508, 0.0666,-4.9446,-1.7672, 1.4608, 0.9507,-4.1415,-2.3071, 2.4469,-2.1038, 2.5424,-4.8624, 3.8792, 3.3058, 2.0135,-1.8655, 0.8239,-0.0010, 3.9324,-3.5862,-2.4128, 0.2658,-1.0553,-3.9735,-3.2106,-4.6777,-1.1593, 0.3261, 0.9542, 0.1110, 2.9598, 0.9715,-0.9461, 1.9569, 3.6293, 3.5179,-3.8854, 0.5962,-2.0025
-4.3244,-4.4537, 2.1186, 2.9332,-0.4358, 0.1009, 2.8406, 3.3107, 0.9627, 3.6388, 2.8801,-0.9696, 3.6919, 1.3958, 1.1172, 4.9348, 4.6368, 0.1513,-2.7594, 1.6354, 1.1396, 3.5351, 1.3577, 4.2385, 3.1111,-2.9024, 3.7673,-0.3348,-4.9313,-0.5624,-1.1860,-4.9074,-1.9584,-2.8783, 3.1513, 2.8463,-4.9352,-1.5305,-0.7937,-0.6381
-1.6191,-3.1862, 3.6163, 2.7514, 1.5636, 2.8843,-3.8402, 0.8086, 0.2873,-0.7986, 1.2243,-3.8766, 4.3568, 2.2531, 3.3390,-3.5235,-3.2043,-4.3784,-4.0278, 1.9248, 0.4774,-4.1420, 3.0573, 1.3248,-4.1655,-0.7988,-0.6413, 0.3149,-1.4220,-0.1398,-0.2598, 2.8079, 1.3161, 3.6607,-3.1687, 3.0247,-3.3073,-0.0763,-2.7129, 2.6771
 1.1699,-2.0713,-4.7853,-3.3320,-1.5681, 1.7528, 3.0696,-2.4153, 0.5381, 3.8191,-0.5866, 2.5041, 2.0024, 3.7100, 1.8172, 3.2301, 1.5566,-2.7750, 3.9037, 2.5445, 0.1419,-3.5784, 2.9668,-1.7110,-0.8400,-4.6581, 4.4405, 4.4554, 4.9420, 2.8951,-2.6714,-3.4530, 2.0159, 1.0660, 1.1977, 0.3931, 2.5982, 2.3889,-3.5564, 2.2105
-1.3372,-0.5019,-4.1194,-1.0457,-2.7497,-1.0299,-0.5934, 2.1951, 1.8693,-2.5838,-0.6974, 1.3127,-4.5692, 2.0367, 4.3774, 0.6251,-0.6095,-1.6046,-1.7230,-2.6510,-4.2149,-1.6570,-3.4538,-1.1477,-0.3648,-4.6091,-3.6271,-1.6487, 1.4871, 2.2956,-1.1027,-4.0386, 1.5443, 0.7254, 3.5576,-2.0724, 1.9856, 0.7797,-0.8562, 0.9073
-4.4081,-2.1563, 3.7288,-1.7518, 0.2163,-3.9558,-1.4414, 2.1339,-1.3066,-2.7351, 2.4530,-1.8115,-2.8917,-1.2910,-4.6146,-3.0371,-2.1168,-3.7711,-2.4142, 0.7340,-3.8759,-0.1896,-3.3974, 3.1189, 2.8245, 0.5445,-1.2271, 0.6109,-1.4139, 3.8738,-0.8938,-4.0840, 2.7718, 0.8122, 1.1479, 0.9353, 2.6862, 3.1141, 0.5130,-2.7049
-1.1513, 2.2698, 0.8757,-1.4717,-0.5378,-1.1598,-1.4429,-0.7486,-1.5541,-4.4147, 4.1853, 2.2011,-4.3824, 3.2013, 1.3789,-1.3014,-2.6103,-3.0065,-4.3414, 3.6690, 4.9471,-1.9168,-0.2284, 1.5371, 4.5725,-4.9555, 3.1220,-1.8996, 3.2260,-1.9449,-0.8316,-2.2129,-4.7956,-3.1916,-0.3888,-3.7499, 3.8807, 0.9398,-1.7677, 1.9416
-1.7047, 1.9969,-4.8889, 2.0670,-2.4579, 2.6540,-0.3043,-4.3368, 1.5608, 0.0309,-0.0740, 2.4937, 0.9545, 2.8272, 4.7096,-0.0906,-3.9931,-4.3321,-3.5962,-0.2069,-1.8537,-2.6727, 2.9173,-3.3540, 1.7941,-1.8835,-2.9785,-2.8962,-4.6726, 0.9381,-2.6834, 2.5801, 4.8503, 2.6159, 4.3171, 3.6983, 4.1769,-2.9284, 2.0745,-3.2406
 0.2974, 4.0335, 3.9607, 3.6952, 3.8748,-4.9121,-4.7284,-1.5001, 2.7639,-3.0692, 1.1506, 2.8214, 1.8736,-4.1988, 2.5291,-2.6716, 4.8860, 2.8486,-4.5302, 1.8810,-4.6367, 0.0982, 3.8878, 1.0311,-1.0207,-0.6200,-3.5091, 0.1189,-3.4103,-3.3618,-3.1972, 4.6583,-1.9184,-3.2141,-4.0438, 3.1535,-1.0175, 4.9598, 2.7850,-0.0689
 1.0913,-2.8369,-3.1247, 3.3864,-1.2587,-3.2868, 1.6061,-1.4648,-0.1000, 1.9397, 1.4455,-1.8736,-3.6482, 2.3963, 1.2278,-3.2864,-3.5304, 4.2963,-4.5737,-3.8369, 0.6504, 4.2072,-0.3499,-4.6182, 1.4236, 1.5587, 4.3029,-3.2869,-0.5325, 0.6270, 1.7752,-3.9571,-3.3411,-2.8877,-2.7766, 4.3387, 4.2930,-1.7942, 3.1475, 3.5332
-1.8887, 4.1957,-1.6497,-3.5605,-0.0324, 0.7002, 1.5628, 0.2550, 4.5554,-4.1174,-1.7167, 0.3050,-2.1488,-3.2644,-2.7335,-3.5187,-2.0439,-1.1884, 3.8490, 0.7419, 1.1848,-0.7766,-4.7189, 4.8085,-3.7516,-3.2525, 1.7541,-4.0920, 4.7469,-3.7124,-2.1749,-0.3996, 4.7181,-3.7626, 3.0038, 2.4641, 4.8540,-0.1664, 0.4626, 1.8612
 1.5060, 1.3231, 4.7557, 0.4445,-1.9647, 0.0375,-3.8308, 4.7406,-1.1159,-1.4140, 3.5597,-2.4593, 3.8926, 1.3274,-1.5242,-2.8698,-1.9954, 4.0511, 4.8604, 4.1526,-0.8129, 2.4283, 3.5647, 0.4575, 0.3761,-2.4778,-2.8679, 3.4975,-1.4543, 4.2390, 2.4628,-1.7256, 2.0636,-0.2618, 2.5937, 1.4123,-2.9440, 2.6393, 0.2995,-3.6536
