-2.2223,-2.5762, 0.1190,-3.2328, 0.8904, 3.4334, 0.1626,-0.6833, 3.6325,-4.2822,-4.2981,-3.7924, 1.9844,-4.5111,-1.9157, 0.6179, 1.1148,-0.4900, 2.9540, 2.8180, 1.1651, 2.4614,-4.9747,-4.5299, 4.5502,-4.3655,-4.7576, 3.1769, 2.6417,-0.1134,-4.2275, 1.4106,-3.9657,-4.3775,-1.0530, 0.0015, 3.0243,-1.0797,-1.2179, 2.7465
-4.7224,-2.5491, 3.9811,-1.1842, 4.0392, 4.6987, 2.4461,-1.9330,-0.7624,-2.5567,-1.3895, 0.6926,-1.6869,-0.6468,-1.1392,-4.1125, 4.9546, 0.2117, 4.0482,-4.3419,-0.6637, 1.3781, 1.2964, 2.9854,-2.9835, 2.2476,-3.6353,-1.5288, 0.2188, 4.6311,-4.1696,-2.3392, 0.9921, 3.3339,-1.0911,-0.1441, 4.1523,-3.7437,-3.9625,-2.7663
 0.4175, 2.9477, 3.4171,-0.5500,-4.9981, 2.3306,-0.0706,-4.0065, 4.5680,-0.1818, 4.4631,-1.9745, 1.5112,-1.7181, 3.3147,-0.5221, 3.5305, 4.0438, 4.3724,-1.7037, 3.5343,-4.8809,-3.1189,-0.3289, 2.9389,-0.6430,-4.3260,-4.5879, 2.2089,-2.9592,-1.3524,-4.7894,-2.6379, 4.4987,-3.2039, 3.5884, 3.0966, 1.7198,-0.5889, 4.7069
-2.1730, 0.2538, 0.7874, 2.9982, 3.6900, 1.2268,-3.9363,-4.5814, 2.7641, 3.9594, 4.5691,-2.1612,-2.3012,-4.9613,-4.9613,-0.3200,-1.3816, 1.9379, 4.4705, 0.5620,-1.0096, 0.3925, 2.9482,-0.0394,-0.7945,-4.7695,-3.9606,-3.6802,-2.9340, 2.2202,-3.0491,-1.5000, 2.6606, 4.6067, 4.2915, 2.1420,-3.0065, 3.9816,-4.7869,-4.4116
-2.1182, 2.0156,-3.7480,-1.2535, 4.9114, 0.4432, 3.6169, 4.9863, 0.8027, 4.8900, 3.0101,-3.0179, 4.0042,-4.9940, 1.5138,-3.6497, 0.1446,-3.5709, 3.1566,-3.4608,-0.6305, 3.3340,-2.4372, 4.6405, 2.2607,-3.4433, 1.5750,-2.9426, 1.4641, 0.7336, 3.7788,-4.0825, 0.9489, 3.4824,-1.1484,-3.3817, 0.5175,-0.4552, 3.1735,-3.1189
-4.8581, 4.7024,-2.2595, 3.7343, 1.0345,-4.2602,-4.0997, 1.7467, 1.8242, 0.9002,-2.1405, 1.9588,-4.2725, 4.5083, 0.9768, 0.9950,-3.5617, 0.9911,-4.2306,-0.0204,-4.1664,-1.8454,-1.8296,-3.6946, 4.0458, 0.2708, 2.1252, 2.1076,-4.3592, 1.3590,-3.1088,-2.3526, 3.1439,-4.3464,-4.9716,-0.9146,-0.3282, 4.7081,-3.8182,-0.2262
 1.6711, 1.3409,-3.4484, 1.5008, 3.9145, 4.2402,-2.9973, 4.9869, 3.4833,-4.8154, 0.3422,-0.8626, 3.3121, 1.3931,-2.6111, 3.8177, 1.4065,-1.8731, 2.7164,-0.8728, 1.2877, 3.2287,-0.7312,-3.8617,-0.2494, 1.9230, 1.9222, 4.7851,-0.4384,-2.6824,-3.0845, 3.3950,-0.8098, 3.8366,-1.3159,-1.9473, 1.7548, 3.8902, 1.2594,-0.6285
 2.8930, 1.9466, 4.2031,-2.3920, 4.8848,-2.5868,-3.2890, 4.7597, 0.8295,-2.5392, 0.6363, 3.6988,-2.5157, 4.2667, 4.5224, 3.4480, 3.1571, 4.4181,-4.8000,-3.7270, 2.4718,-2.8485, 4.2023,-4.7538,-2.4507,-4.2524, 2.0027, 0.9530, 3.8461, 2.0278, 0.5872, 0.0844, 1.6756,-1.0269, 2.8896,-3.7584,-3.9218, 2.3997,-0.8886,-3.1958
-3.2636, 4.3186, 2.3828,-4.6784,-1.4887, 3.5656,-2.6414,-4.1152,-0.9963,-3.4757, 3.7504,-4.7234,-3.7723, 0.9152, 2.8445,-1.5702, 2.2453,-2.9436, 3.1294, 0.1148,-3.9370, 2.8920, 4.0547,-4.4167,-0.0737, 4.0952,-0.9224,-3.7316, 4.3752, 2.9838,-0.2524, 4.1927, 2.6443, 1.0915,-2.8822,-4.6709,-0.5675, 1.2663,-4.4727, 2.4235
-3.9805,-2.2797,-4.1195,-3.6828, 3.3693,-4.2085,-0.0163,-3.8603,-2.4758,-1.1155, 0.6268, 2.0354,-2.4558, 4.4491, 3.1197, 4.9565, 1.7166,-2.5944,-2.2865, 1.6847,-3.1834,-4.9631, 1.7670, 1.7603, 4.7278,-2.2878, 1.0121, 3.5133,-1.1086,-4.6362, 0.3996, 0.6862, 2.9706,-4.5135, 1.1793, 4.9636,-3.8526, 4.4718,-3.8981, 4.9249
-1.6615,-2.8986,-0.5985, 4.6501, 4.7538, 1.2010,-3.0530,-2.5338,-1.4680, 4.7351,-4.1715, 4.0764, 4.6315,-2.7838,-1.0512, 1.3218,-3.4564,-2.9838,-4.9241,-0.0046, 0.4352,-1.8705,-4.2114, 2.8655, 3.5298,-4.2838,-3.6149,-4.5954,-2.4167,-2.5766,-1.6221,-2.0962,-3.4623,-1.3961,-3.0040, 4.0629, 3.0032,-1.1685,-2.5757,-2.7575
-3.3000,-3.8686, 4.1872, 2.0989, 2.9172,-3.2818,-3.8886, 4.4221,-3.6062,-2.1279, 4.5604, 0.1942,-0.1946, 0.4516, 1.1813, 4.2544, 4.2948, 2.0472,-4.1111,-4.5420, 2.2241, 4.1025, 1.9260, 3.2979,-3.4706, 2.2954,-0.0681,-0.2378,-2.7474,-0.5389, 2.4692, 1.5881, 1.2233, 0.2732, 3.0662, 2.0203,-0.2615, 0.0043,-3.2165,-1.2068
 2.4918,-3.2404,-0.3308,-1.2877, 3.9641,-3.4372,-2.3294,-1.3357,-4.7651, 4.7062, 2.0762,-0.4466, 3.2664, 3.5002,-4.0575, 0.3757, 2.3183, 2.7700, 0.7690,-0.9285, 0.7076,-3.4036,-1.9857,-0.3425, 0.1394, 4.5045,-3.8849,-0.2480,-4.6213, 1.1574,-4.4990,-1.4998, 0.8371,-3.5463,-1.6190,-2.0142, 2.1100, 2.8396,-1.2363,-2.1533
-2.5265, 3.3219, 3.2890, 1.0720, 4.4007,-4.2885,-0.6695, 0.4234,-3.2767,-4.6296,-4.5074, 3.6039,-2.3726, 2.6909, 2.6958, 2.2282,-0.9326,-2.5887,-0.9565,-1.6595,-4.0699,-4.5327,-4.8203, 3.5326, 1.9351, 3.7807, 3.4148,-2.9574,-0.6267, 0.6386,-4.0318,-1.1634, 4.5524, 1.9255,-3.6755, 2.0188, 1.7496, 0.5518, 2.6268, 2.6429
 4.1133,-4.5306,-2.8467, 3.8640,-3.6409,-0.4633,-2.9354,-4.8502, 1.8379,-2.9306, 1.1402,-3.5165, 1.4719,-4.8695,-4.0124,-4.9453, 1.8886, 0.2623, 1.8259, 4.5900,-1.2528,-3.6267,-3.7542, 2.3998, 4.7434, 0.5927,-3.6579, 3.3010,-0.3443, 1.2846,-0.5175, 4.6026, 0.2415, 3.8522,-0.4712,-3.2043,-4.0525, 0.2486, 2.9783,-2.4924
 1.8798,-2.6236,-0.8833, 0.0928,-2.2188,-3.3672,-3.7565, 3.3762,-2.8346, 4.7928,-3.3413,-1.4949,-2.7413, 0.9360, 0.3065, 4.6479, 3.2231,-3.2002, 4.2276,-3.7700,-1.0349, 2.8845, 4.0661, 2.2212, 4.7207, 2.6922, 0.2287,-1.7007, 2.3819, 0.5695, 1.4039,-4.2321,-4.3759,-1.0308,-3.6583, 1.7171, 3.8722, 4.3232, 4.6146, 1.1434
 0.3183,-4.4910, 1.2163,-0.7862,-2.1447, 4.5641,-1.7239, 0.2597,-3.2175,-2.3616,-1.1225, 2.3865,-4.1978,-0.8245, 0.0076, 3.2382, 1.1629, 1.6873,-2.1104, 1.0997, 3.8773,-1.4752,-0.3672, 3.1576,-0.4047, 3.6827,-2.3520, 0.8466, 4.9463,-2.3829, 1.3516,-3.9330,-3.2418, 4.5070,-3.2261,-1.1459,-4.7783,-4.1926,-3.4587, 0.3400
-3.8756,-3.6349,-4.3370,-3.0150, 3.4970,-0.1460,-2.5894, 0.3906,-0.8073, 4.7903, 3.8090, 3.2715, 3.3713,-3.2801, 3.9160,-3.4527, 1.8828,-3.5405, 4.2167,-2.7432, 3.9665,-3.7093, 4.6248, 4.0371, 2.6550,-2.6685, 0.6897,-1.3747, 4.9000,-2.8240, 4.0968,-1.8814,-4.8286,-2.2396,-1.4540,-1.2975,-0.0838, 3.1607,-4.3047, 2.3937
-0.2242,-4.6909,-3.3116, 1.3050, 2.0411, 2.3358, 2.3448,-0.4057,-3.1727,-0.2958, 1.1938, 1.5847,-2.0228,-4.8645,-2.4177, 4.3187,-2.3773, 3.5812,-3.9375,-4.5725, 4.9306, 3.1485, 3.8446, 0.5010, 1.9163,-4.4076,-2.5335, 1.3240,-4.0587, 4.9326, 4.1401,-4.0540, 4.2376,-0.9357,-0.4877, 3.6131,-0.5458,-2.3528,-4.6058, 1.6986
 3.8357,-4.4216,-2.5424,-3.4619, 3.3463, 2.5839, 4.0070, 1.9822, 4.3582,-2.8829, 1.8306,-0.5283,-4.4020,-3.5811,-0.4728,-3.6903,-2.8496,-2.3568,-1.9359, 3.9201, 2.2631, 2.5169, 4.8862,-4.7618,-4.8361, 2.1153,-3.0800,-1.1646, 2.2220, 0.5608,-0.8489,-4.9986,-2.3751,-3.8129, 4.1596, 0.9092, 3.7132,-3.6397, 3.4053,-3.0504
 2.0609,-4.8697, 2.8245,-1.1755, 1.9725, 2.2890,-3.7584, 0.9805,-1.2464,-3.1860, 2.1650, 4.8812, 3.1873,-1.4273, 4.6492,-3.1264,-3.5058, 1.3762,-2.1801,-4.9840, 4.2019, 2.8790, 2.2664,-3.7126, 3.9624, 1.4610,-3.8425, 3.7785,-4.8714,-4.6182, 4.2101,-3.8439,-1.6116, 1.5333, 0.6823, 0.1759, 4.2680,-4.4698,-1.9684,-4.0114
-1.7794, 2.9105,-2.4056,-4.1745, 1.1794, 1.9885,-1.4984, 0.9020,-4.3691,-2.0013, 4.9675, 1.1121,-1.7492, 3.7392,-3.1012, 2.9437,-4.6908, 4.6982,-3.3191,-4.6927,-0.2513, 4.7827, 0.7989,-2.3297, 4.5805, 3.1077, 4.3583, 1.6398,-4.0706, 2.7170, 2.2090,-4.7144, 1.7500, 0.2920,-1.9824, 1.6223, 2.4769, 3.5911,-0.2958,-3.2556
 2.3790,-2.6351, 4.3718, 4.7300,-4.3444,-4.3322,-3.8802, 3.8258,-0.3434,-1.3890, 0.6315, 4.0277, 0.7245, 3.7694,-0.6645, 2.7057,-4.5231, 3.3538, 3.4941, 0.9517,-1.5686, 0.5596, 3.6536, 3.9217, 3.1919, 4.9346, 3.9029, 0.3205, 4.1676, 1.8679, 3.4995, 2.8540,-1.1800, 2.8803,-1.3189,-3.3051, 0.6754, 3.7978, 0.7006, 3.3746
-1.2480, 1.0224,-1.5010,-2.0557,-4.3305, 0.2911, 1.2934, 1.0624,-1.5481,-0.8430, 4.9122,-0.7478,-3.7297, 0.2317,-2.6738, 4.0460,-0.2806, 1.1643,-2.3610,-3.4898,-0.6010, 4.8577, 4.3583,-0.7512,-0.4883, 0.7557, 1.2781, 2.7531, 4.1888,-2.6691, 3.1414,-3.8993,-2.1194,-2.3518, 4.7424, 1.6801,-2.5529,-4.8296, 4.3677, 4.2637
-3.7668,-4.0618, 2.2280, 1.0913,-0.2384, 0.4648, 3.0613,-0.9175,-1.3087,-4.6705, 1.5968,-0.6433, 1.1488, 0.1970,-1.9021,-3.0016,-4.8006, 4.8151, 2.6181,-0.8198,-3.6955,-4.6496, 0.1598,-1.3251,-1.3040, 4.2083,-4.0974,-0.9381, 4.1904, 3.7846,-1.1859, 0.3610,-0.4350, 2.1935, 1.4280,-0.9006, 1.1653, 1.0875, 2.2153,-1.3879
-0.6699, 1.9990,-1.5924, 4.6725,-2.5551,-3.9293,-3.6561,-2.8448, 4.7454,-1.4020, 4.9667,-2.8367, 1.5248, 0.5658,-1.1570,-4.5260,-2.5786, 0.0034, 4.1712,-2.2825, 1.6042, 3.6714,-4.5109, 0.5245,-2.6616,-0.4451, 1.4872, 1.3215,-1.1042,-3.7815,-2.1530,-0.4901, 0.0669,-3.9782, 0.9068, 4.4845,-4.1321,-1.0268, 4.1656, 4.8633
 3.2996, 3.7898,-2.6950,-2.4491,-4.1020, 3.7762,-4.6009,-0.6756,-3.2921,-1.7803,-0.1939,-0.3458,-0.0140,-2.2804, 4.1610,-3.9642, 3.5519, 3.7432, 4.1798, 1.2683,-0.3916, 2.7008,-2.5269,-4.9839, 3.5447, 3.8314, 2.9476, 3.1867,-1.4568,-2.3816,-3.5944, 0.0922, 0.6895,-3.5397,-2.1672, 2.8862,-0.8536,-1.2773,-4.6979,-0.2508
 4.1525,-0.0377,-0.4668, 1.1885, 3.7049,-4.7153,-0.3489, 2.6645, 4.5068,-2.3425, 2.8642, 1.3309, 1.2910, 1.0813,-3.6723,-3.0857, 2.3519,-0.6670, 2.7731, 4.0759, 3.5857, 1.0009,-1.5769, 2.7006,-0.0366,-3.7803,-0.2762,-4.9801, 0.4002,-0.3066, 3.4518, 3.9026,-3.7573, 1.2190,-0.6199,-3.3580,-3.8544,-0.1225, 2.4289,-0.9784
-4.1036,-4.9636,-1.4193, 2.9334,-1.2303,-4.4683,-1.5890,-1.9428,-4.0428, 2.5387, 2.6062,-2.4727,-0.1277, 4.0860,-4.1443,-3.1657, 1.1432,-2.4992, 1.1790,-0.4651, 2.9141,-0.5535, 4.8407,-3.6301,-4.3318,-4.0999, 1.5244, 1.4774,-2.1934, 0.5149, 4.2952, 3.8017, 1.5942,-1.2682, 4.3107,-1.1216, 3.5699, 4.8802, 3.9481,-3.7630
-3.2645,-2.1799,-4.1136, 3.1615, 3.7869, 2.4208, 1.7773, 1.8156,-1.4772,-2.0075,-2.4101, 4.7926,-1.8459, 3.1975,-1.7764,-4.2554,-0.1486,-3.3146, 3.3364,-3.5938, 1.1512,-1.8837, 2.2142,-0.6742,-1.3366,-4.6139, 0.2944, 2.5475,-0.8552,-0.9570,-1.1081, 0.6995, 3.2279,-0.9452,-4.6001,-0.7153, 0.8586,-3.1674,-3.2020,-3.4958
 4.3536,-1.9438,-0.9210,-0.2630, 1.5540, 0.1231,-0.9556,-0.1598, 3.3402, 4.2410,-0.6419, 4.1895, 2.2915,-3.7712, 4.4534, 2.4024,-3.7921,-2.1288,-4.0219, 2.7962,-0.6570,-1.5585, 2.8980,-2.5324, 0.1591,-0.1003,-3.1702,-3.8060,-1.9530, 4.3409, 0.9217, 4.0133,-0.4284,-3.4382, 0.2695,-2.8427, 1.0775, 0.1350, 4.6129, 3.7054
 3.9392,-4.6324,-3.0979,-2.8236,-1.5316,-2.3218, 4.5672, 1.9569, 1.7914, 4.5682, 3.4640, 4.3789, 1.5018,-2.7014,-0.0437, 3.1719, 4.5698,-1.6333, 2.9280,-2.5110,-2.5061, 2.8984, 1.9941, 3.0687,-1.3864, 4.5737,-3.3930, 4.1762,-0.4855,-4.8450, 1.7613, 0.0852, 1.5355,-3.4915,-3.7727, 4.6264, 2.9753,-3.0237, 1.7709,-1.8376
-2.8940,-0.8007, 0.2575, 4.3913,-4.8384,-3.8001,-0.6917, 2.9037, 1.9454, 3.1062, 3.0502,-1.5844,-2.4820,-1.4967,-2.6854,-3.9344, 4.6413,-3.1661,-0.5600, 0.7054, 4.6255,-1.5053,-4.2746, 4.2101, 1.1322,-2.0734, 1.0305,-0.4361, 4.8079, 2.6204, 3.1385, 3.1212, 3.9832,-2.4951,-1.7494, 2.1739, 0.6617,-4.6435,-1.9889,-1.2424
 2.8219, 1.3196,-3.0669, 1.2316, 2.2439,-1.0877,-3.5067,-1.3696, 2.2278,-0.3200, 1.8452, 0.0083,-3.1122, 0.0102,-1.4603, 2.6325, 1.1584,-0.6836,-0.3162,-3.2889, 2.7405,-1.7762, 0.9455, 2.5477, 4.5908, 0.9650, 1.9693,-3.8919,-2.0504,-1.2351, 2.5876,-4.1659,-4.3127,-4.3220, 0.8114,-3.5647, 2.8075, 3.3781, 2.4215, 2.2540
 4.0498, 3.3741,-3.6470,-4.7847,-1.8726,-2.2163,-0.1551,-0.3061,-2.5143,-0.9896, 3.1230,-2.7224,-4.6468,-3.0618,-1.5988, 3.7044,-4.1932,-2.8026,-1.5316,-4.0906,-0.4010, 0.7054, 4.6896, 0.5116,-3.6724, 4.1587, 0.2687, 2.5924, 3.0251,-2.3778,-4.2244, 3.6210, 2.8959,-0.9387, 2.0992,-2.3849,-3.2999, 3.2653,-4.4328, 2.9665
-3.1870,-3.7948,-1.3009,-3.6279, 2.0733,-3.1962, 3.0375, 4.3387,-4.8483,-4.9014, 0.7897, 4.9452, 3.2791,-1.7975,-3.1914,-0.3662,-2.6036, 2.8019,-1.7863,-3.8925, 2.4091, 2.5786, 4.5610, 4.1342,-0.2194, 0.9729,-2.2478, 1.6962,-3.4488, 2.5780,-4.8010, 0.2714,-4.8892, 1.1623,-2.4446,-0.4376, 4.5626, 4.6579, 2.8852, 3.3760
-2.7441, 0.7082,-0.3733,-0.5902, 2.5145, 2.5493,-3.5827,-4.9788,-0.1353, 2.7068, 1.8493, 0.2960,-1.7207, 3.2616, 1.4770,-0.7350, 3.8003, 1.9915,-0.2369, 0.7069, 1.3719,-4.3258,-4.2733, 3.8296,-0.1054, 2.5875, 0.1574,-3.8560,-4.6313,-0.7261,-2.3020,-4.4076, 3.1800,-0.0582, 2.7184,-2.8320, 4.2448,-2.4992,-0.3389, 0.4559
-4.4821, 4.9849,-4.6993, 1.8534,-0.2684, 2.8085, 3.8135,-1.9238,-3.6990,-1.4300, 1.0877,-3.8901, 0.2037, 3.1303, 1.6720,-4.2268,-3.5556,-3.1516,-0.8476, 2.2316, 2.3786, 0.0219, 2.7573,-2.6487,-0.9138,-0.2223, 0.9238, 1.3428, 1.6821, 0.8182,-4.1611,-0.8740,-3.1902, 1.2597, 0.4541, 4.4292, 1.8149, 4.3427, 4.7368,-2.2480
-4.2249, 0.8285,-2.4234,-0.7804, 1.0485, 1.9062,-3.0131,-4.0052, 0.4316, 3.1558,-2.4141,-1.1194,-2.9626,-1.1093,-4.3411,-3.1328,-4.2686, 2.8139, 3.6652,-3.3784,-3.8133, 3.6879,-2.8564,-1.9697,-2.3882, 3.8184,-4.4564,-1.0196,-2.5161,-3.6458,-2.5828, 4.3682,-1.2224,-4.5570, 0.0460,-4.0353,-1.7603,-4.7022, 1.1961, 2.1004
-2.8156, 4.6261, 4.2109,-2.6192,-1.5562,-3.3618, 2.3023, 2.2138,-1.0155,-1.1874, 1.9081, 0.2765,-1.3063, 4.9693,-4.7641,-3.5859, 1.7903, 4.0796, 0.8408, 2.6879, 3.5811, 1.6186,-3.9966, 2.5779, 0.1855, 3.6835, 1.8403,-0.9777,-3.5088, 0.3168, 1.1095,-2.0614, 3.1803, 0.3214,-3.4420,-2.1580,-2.9568,-1.6192,-0.3256, 3.9832
 3.8631, 4.5503,-2.9119, 2.2949,-2.8588, 1.3762,-3.5293,-0.4699,-2.4961,-4.0835,-3.9578,-4.2512,-3.5520, 2.8114,-4.2344,-0.5422,-1.4591, 3.5153, 2.4671, 3.1443,-1.0709, 3.7794, 4.3133, 3.3656,-2.9926, 0.4852,-0.2962, 4.7460, 1.1362,-3.7459,-1.4564,-1.5335,-0.5050,-4.3755,-2.2512,-3.5460, 3.8879, 2.1491, 1.5397, 1.5754
 1.8070, 3.5383, 3.2787, 4.2583,-0.6024, 0.7688, 2.1602, 0.3793,-2.0986,-2.9746,-2.0456,-1.8201, 4.9278,-2.1322, 2.0473, 0.5876, 1.0606,-0.1149,-0.4720,-2.3948, 0.6259, 0.3141, 3.7161, 4.0194, 3.7058, 2.1939, 3.6767,-3.3386, 3.5113,-0.1019, 3.9395, 4.6158, 4.8170, 1.9903,-2.3458, 3.8256, 4.6394,-2.3244,-2.3195,-4.0276
-2.5826,-2.5920, 1.2940, 3.0862, 4.4479,-1.3450, 2.3788, 2.7862, 1.9140,-4.3369,-1.8299,-4.1228, 1.2014, 4.3316,-1.7651,-0.9413, 0.3170, 2.5179, 2.4419, 4.2890, 1.3519,-0.3569,-2.2626,-2.7117,-2.8374,-4.1202, 3.4633, 2.3510,-1.2510, 4.3007,-1.3434,-1.9292, 1.6541,-3.4896,-3.9518, 0.3224, 0.8479,-0.9078, 1.9295,-0.3756
-3.6817, 2.0403,-1.7598,-0.5079, 2.0998,-4.5984,-1.6860,-4.1104,-4.4193,-0.6702,-1.1522, 0.8903, 0.1084,-2.4204, 0.8769, 2.2143, 2.4092, 4.6547, 2.5348, 4.7209, 1.3478, 0.5855,-3.5911,-3.9329,-0.9936, 2.8324,-2.0845, 3.6227, 4.6083, 2.1267, 1.9623,-1.8198,-1.3970,-3.8278, 2.3816,-1.3038,-3.7635, 0.9623,-2.4258,-0.9554
-0.8871, 0.3379, 0.5709,-4.3716,-0.9333,-2.3163,-1.3002,-3.9433,-2.0300,-0.7695, 4.2502, 2.9105, 4.6015, 4.2284, 3.3524,-2.5322, 4.8956, 3.1756,-2.9075,-2.6504, 1.1689,-3.9882, 2.1923,-4.2402, 2.6103, 1.6290,-3.6418, 3.3727,-2.0338,-4.1637, 4.9925, 3.5277, 4.2200, 1.4650, 0.4384, 1.8758,-3.7743, 0.2628, 2.3013,-2.1741
-2.3051,-2.3033,-4.7016,-3.1889, 4.5228, 4.0776,-1.4535, 1.2161, 3.6188,-3.7663, 1.5636,-1.4216, 2.5052, 1.3847,-3.1579,-0.8418,-1.9019,-0.2822,-1.7738, 4.3303,-4.1260, 1.2931, 1.8804,-4.7415, 2.1018, 3.0198, 0.9343, 3.6005, 1.8838,-0.9850, 3.4715, 2.1317,-0.0555,-2.7519, 0.6031, 3.4416, 0.5872,-0.3032, 0.9545, 0.3920
 4.4187, 0.0140,-3.3149,-3.3568,-3.8301, 0.8096, 0.1677, 4.1965, 3.3688, 4.8808,-1.9698, 0.2458,-1.1368,-0.8619, 4.7322,-4.3272, 3.7648, 4.6117,-2.7969, 3.7130, 3.1052,-0.8550, 0.1398,-4.3508,-3.8926, 1.5638,-0.9427, 1.8418, 0.0120, 4.0832, 3.0360,-2.6335, 1.5331, 2.7149,-1.5774,-2.0727,-3.3862,-1.0482,-1.1366, 2.2937
-2.2999, 4.6243, 1.8257,-1.6696, 3.0684, 3.3921,-4.9136,-0.3254,-2.3477,-3.6276,-0.9393,-4.6560, 4.1997,-0.3324,-4.5941,-0.7730,-0.6792,-4.0117,-0.6784,-2.1340, 2.2844,-4.8672,-2.2740,-3.3237,-4.2763,-1.6999, 2.9686, 2.2269,-2.0936,-1.5694, 0.6670,-1.1810, 1.9892, 0.0514,-1.1056,-3.4397, 2.4381, 1.6275, 1.6379, 2.5165
-0.6802, 4.1643,-2.3673,-2.2462, 4.0028, 1.2132, 2.0915, 4.2435, 2.7728, 1.9081, 4.5797, 0.8064,-2.6623, 3.7975, 4.0780, 3.2513, 0.3027, 3.4906, 4.3230, 0.6134,-2.5853, 0.2651, 3.4410,-4.5292, 2.0614,-3.6730, 3.6659, 3.8299,-4.1437, 4.7944,-1.8376,-4.8447, 2.5801, 2.3861, 3.6988,-2.1188, 4.4848,-0.4918,-0.4859, 4.7020
-3.1166,-3.6800,-2.8199,-4.2402, 0.0154,-1.0291,-4.4541,-1.7590, 3.2920,-0.3408,-4.8275,-0.8827,-0.5846,-3.5360, 4.0400, 1.8025,-2.0693,-4.4432, 1.2537,-0.1387, 1.7971, 4.8743, 4.1422,-1.7816, 0.3114,-0.8572,-3.3986, 1.3904, 1.1201, 3.4072,-3.9795,-4.9029, 1.7081,-4.0291, 0.9892, 4.3030,-2.2247,-2.7285,-2.8866,-4.4442
 3.2664,-3.9338,-4.2188,-3.9246,-0.6003,-3.8546,-2.5386, 3.8246,-4.1194,-0.5158,-3.1530, 1.1886, 3.9124, 2.1018, 3.5746, 4.9613,-4.4569, 4.3341,-3.7279,-2.7168, 1.3578,-0.5607,-3.7852,-3.5005, 1.2412, 3.9105, 4.6319, 2.4879,-0.1150, 3.1504, 2.5682, 1.5538,-3.1767,-2.5089, 4.7450, 4.3326,-4.1391, 4.2328, 4.5750,-2.3946
-1.0320,-3.1730, 1.2715, 2.2585, 4.5984, 0.6892, 2.7905,-3.5041, 1.6463,-4.9554, 2.6811, 1.2110, 3.1930,-4.4827, 3.4633, 4.8021, 1.8144, 0.5997, 4.7452,-3.4829, 2.1304,-2.0381,-1.0426, 4.5383, 4.6837,-4.7638,-2.3957,-4.0522,-3.4535,-4.1294, 1.6593, 0.0379,-1.9900, 3.7318,-3.4976,-3.4529,-1.0377,-2.4079, 0.9431,-0.1746
 3.2869, 4.6599,-1.9372,-2.1812,-2.6424, 2.2579,-0.4929,-3.1066,-3.1811, 2.9014, 0.6573,-4.7363, 0.3950, 3.3049,-3.0151, 4.8323, 1.2009,-2.6856,-1.1774, 0.1279, 3.8882, 2.5446,-0.5793,-2.9535,-2.6747,-3.2474, 2.5857,-4.4595,-1.0497, 2.9069, 1.6985, 0.8518, 2.2075, 2.9843, 2.0912,-0.7436, 3.7056, 0.6179, 3.8463, 0.9085
-0.6739, 1.9693, 3.4011,-3.8795,-3.5463, 1.2875,-1.1246, 0.4749,-2.1716, 1.1365,-1.2000, 3.7409,-4.8797, 1.6631,-3.0113,-0.6090,-4.0388, 4.6728, 2.6504, 4.8936, 0.6891, 4.1304, 3.1731, 1.9070,-2.0298,-1.9121, 2.3259, 2.2296,-1.5029, 3.3979, 0.4737, 2.2580,-4.9271,-4.7644,-3.0463,-0.9293,-4.2753, 2.6406,-3.0140, 0.9746
 3.3381,-1.5885, 1.3444, 2.2834,-2.6084,-0.5591,-4.0004,-0.8452, 1.1389,-1.8093,-4.8770,-2.2722, 3.4800,-2.0587,-4.4079, 2.6198, 0.7868,-3.1622, 1.9579, 3.9900,-3.3550, 3.6939, 1.4553,-4.2402, 2.8438, 1.8139, 4.3222, 2.7322,-3.8912,-4.6707,-2.2095, 3.4359, 1.5311, 0.4021,-1.8829, 1.9357,-3.0195,-4.5467, 4.0206,-4.7807
 0.2101,-2.0127, 0.3666,-3.3239, 1.5396, 3.9976, 2.1801,-3.7686,-4.2453, 4.6649, 4.6188,-0.6885, 2.8629,-0.8803, 0.6733,-0.9375,-4.7223, 3.1374,-0.0907,-1.8459,-4.8035, 3.5309, 1.9882,-0.2031,-2.8847, 4.3954, 4.2543, 1.2287,-2.8689,-1.7869,-3.6567,-2.9679, 4.0235,-2.6297,-4.2570, 2.1616,-2.8706, 0.7504, 3.7185, 4.4241
 3.8838,-1.5005,-3.8216, 1.5587, 2.0064, 3.5487,-3.7862,-0.9033,-4.8904,-1.5795, 0.7121,-0.0573, 0.1027, 4.6380,-4.1739,-1.8681,-3.0796, 3.6442,-2.7773,-0.7739, 4.2262,-1.4984,-1.8061, 0.5526,-4.9790, 1.3514, 2.1951, 4.3551,-3.1175, 4.7175, 4.3340,-3.3042,-1.9655, 4.6370, 4.6955,-2.1254, 2.3432,-3.6625, 0.6689,-2.8021
-1.7535,-3.5934,-1.8465, 3.8675, 3.5823,-2.7739, 2.4683, 3.7514, 2.0944, 4.9511, 0.8864, 4.1636, 2.4469, 2.4626,-4.7986,-2.3576,-0.5783,-1.6201, 1.6641, 4.1394,-2.2524, 1.2819, 2.3117,-4.7619,-1.4163,-1.3930, 3.4978,-3.7831, 3.6403,-4.7052, 3.7313,-1.0256,-1.4833,-1.5800, 1.5125,-2.7303,-3.1448,-1.5878, 4.5882,-0.8899
-3.6884, 1.1572, 3.7162,-3.2511,-1.0215, 3.5159,-1.9365,-2.4335, 0.6054, 3.8673, 4.8069, 2.4974, 1.6752, 1.9509,-3.1447, 1.6120, 3.4194,-2.7149, 4.1732,-1.7398,-2.5882, 4.7464,-0.5835,-4.0088, 1.9279,-3.4732,-2.5626,-3.3101,-4.2666, 3.6142,-4.5843,-2.7532, 2.5846, 1.7527,-0.3145, 0.8241,-2.3045, 4.8529,-4.3532,-1.8799
 0.5423, 2.0568, 1.7048, 3.1212, 0.8092,-3.4285,-3.4824, 2.9317,-0.2466, 3.0294, 3.9056, 4.3011,-1.4747, 0.3596,-0.5024, 1.9907, 2.6343,-0.8503, 4.6938,-2.8372, 3.2103,-1.5943,-2.4317, 0.4690,-0.8679,-0.3517,-2.0372,-1.1523, 2.3246,-3.4298,-0.6760,-1.5963,-0.3963, 2.8878, 3.4245, 4.2715, 0.9779, 0.2351,-0.8224,-1.7989
 1.2078, 4.1785,-4.1393,-3.1800, 2.7474,-0.7526,-3.0904,-0.2902, 3.7166,-0.0128, 1.2547, 0.0027, 1.6117,-4.8126,-0.6933,-2.9242, 2.6763, 3.5095, 3.6844, 1.6419,-2.0066, 4.4696, 4.0061, 3.5457, 2.8400, 0.3549, 4.6695,-0.1498,-4.8553,-0.0574, 0.4591, 1.9536,-4.2726, 2.2184, 1.1187,-1.6517, 3.6332,-3.5487,-3.7530,-2.2283
 4.1554, 0.6785, 0.5940,-0.0672,-2.9781,-4.4742, 0.6289, 0.1010,-2.0114,-3.6947, 4.9918, 0.4949,-0.3421,-4.1470, 1.4827,-4.9971, 4.5050,-2.6097,-3.0807,-0.8261,-3.3107, 2.3957,-4.6656, 1.5843, 1.6424,-3.3687,-1.4836, 0.2948,-1.1423,-3.7538,-0.2422, 0.0760,-0.6570,-4.9688,-2.3446, 4.6625, 1.2654, 3.0267,-1.9481,-0.4597
-3.4089, 4.0036,-2.2605, 3.9378,-2.9909,-2.3897, 1.3580, 2.7643,-2.3424,-0.3326, 2.5894, 1.5093,-1.3536,-4.7362,-3.5801,-1.8241, 3.1588, 1.5089,-2.4953,-0.5173, 2.9774,-4.1803, 3.8707,-3.6212,-0.5695,-1.3634, 2.0161,-2.5924, 2.0803,-4.3792, 1.8077,-2.7513, 3.6776,-3.5857, 4.4832, 1.8348,-1.0698, 2.1569, 2.9508,-1.8496
-0.6323,-0.6393, 0.7964, 3.7763,-3.4608,-4.1928, 3.9870,-1.2310,-1.4154, 2.0163,-3.4183,-3.0153,-3.1047,-0.8193,-3.1985, 0.1591,-1.2950, 1.3591, 4.1779, 1.9794, 4.6368,-2.0168,-4.6192, 0.0432, 1.1717, 0.2388, 0.6412,-3.7386,-2.6000, 3.5279,-1.3150, 1.6607,-3.0790, 0.4181, 1.8073, 3.7031, 3.4930,-0.8225, 2.2326, 2.8111
-1.9822,-4.0329,-1.4740,-3.7222,-1.2187,-0.1180,-0.1596, 1.0607,-4.5234, 2.7080,-3.7008,-4.0233, 3.8148,-2.8227,-3.5369, 1.4310,-3.0657,-2.5923,-2.7955, 0.8980, 4.4722,-0.0505, 2.1963, 1.1914,-2.9058, 0.9031,-2.7005,-0.8828, 4.6623, 1.1974, 2.8761, 2.3684, 2.3195,-4.2600, 2.5148, 0.5387, 3.2871,-2.4456,-1.8991,-2.0718
-2.4794, 3.5942, 1.1310, 2.6089, 1.1295, 4.5182,-2.4140, 2.6142,-2.4477,-0.7084,-3.8783, 1.1885,-1.4877,-0.0699,-2.2348,-2.6468, 3.4240,-3.6267, 0.0668, 2.1656, 3.9376,-1.8075, 2.6333, 3.1119,-3.3455, 1.8677, 3.9004, 0.2611,-0.5500,-1.5411, 3.3683,-0.3341,-2.2126, 1.8326, 0.0941, 0.7042,-2.0367,-3.6143, 0.0588,-1.0618
-2.0403,-2.9379, 3.7178, 0.3065, 4.8407,-3.6063, 2.3766,-1.8675,-2.4728,-3.2259, 2.9666,-2.2029,-1.7471,-0.3995,-2.3082,-0.4237, 4.2506,-3.2480, 4.2189,-0.1265,-0.8324,-1.2483, 1.8324, 3.5970, 0.1358,-1.6435, 0.8615,-4.7195, 4.2796,-3.7764, 0.4328,-3.9690, 4.6111,-4.7564, 4.3705,-1.7498, 0.7294, 2.0777,-1.9931,-1.4945
-1.5024, 1.2799, 0.3638,-1.8849,-4.7258,-3.2269, 4.5736, 3.8503,-3.6323,-4.9922,-3.3487,-2.3772, 2.9645,-4.8139,-0.4967,-0.4571,-3.9779, 1.3479,-0.3368, 0.5944,-1.7560, 0.9766,-2.6033,-0.3787,-1.6074, 0.4644, 4.6175,-0.1608, 1.8950,-2.5625,-2.5075,-0.6343, 2.7530,-4.9791, 1.8438,-0.2068, 3.4226,-2.8633,-1.0753, 4.2180
-3.3105, 0.9761, 0.4960, 4.0097,-2.4884,-0.4277, 4.2727, 3.9782,-0.2996, 4.7911,-3.4347,-1.1840,-2.4657, 2.8453, 2.2170, 0.3678,-4.4921,-1.4327,-2.6405, 4.1456,-2.3161, 3.3544,-4.0045, 4.2120,-2.3414, 3.4769,-4.7541, 4.7750,-1.8998, 0.7071,-0.5649, 0.7328,-3.0054, 1.0738, 1.8607, 0.4610,-3.6698,-2.7868,-4.0573,-4.7841
-3.7803, 4.4975, 4.7990,-0.2411,-0.2957, 3.2831, 3.0878,-0.7261, 1.3287,-1.3466,-4.6964,-3.3116,-0.0615,-4.6730, 4.6280, 0.4776,-2.5161, 2.1620,-1.3348, 0.0649, 1.8750,-3.6812,-0.6023,-2.2231,-0.2903,-1.9436,-0.9790, 1.4651, 0.0210,-2.2956, 2.6178,-0.7679, 2.5451,-0.7268,-0.6486, 1.5949, 0.5441,-0.1519, 1.3570, 3.3748
-2.0021,-1.3776,-3.3197, 2.2180,-0.0073,-0.7674, 1.7583,-2.6837,-2.5326,-1.3552, 2.8733,-2.4729, 3.6195,-4.9538,-1.4052, 1.8859, 2.8670,-1.9754, 3.1695, 4.9746, 1.8526, 4.1028,-0.4058,-0.4286,-3.5149, 2.6512,-3.9090,-4.7917,-2.4983, 2.2377, 1.5055, 2.3991,-0.1846,-2.8173, 1.5563, 1.7638, 4.3707, 1.4804,-4.5043, 4.2588
-0.3942,-1.4437,-1.5995, 1.5597, 3.7009, 0.5745, 4.2768,-3.5066, 3.4607,-1.5019,-2.6406,-3.3348, 4.3046,-2.7009, 0.6332, 2.8005,-0.1621, 0.3181, 4.3952,-4.2753,-3.1426,-0.9804,-3.4177, 3.2008,-2.5287,-4.5384,-3.1460,-2.9910,-0.8662,-1.9622, 0.4520,-1.3652, 1.6844,-3.2873, 4.1257, 1.7548, 1.8345, 0.1536,-0.1068,-3.6788
-2.2649,-4.8491,-1.8777, 3.1777,-1.7134, 2.3145,-3.7229,-2.2982, 1.5638,-3.0250, 1.0059,-1.7431, 4.1764,-2.2967,-2.2333, 2.8178,-0.3106, 1.2637, 0.6623, 1.1730,-3.0120,-1.4542,-1.0882, 2.6146, 4.6261, 4.2039, 4.4665, 4.4950,-1.7746, 3.9453, 0.6539,-1.1431, 0.1321,-0.7936, 4.0207,-3.3477, 1.2895,-1.5087, 1.3968, 3.0058
-1.5346, 4.8019,-2.6498, 0.9215,-4.8459, 1.1690,-2.4508, 0.4782,-0.3023, 1.7323, 4.9734,-0.6332,-0.3425, 3.7081, 0.8205,-2.0617, 1.3757, 4.7948, 3.7817,-4.0353, 4.8907,-3.7871, 2.8734, 2.5392, 1.1535, 4.7329,-3.2401,-3.4235,-4.8424,-1.6153, 1.7364,-2.9003,-0.5782, 4.1250, 2.3073, 1.5788,-0.8114,-3.9987, 1.5991,-3.3323
-0.5579,-3.7549,-1.9374, 1.2207, 1.4979,-3.6709, 0.4158, 4.1579, 4.3532, 2.8773,-1.2929, 3.3792,-0.3022, 1.5351,-1.5121, 4.5315,-0.5835, 4.1750, 0.8666,-3.3063,-2.2514, 3.8273,-0.6440,-1.3042, 3.7249, 0.2346,-1.0684,-2.8360,-3.6301, 3.8171, 1.5384, 4.9017,-2.9328, 4.0396,-3.0841, 1.8012,-3.9538,-1.2179, 3.5953,-3.5650
 2.7232, 2.1700,-0.0131,-4.1304,-3.7583,-2.2641,-0.0883, 2.6789,-2.6903,-1.5940,-3.1900,-3.5654, 4.9915, 0.2624,-4.2898,-1.3708,-2.7334, 1.3352,-0.2529,-1.8963, 4.0837,-4.9754, 2.4740,-3.3671, 4.2015, 4.5988, 0.6485,-1.9534,-3.7974,-1.3635, 0.9563, 1.5508, 3.9013,-2.7113,-0.3486, 3.1661, 2.6983,-1.2604,-1.5099,-4.4916
-1.8946, 1.6959, 0.8389, 0.7120, 1.4180, 1.7046, 1.8588, 2.5283,-1.5414, 2.7266, 1.1585, 0.0170, 0.1966, 1.8085,-1.7706,-0.1371,-3.6807,-3.6992,-2.8830, 1.9607,-2.2722, 3.8712, 2.5562,-4.8658,-3.2521,-4.5117,-2.5684,-3.3290,-1.8520, 2.4347,-4.4443,-2.3279, 1.7105, 2.1624, 2.5631,-4.1324, 0.7030,-0.3949,-1.5986,-3.0521
 1.3618,-3.1136,-1.3971,-3.7983,-4.6781,-2.3519, 0.6684, 1.9843,-2.5143,-4.6191,-4.8888,-4.0717, 4.8823, 3.9685,-4.4154,-3.0138, 4.1521,-2.5258,-4.1793, 3.5372, 0.5212,-4.2999,-2.9730, 4.3074,-3.5765, 1.9673,-2.0774, 2.4135,-4.1807,-1.9391, 3.0395,-3.7286,-4.9215,-4.8544,-2.0409, 0.1951, 3.7516,-1.3690, 3.5431,-3.9481
-2.4502,-4.3175,-1.9698, 2.8926, 0.7952, 2.7072, 4.5919,-4.2795,-2.6447, 1.3315,-0.1256, 2.6893, 4.3908, 2.8758,-0.6706, 0.2633, 1.2339, 0.0742,-0.0053, 4.2985,-1.8952, 4.2310,-0.4359, 1.0455,-0.8114, 4.7600, 3.3426, 3.2155, 2.8057,-3.5632, 2.4890, 0.7892, 4.4643, 2.8519,-3.4351, 2.3221, 3.9831, 1.4493, 2.0399,-4.0026
 4.5915, 1.4775,-3.1882, 0.2166,-1.1620, 4.5137, 0.7569,-0.2546, 3.3584,-1.3360,-1.3699, 0.5839, 1.0457, 1.3067,-2.7628,-4.0877, 1.4358, 4.5603,-1.4264, 1.8621, 1.8720, 4.7416, 3.7779,-3.0708,-4.2057,-2.2255, 3.0325, 3.0467,-4.5751,-2.2147,-4.7021,-3.8365,-2.9586, 2.7459,-1.7023,-1.5178, 2.7154, 3.0608,-0.8296,-0.4433
 4.7219, 3.5533,-2.0040,-2.4674,-2.0675, 2.9057, 4.2473, 4.0917, 1.3614,-1.4808, 3.9239, 3.9051, 4.8718,-4.5229,-3.0184,-3.5090, 0.3733,-2.9764, 1.9210, 2.7557,-3.8450,-4.1437,-1.2190, 3.4022,-1.0355,-0.5100,-4.6141, 2.6983,-2.7528, 1.0165, 1.2851,-2.6598,-0.4516,-1.0539,-2.0638, 2.6892, 2.3756,-3.1711,-3.7493, 3.0675
-3.2053, 0.1670,-4.3352, 4.5027, 0.3493,-2.3592,-0.1081, 0.3707,-4.7233,-4.0512, 1.0357,-2.2352,-1.8029,-0.5720,-0.8149,-4.3707,-3.1732,-0.7237, 1.5231, 4.9908,-4.1573,-4.9524, 1.9374,-3.9972,-0.9974, 4.7115,-4.4078, 4.8264, 0.0065,-2.6098,-1.2921, 3.0250,-2.6488,-0.5803,-1.1448,-4.8642, 3.2994,-2.6653, 2.4762, 0.5430
 0.9189,-3.6968, 2.3199, 1.4448,-0.2673, 1.4037, 2.4727, 3.0765, 2.2818, 2.8475, 2.0810,-3.8167, 1.0436,-3.3325, 2.7961,-1.1312, 1.5443,-4.9431,-4.7257,-4.1992,-1.0446, 2.9515, 0.2677, 0.9970,-1.5367, 2.9600,-2.6051,-3.4779, 1.7162, 3.4473, 1.5916, 3.5067,-4.2556,-1.8407, 4.3868,-4.6374,-4.8114,-4.0286,-1.9773,-2.6131
 1.2285, 0.8682,-2.8488, 0.9977, 1.1891,-4.1563, 0.0650, 3.2968, 1.1499, 2.2075, 0.0707,-4.6304,-2.7158,-2.3841,-3.7336, 0.0420,-2.3334, 3.2979,-0.7204,-3.2523,-4.8526, 0.6197,-0.6146, 1.1249,-3.2050,-1.1502,-4.9011,-1.1158,-4.9395,-0.5053, 0.7279,-4.3499,-2.6020, 2.1420, 4.4935,-4.3938, 4.3616, 4.5120, 1.8077,-3.1794
 2.9589, 2.0940,-3.7337,-1.9438,-3.8438, 0.2204, 3.1274, 2.4548,-0.0505, 3.7936, 1.1942, 4.0151,-1.6732, 1.6777, 0.5523, 4.5807,-3.0610,-0.0338, 0.4505, 1.7061, 1.6740, 2.4527, 4.2462, 0.3718, 2.0772, 2.2049,-3.1797,-2.0016, 4.0473, 0.3370,-0.6075, 0.0573, 1.6302, 4.4789, 2.5956, 2.1095,-0.4156,-2.0854, 1.6302,-2.8313
-2.8899,-0.7841, 0.6924, 2.5188, 0.1663, 1.9041,-2.8961, 4.6904,-0.4709,-3.0942, 3.3868,-0.9265,-1.8189,-3.6009, 4.1329,-3.0718,-1.5509, 0.3241, 3.3311,-4.1831,-3.0429,-2.3844, 4.4430,-3.3157,-0.1231, 4.8905, 4.0315,-4.3553, 4.5934,-2.5574, 1.7326, 0.0129, 2.0641, 2.8984, 2.7597, 4.4019,-1.4999,-4.2305, 4.3053,-4.4846
-4.6017, 0.2669,-1.8414,-2.5602, 3.3915,-2.0350,-4.5107, 0.4404,-3.4615, 3.6062,-2.9258,-2.6025,-1.5800, 2.5003,-3.4040, 1.0107, 1.4663, 0.9832,-0.9002, 3.2680, 4.0603,-4.5061, 4.2859,-3.6339,-0.5839,-4.0495,-4.8239,-0.1679, 0.9597,-3.9155, 1.4241, 1.7363,-1.2980,-4.6122, 4.1119,-2.1635, 0.1436,-4.0680,-2.2291, 2.5841
 0.3197, 0.0253, 2.8880,-3.9324,-4.5489,-2.5784,-1.9328,-2.4390, 3.1347,-1.3244,-0.4135, 0.0800, 4.4642,-0.4154, 1.8170,-0.0534, 1.4876, 1.3872, 3.1738,-4.7512, 1.0191, 4.7638,-3.2095,-2.5479,-3.1773,-4.6808, 0.9728, 0.0003,-3.8488, 0.8853,-1.5406, 3.5920,-3.3001,-1.5037, 2.7772,-4.6959, 0.8927, 3.7048, 4.8555,-1.0071
-2.2924, 0.0534,-1.3354,-0.1798,-4.2053,-1.3163,-0.7560, 4.6376,-4.2670, 3.8593,-0.3857, 2.4580, 0.9506, 2.2045,-1.8948, 0.9675,-4.1395,-3.7421,-4.8338, 1.8615,-2.0413,-0.4736,-0.8137, 3.6148, 2.7126,-4.8924,-1.4214,-4.9049,-3.9791,-3.8180,-0.1985, 3.2020,-1.9728, 0.1893,-0.1405, 2.5513,-4.5152,-3.1231, 4.7060, 4.1565
-3.8193,-2.7682,-4.1752, 1.8940,-2.1734, 4.5604,-3.7714,-1.7657, 4.7607,-4.3282,-2.2266, 3.4406,-0.4148,-3.8085, 3.8607, 2.2915, 3.7505,-4.1806,-4.1714,-4.6743, 0.7908,-2.9107, 4.0295,-1.8202,-3.1250,-3.0380, 3.8872,-0.0271, 1.1459,-3.2540, 0.8200, 3.7328,-0.3992, 1.1548,-4.9006, 0.8190, 0.5397, 4.1046,-4.8547, 3.3233
 0.7513,-4.4265, 0.6028, 4.5624,-0.8276, 0.0646,-0.3680, 2.7023, 4.5298,-3.1218,-1.4768, 2.0309, 3.8818,-1.9222, 0.8813,-4.3047,-2.0565, 3.4089, 4.0652,-2.8502,-4.8019, 2.5435, 0.4838, 4.5352,-0.7349, 1.2965,-3.0650,-1.4962, 4.7904, 2.5169, 4.9722,-0.2034, 2.2233, 2.9098,-1.4350, 0.0407,-4.1143, 2.6299,-0.0520,-2.5375
 0.7151,-3.4284, 2.2722, 0.5596,-3.0240,-4.3229,-4.1516,-3.2624,-0.0887,-4.2742, 4.1680,-0.6147, 2.0676, 4.2010,-3.0962,-1.7422, 1.0385, 2.3198, 0.7204, 0.5919,-3.0312,-3.6073, 3.6247,-2.4707, 3.5232,-0.9349, 3.8106,-0.0087, 2.5991, 2.1387, 3.0166, 3.4058,-3.9632, 2.2474, 3.4354,-2.0801,-4.8938, 4.0695,-3.9710, 0.9380
 3.3668, 1.7990, 2.3198, 4.0581,-2.3921,-0.5934,-1.6745, 4.8188, 0.6484,-1.9312, 1.2661,-3.5280,-4.9437,-3.3364, 4.7940,-3.7475,-1.9790,-3.1581,-3.2005,-0.8093,-3.5086, 4.9174,-4.7768, 1.1773,-3.7950,-4.8466,-4.2084,-4.5834, 1.9930,-0.4950, 1.8936, 2.7200,-4.3634,-0.3429,-1.7231,-4.7101, 0.5725,-1.4910,-4.0217, 0.3341
-3.5883,-1.3959, 4.6461, 4.7769, 3.8628, 0.0750,-4.3198,-1.0518, 2.5823, 1.2060, 4.3162, 2.1771,-4.5449, 3.3349, 3.1063,-4.4652, 3.0160, 0.7071,-1.0055,-4.5221, 4.4315, 0.9691, 0.6316,-3.5909,-0.0064,-0.2666,-4.1476,-4.5930,-2.1869,-1.9070,-4.3268, 0.5657, 3.9703,-0.3737,-2.4762, 0.4654, 3.9075,-0.6864, 2.7515,-1.5189
 4.1038,-3.7375, 4.6254, 0.0305, 1.0633,-1.4450,-3.9160, 4.3040,-2.3270, 2.2281, 2.6596, 1.8069,-1.4885,-0.7112,-4.7098, 0.7825,-0.0581,-2.2641, 3.7042, 0.4258, 4.5374,-0.1327,-2.2670,-4.0302, 4.8798,-2.1946,-3.6450, 0.2383, 0.3690, 3.5422,-4.8957,-3.7763, 2.5866,-2.9180, 2.5205, 1.0666, 1.8969, 2.2237, 2.7838, 2.6607
-2.6326,-2.9938, 3.3019, 3.0336,-4.0905, 4.0160, 2.6792, 1.6419,-1.9119, 1.2564, 2.7597,-1.2142,-3.1476,-3.6180,-0.3374,-0.5715, 0.6152, 1.2927,-3.2610,-0.4273, 2.4978, 3.8717, 4.5471, 0.6679,-2.5021,-2.7671, 4.3475,-4.5451,-3.3818,-2.8098, 1.5407, 4.1717, 3.5386, 1.5188,-2.5912,-0.4871, 1.4305, 4.1040, 0.8517,-2.6735
-0.3838, 2.5678, 1.5577, 3.6713,-0.1181, 1.8560, 4.7738, 2.6869,-0.6151, 4.7331, 4.7972,-4.0243, 4.2830,-2.8474,-2.2431, 0.3601, 2.7759,-4.9242,-4.4413,-3.9213, 1.5874, 1.8506,-4.3584,-1.2413,-1.0960,-2.1382,-0.6704, 3.0260, 2.4297, 4.2861, 2.4983,-2.6898, 0.7068,-1.0667, 2.8648, 3.0316,-4.8328,-1.9071, 0.7428, 2.9201
-2.5595,-0.1337, 3.0088,-1.6148,-4.8558,-4.1739,-0.3828, 2.1771, 1.5260, 0.5679, 1.9276, 2.1343,-2.5026, 4.9491, 2.4268,-2.8820, 0.0418,-1.0695,-0.7370,-4.3604, 4.5179,-0.4195, 4.4974,-2.7418, 4.0747,-0.6818, 1.7568, 0.3798, 0.2263, 2.4592,-1.6893, 1.6657,-1.2648, 4.3172, 2.2047,-0.4063, 3.0999, 3.9080, 0.4858,-3.6509
-0.6998, 1.7268, 3.5275, 3.6439, 0.0857,-3.8332, 0.0271,-1.9142,-0.8969,-0.8016, 0.2173,-4.6079, 4.2073, 4.7415, 0.6669,-4.6647,-3.6544,-2.9519,-0.8950,-1.8694,-4.6610,-2.1157, 3.1176,-0.2480,-2.1591, 2.9338,-0.6339, 2.2109, 0.8538, 3.7377,-2.1369,-2.6384,-2.5472,-3.2332,-4.0087,-1.7718,-3.0593,-1.3817,-1.5526,-4.6469
-1.7149,-4.8609,-1.7260,-0.0798,-1.7836, 1.8282,-1.8347,-1.8867,-0.3456,-0.6351,-0.6420, 0.0451,-0.4388, 2.6398,-4.5547, 3.6176,-3.7847, 3.3080, 1.5752,-0.2037,-0.1011, 4.8373,-0.9099, 1.6989,-0.7725,-2.8500,-1.0050, 1.9863,-4.3896, 3.2429,-3.2795, 0.5428,-0.5601,-0.3923,-4.5708,-3.0076,-3.4552, 4.0985, 1.9841,-3.9476
 0.4617, 4.5131, 1.5746,-0.3038, 4.1853, 1.7696, 2.6504,-0.5922, 2.2139, 4.9940, 3.7998, 0.7879, 1.8720,-2.0767,-0.9679, 3.6440,-4.1194, 1.7032,-0.1105, 3.3763,-4.3048,-2.1761, 0.2448, 2.2332, 1.7022, 0.2497, 2.2874,-4.0333,-0.6547,-4.4220, 2.3283,-1.9369, 3.2988,-3.6528,-2.1653,-2.2778, 2.8576,-2.3557,-3.3881,-0.9769
-0.3259, 0.7557,-3.1682, 4.4966,-2.4731, 2.2845,-2.1286,-0.3876, 4.1446, 4.5243,-1.8986, 2.6246,-3.1791,-1.8401, 2.4320,-3.8051, 0.5504,-3.5224, 1.6885, 4.7694, 2.0176,-1.7769,-3.3798, 4.3561, 1.2677,-2.9914, 3.1957,-0.9142, 2.3409,-3.5524, 0.7885, 2.3650,-1.1835, 4.8736, 0.0223, 0.0350,-4.8509, 2.1198, 0.4529,-1.6296
 2.5665,-3.9650,-2.1832, 3.8010,-4.1707,-2.8029,-2.8119,-0.7912,-1.7821, 4.2758, 2.2704,-1.2935, 2.4231, 1.0271,-1.8278, 1.1021,-4.8138, 0.8149, 1.2465, 1.0124,-3.1118, 3.4952, 3.7091,-0.0540, 1.5563,-3.3549,-4.7618, 4.0061,-0.2534,-0.7072,-3.8108, 0.4026,-3.4096,-3.2676, 4.6282,-3.6210, 4.7006, 1.9053, 2.2090,-2.3285
 4.6462, 0.0723,-0.5427, 2.1386, 4.0479, 1.8006,-4.4875,-3.1861,-2.4733, 4.7989, 2.6934,-1.5499, 3.5410, 4.5869,-4.3600,-0.0869,-1.1124, 0.4194,-1.3036,-4.3591,-0.7357, 1.7143,-0.6556, 4.3305, 1.0156, 3.9092,-1.2540,-4.4748, 1.8160, 2.6628, 1.2523, 2.9739,-4.8358,-3.6083, 1.3720, 4.2593,-0.8477,-3.0701, 0.1649, 1.7464
-3.4749, 2.8223, 1.4388,-3.8896, 2.9987,-1.9819,-3.5884, 1.4484,-1.8736,-3.0389,-1.0755,-0.3266,-0.4960,-4.2078,-0.3952,-0.3136, 4.3563,-4.8630,-4.4686, 2.3891,-2.8882, 4.8380,-2.3752, 3.8676,-3.4348,-4.2728,-3.1955,-2.1659,-4.4515, 2.3788, 0.6177,-3.6416,-3.2503, 0.9423, 1.6396,-2.0540, 2.6284,-3.6575, 0.8534,-2.4517
