-4.3510, 3.0310,-4.3245,-4.5440, 2.0728,-4.3512, 0.1017, 4.8043,-1.6143, 4.2018,-4.4398, 0.6905, 3.9133,-0.8522, 3.8886, 2.2025,-1.3256, 1.5447, 3.4620,-0.7928,-0.6929, 0.3522,-0.1236, 0.4123, 0.1015, 2.6693,-4.9059,-0.2475, 0.7933,-1.2086, 1.9543, 2.6302,-1.1718,-2.1725,-4.6590,-1.3390,-0.2389, 3.5843,-3.5352,-1.7953
-0.0668, 0.7296, 2.1934,-4.3569,-1.7623, 3.7138, 0.8016, 3.6710,-3.4198, 2.3732, 1.1269, 3.8587, 2.5682,-0.7073,-1.7847, 1.9167,-3.9636, 0.4227,-0.6608, 4.9023, 4.8159,-2.0439, 1.3067, 4.9878, 4.6508,-2.0599,-3.4003, 2.4624, 1.2602,-2.8017,-4.8270,-0.9843,-4.5784, 2.1986, 4.3692,-0.8155, 1.3423,-1.3831,-3.3590, 3.8365
 1.2647, 4.9201, 1.2310, 0.2379, 1.7431,-3.4466,-1.1383, 4.0247,-4.7201, 0.8634, 3.1604, 3.4458,-2.9465, 2.2943,-2.6998,-1.5083,-4.3033, 2.4661, 3.1897,-4.3178,-4.6497,-1.2588,-3.2611,-4.6843,-4.9061, 3.9458, 0.1168,-4.1099,-0.2056, 3.7239, 3.1124,-0.0866,-2.7044, 1.2200, 4.6785,-1.0186, 1.1912, 3.2625,-3.1339,-1.1908
 4.8883, 4.7101, 1.2984, 0.0595,-1.3540,-1.7455, 2.9661,-4.9870,-0.5492,-2.8518,-4.3742, 1.2614, 1.3735, 1.2979,-4.3909, 1.3873, 3.2210, 2.9678,-4.0308, 4.9181, 0.8483, 4.1010,-4.1648, 1.6055,-4.3514, 4.1503,-4.0463, 0.2567,-1.1630, 3.4979, 2.4433,-2.8336,-2.8420, 3.1230, 3.7029, 4.2617,-0.4031,-1.7421, 1.8078,-4.2888
 1.8459, 0.1705, 1.0137,-3.9705,-1.8300, 3.5694,-1.9019,-0.6943,-2.3741,-4.6970,-1.6457,-4.5208,-3.3645,-4.8371,-3.7390,-1.0028, 3.0070, 2.3689,-1.3035, 4.2826, 3.6557, 4.3059,-2.3541,-0.7133, 0.4240,-3.7355, 4.1448,-1.7079, 1.9614,-4.5316, 0.5635,-4.2534,-0.2009,-4.8225,-3.2875, 2.0621, 1.5028, 3.0773, 0.5695, 0.2777
-0.7786,-4.4933,-0.3476, 0.5408, 1.3539, 0.7049, 4.5364, 2.1508,-2.4509, 2.1538, 2.0422,-2.1818, 0.2414, 2.3217,-2.5503, 4.0171, 4.5443, 3.3610, 2.1143,-2.1087,-4.7961,-0.4284, 0.1898,-2.4276, 1.7775,-1.9729, 0.3094, 0.4797,-2.0450,-3.0083,-1.9864,-1.5295, 3.7642, 1.2830, 2.5654,-1.9050, 4.9518,-3.5887,-1.1883, 4.6056
-4.2323, 3.0532, 4.5684,-4.1577,-4.2493,-1.3209,-3.5666,-3.8333, 4.5305,-1.8752,-2.8055,-3.0943,-4.4425, 0.5704, 2.1926, 2.5452, 4.4277,-2.4671,-1.5510, 2.3786,-4.6400,-4.5882, 1.2433,-2.1129, 0.6799,-2.1327, 0.9517,-2.7604,-1.6735, 0.7910,-1.2977, 4.0048,-4.8578,-1.6946,-3.7139, 0.4566,-4.4773, 0.0673, 1.4749,-1.1259
-3.7972,-0.0449, 2.8867,-4.7610, 3.2629,-4.8991,-0.5783,-0.5415,-1.7122,-2.2233,-4.9290, 2.1132, 1.1161, 2.6990, 0.0230,-0.2782, 2.1051, 1.3170, 1.6149,-3.0612, 3.5759,-3.2015, 4.0197, 3.4450, 2.6523,-4.2626,-4.8150,-4.6574,-1.8217, 2.9489,-0.0246, 2.9286, 1.4114,-3.0766,-1.0523,-2.4601,-3.9548, 1.5656,-3.9004, 2.3436
-0.3121,-1.8498,-0.2927,-2.3722,-0.8157, 0.2658,-0.0253, 1.6960,-1.2888, 4.0796, 4.0917, 4.5535,-2.7699, 0.5689, 0.5613,-0.2184,-4.8677,-1.7365, 0.5976,-0.5207,-2.8594,-0.7028,-3.6634, 2.0780, 4.0355,-2.4443, 0.1410, 2.9558, 4.1754,-4.3194, 3.3055,-1.6175, 4.4323,-3.9396, 4.8702, 2.7614,-2.5281, 1.3471,-2.7552,-3.3554
-3.3875, 0.5239,-2.2952,-0.9874,-1.3929, 3.9375,-4.4693,-2.8712, 3.0228, 2.7617, 2.1952,-3.2383,-0.9529,-2.5355, 1.5384, 4.4477,-4.4222,-4.9196, 0.3344, 4.2617, 1.8472, 3.3948, 3.4953,-0.2280,-1.3486,-3.5426,-3.9089,-1.4914, 0.5204, 0.9523, 4.3977, 2.6714,-1.2484,-2.6259,-1.8007,-0.6952, 1.6740, 2.4857,-3.1031,-1.3929
-1.4066, 2.9245,-2.3278,-3.9993,-1.9667, 2.4926, 3.0301, 4.7899, 1.5840,-4.6457, 4.7800,-1.2693,-3.8889,-3.4337, 0.7831, 4.9721, 4.8574,-2.0079,-3.5990, 1.1540, 0.0644,-3.9235,-4.8172, 4.4181, 1.0220,-1.6137,-2.3759, 2.4216, 2.8870,-2.9404,-0.5995, 3.0483,-3.9344,-1.5691, 0.9787, 2.5073, 2.5851, 0.9503, 0.4456, 2.1785
-1.1432, 0.9133,-3.0336,-2.9116,-4.6803, 4.8476, 2.5664,-4.8803, 3.0331,-4.3437,-4.6611,-2.7873,-2.4656, 1.3167, 0.6016, 1.0415, 0.8747,-4.7594, 1.7099, 0.7889, 4.2904,-0.5290,-1.4212, 1.0631,-1.0771, 1.9606,-2.1637,-2.3984, 0.4763, 1.8959,-2.5204,-0.7985, 3.0943,-4.5899,-0.9369,-0.7166, 2.2011,-2.0501, 3.6942, 0.2432
 2.4488, 4.7022,-4.1617, 4.2133,-0.3095,-1.6096,-1.5943,-0.4116,-3.0645,-4.9396, 4.5207, 2.3698,-0.1196,-0.7516, 4.7974, 1.2766,-0.2245, 0.3040, 0.1742,-3.6710, 2.8439,-3.7906, 4.2743, 4.1674,-2.5121,-4.9159, 2.2218, 2.1782, 3.3001,-2.9672, 1.7710, 3.3527,-4.6412,-0.9119, 2.1829, 1.8320,-0.6537, 2.6128,-1.8103,-4.8552
-0.2952,-2.2295,-3.0293, 4.1952, 3.3095,-4.3413,-4.6621, 4.4197,-2.2010, 0.3242, 4.8573, 1.5665,-0.8205, 1.6649, 3.4566,-1.6984,-1.7749,-4.1587, 0.4619,-2.4623, 4.3113,-1.3098, 1.3858, 4.3382, 3.3168,-4.2089,-1.1187, 3.2339,-3.4874,-0.4147, 2.7066,-2.6530,-3.2474, 0.8898, 2.3687,-1.3179, 4.5496, 1.1681,-2.1817, 2.9770
-1.0132, 2.1495, 0.9901,-0.2957, 3.9353,-3.4265, 4.0489, 2.3757, 4.7930, 2.0502,-3.8118, 1.4652, 1.1741,-1.8494, 1.9601,-1.9936, 4.4253, 2.9027,-4.2418, 3.7863, 0.1857, 0.1037, 0.6126, 3.7653,-2.9146, 4.6015,-4.4678, 1.3805, 3.5010,-0.6425, 4.4253, 0.0007,-4.5881, 0.3808,-3.6647, 0.1693, 2.2578,-2.1714, 4.7611, 2.1095
-1.0301, 1.5051, 3.1196, 1.2761, 1.5171, 3.8976,-0.3957, 1.1114,-0.4391, 4.1054,-2.8570, 1.5323,-3.9831, 0.9669, 3.5766,-4.1394, 1.1223, 2.2410, 4.5648, 3.7194,-1.2541, 0.6261, 3.7101, 3.2397, 3.4981,-4.1335,-0.8503,-2.4522,-2.6763, 2.2458,-1.4249,-3.0779,-3.2786,-1.1990,-1.8438,-4.0759, 2.8724,-3.0002, 0.8315, 1.2993
-2.1851,-0.7732, 4.8875,-4.6121,-4.6496, 4.5477,-1.7982, 4.0846, 0.6539, 0.4342,-4.5874, 4.6178,-1.5405,-2.5617,-4.8613,-3.6033,-2.7284, 4.7194,-1.1586,-0.4129, 4.6607, 3.8593, 3.1581, 2.2043, 2.3631,-3.0797,-2.6337, 0.5248,-2.2000,-3.4477,-1.7292, 2.9923, 0.2527, 3.5081,-4.7828, 4.5752,-2.0881,-0.8574,-2.0068,-1.9647
 1.7389, 3.6126, 4.1543, 2.6605, 1.2330, 4.9697, 2.2149, 3.1977,-4.3423, 2.3010,-4.0743,-0.4550,-2.9242,-4.1400,-1.5551,-1.8357,-2.8615,-2.4081,-4.3742,-1.9999, 4.8027,-4.2066,-2.7408, 0.7219,-3.8673, 0.2942,-1.8409,-1.0553,-2.3866, 3.3651,-1.6716,-4.6064,-0.4568, 3.0447, 3.9254,-1.9704, 3.8503, 0.0217, 1.3369,-3.9962
-4.8779, 4.9213, 1.0041,-2.5437,-2.1488,-0.2562, 1.8850, 0.5964,-3.7640, 2.5276, 1.4060,-3.7929,-4.8128, 3.8902, 3.6594, 1.2001, 4.6592, 3.1294,-1.0586, 0.6784, 0.3239,-4.0972, 1.9931, 0.6694,-2.9455, 3.6535,-4.3719,-1.6789,-4.6448, 1.5261, 4.6425, 0.6349,-0.5903, 3.9630,-4.9434, 3.9384,-4.4688,-1.5249, 1.2407, 3.4231
 2.4207,-4.8428,-2.1091,-3.5181,-1.4256,-0.9901,-3.2332,-0.5689, 3.8716, 1.5921,-2.9074,-0.2001,-1.7670,-3.5873, 0.9527,-1.1178,-4.1338, 3.1740,-2.1321, 1.7501,-2.5012,-1.9784,-4.7433, 0.8716,-1.8320,-4.6533, 4.9101,-0.5611,-3.2195,-1.4182, 4.8676,-3.5570, 2.6317,-0.8614, 4.1103, 2.7908,-1.9117,-3.5397,-1.4159,-1.8480
 4.0778, 1.6295, 4.0321, 3.7185, 3.7863, 4.2225,-1.0796, 0.5310, 1.1057,-0.7526, 2.8687, 4.1858, 1.0085,-3.9513,-0.8338,-1.2136, 3.6496, 2.2433, 3.7026, 0.1130, 1.5187, 1.5444,-1.8877,-0.5111,-1.7349, 4.0097,-2.3518, 0.6973, 0.1861, 4.9911,-1.2064, 0.5227, 2.6102, 1.4084, 3.4652, 4.5958, 4.1479,-3.5138, 3.5528,-3.8689
 0.3009,-3.8877,-4.4831,-0.5410, 2.9563, 1.1578,-4.7991,-3.4283,-2.9097,-4.9886,-1.9972, 2.1519, 1.4450,-1.7379,-3.6237,-4.6127,-2.4047, 4.5493, 0.3060, 4.2888, 1.2452, 2.2852,-4.8358,-0.6974, 0.6221, 0.1155, 2.2587, 3.8232, 0.8956,-3.2647,-3.9254, 2.9894, 1.6251,-1.8142,-2.4810, 3.3816, 0.0850, 4.4223, 0.5535, 1.4188
 2.4712, 1.0926, 3.6037, 1.8723, 1.2656, 3.9737,-3.0061,-0.9366,-0.6198,-3.9887, 2.4944, 2.4978,-2.7264,-2.5705,-0.0163,-1.1068, 2.9397,-4.4696, 4.3159,-1.5930,-3.1812, 0.7712,-2.2491,-2.5513, 4.1290,-1.3831,-0.1762, 4.2989, 4.6689, 1.0801,-0.3757,-3.4470,-2.8947, 4.9442,-2.4736, 0.1844, 1.1252,-3.3924,-1.2801, 0.5438
 2.0504,-0.4453, 2.0486, 3.4366,-2.2247,-3.8113,-0.0582,-1.1110,-2.3674, 0.2744,-3.4019,-1.3736, 3.1047,-2.7063,-3.4067,-3.2018, 0.4895, 4.1257, 1.1715,-3.1795, 0.4259,-0.6345,-0.6419,-1.4958, 4.9607, 3.1256, 1.6824, 3.1112, 3.4905, 4.8552, 4.1537, 2.9619,-3.1216, 1.3373, 2.5887,-1.4071,-0.0046,-4.2690,-4.4532,-2.0318
 1.4382, 0.0914, 1.6661, 2.9123,-1.3109,-4.4228, 2.1148,-3.3859,-1.1818,-4.3148, 3.0108, 4.1643, 4.7680,-0.6493, 2.7938,-2.4924,-3.9820,-2.5343, 3.2485,-1.7432, 2.2743, 2.2735, 3.7848, 4.6273,-0.6197,-1.6314,-1.8620, 3.9606, 1.8073, 3.5022,-4.6231, 2.9693,-4.6294,-3.2061, 4.1408, 1.6878,-1.3741,-2.6342,-1.6933, 2.6180
 4.7294, 1.3459,-1.3114, 2.2239, 3.4286, 4.2145,-4.2179,-4.4242,-3.7825, 4.4915,-2.0130, 3.3090,-0.5234,-4.3874,-2.0483,-3.0144, 0.0375, 1.9788,-4.6967,-3.2477, 1.8615,-4.0069, 3.2709,-1.8611,-3.3400, 3.6199,-0.3761, 3.3473,-1.8509, 0.8342, 0.9820, 1.6071,-0.9616,-1.3185,-2.4070, 1.8610,-1.0416,-3.1704, 2.5000, 4.7034
 2.4602,-0.8559,-3.5642, 4.6809,-4.3563,-0.9318, 4.7564, 0.3514, 2.0317, 2.2482, 1.5474,-3.0435,-1.3320, 4.8352,-2.4385, 0.3800,-3.7218, 4.6364, 1.2468, 4.1165,-0.4286, 1.3887, 2.8419,-3.1188, 2.6578, 1.2729, 0.2908,-4.2302,-0.2147, 2.8611, 2.0187,-0.8880, 2.0249,-1.8686,-0.4413,-3.5723,-2.1623,-1.1126,-3.4630, 0.0291
-1.3597, 4.1942,-3.0518, 2.3364, 1.3141, 4.6464, 4.7577, 0.9190, 0.0149,-3.6537, 0.2810, 3.3784,-2.2979, 0.0976,-4.5266, 2.8308,-1.4102, 1.6589, 3.7251,-3.0965,-3.1241,-2.2278, 4.5682, 2.7663,-1.2442,-0.4271,-3.2623,-3.2590,-0.0215, 4.8536, 4.1434, 4.0569,-4.0937,-1.8168,-4.1201,-1.7887, 1.0392, 3.8320, 2.5728,-3.3872
-3.8728,-0.6556, 4.1427,-2.8819,-1.1704,-2.9321, 3.6029,-2.9811,-0.7753,-2.1856,-3.6523, 4.1733,-4.6860, 2.8020,-2.3537, 1.7860, 4.4386,-3.2708,-3.5799, 1.8524, 0.3690, 3.1399, 3.4444,-4.1294, 2.5276, 4.5050,-0.6944, 2.3342, 0.4702, 1.2876,-0.3600, 1.6000, 4.4125, 1.6883,-1.0277,-3.8614, 4.5348,-4.6609, 0.9408,-2.0423
 4.0257,-1.3660, 4.6559, 4.5078,-3.4908,-2.3595, 1.1686, 4.2783, 2.9445, 2.2675, 0.6992,-1.9708, 1.6798, 3.5732,-3.2592,-2.1817,-0.3471, 3.6253,-4.3247,-3.2283,-4.7388, 3.4249, 2.7749,-0.0610,-1.8866, 4.4832,-2.2120, 0.4869,-1.2997,-4.0903, 1.5943, 2.6796,-2.3861,-2.2395, 4.6869,-3.6821, 4.8807,-1.2528, 0.7570, 2.4453
 1.3113,-3.1466,-4.4739, 0.6864, 2.5854, 0.1814,-1.1315, 1.5213,-0.9881, 0.4291, 1.2097,-1.2618,-3.6844,-0.7146, 2.5098,-2.2418,-1.0793,-3.1615,-4.9863, 1.2967,-3.5860,-1.1033,-2.5915,-2.4677, 0.6332, 0.8173,-4.8792,-4.4465,-2.5364,-4.2758,-3.4272,-0.1804, 0.2063, 4.5051, 0.3665,-4.9767, 0.4904,-1.8681, 0.8329,-4.8017
-1.6139,-3.1474, 0.7401, 3.3867, 3.0407,-4.1289, 2.0727, 3.7327, 4.7186,-0.4764, 4.1612, 1.8988,-1.7607, 2.1191,-3.1599, 4.5286,-2.6762, 1.7012,-0.3436,-3.7288, 2.9752, 2.9094, 3.3351,-3.6690, 3.6638,-3.0909, 2.8672, 0.7137,-1.4353,-3.6655, 4.7206,-2.6257,-0.9825,-0.1640, 0.4006, 1.6733,-2.3082,-0.1806, 2.4267, 0.3999
 4.7939, 0.7580,-4.4173, 3.0707, 3.6068, 4.7913,-2.8170,-2.8425,-3.3485,-3.5578, 3.2673,-4.2863,-0.2459, 4.4814,-2.8920,-2.1219,-1.3966, 0.4095, 3.0397, 0.0759,-0.5528,-3.5654, 1.7946, 3.8040,-3.5279, 3.3564,-1.1735, 0.1466, 1.1301, 1.0937, 0.8890, 1.8392, 0.6516,-0.4998, 1.4645,-0.9533,-0.0584, 2.2999,-0.2539, 1.2971
-4.8021,-4.7410, 1.1760,-2.0667, 2.1247, 2.0688, 3.5891, 4.8176, 2.9465, 0.8628, 4.9930,-1.9683,-1.3721, 4.6835, 3.9125,-0.5428, 1.3515,-2.4029, 3.4783, 1.8597,-3.0276,-2.6347, 1.5941, 2.8612, 4.7751, 0.7758,-3.9128,-2.4301, 4.4911, 2.3922, 1.1298, 4.8672, 4.3119, 1.2160, 2.9330, 4.9955, 0.6756,-4.2312,-1.9193,-1.3939
 0.3104,-2.9096, 3.4052,-4.9010,-4.3827, 2.4067,-0.2926,-0.5047, 3.3763,-2.8018, 3.6367, 3.5028, 4.5225,-3.4984,-4.3921,-1.6096,-4.9439, 2.8400, 2.0394,-4.5250, 3.6954, 1.1680, 4.0261, 0.0256, 0.2235, 3.1996, 4.5202, 0.5256,-3.2146, 4.1442, 0.0094,-4.5393, 3.7758,-3.7059,-1.2601, 3.2210,-3.0298,-4.7098, 3.4619,-4.1965
 3.1235,-2.1105, 1.3140, 2.6382, 4.1032,-0.0537,-3.8149, 3.9891, 4.1013,-0.5036, 4.6577,-4.7385,-3.5444, 2.2977, 0.9127,-2.0177,-1.4580, 2.8107, 1.4297, 2.8364, 2.4272, 4.5407,-1.0268, 0.3760, 1.6650,-0.3474, 3.3799,-0.8227,-4.5831,-4.1554,-1.7872, 2.0874, 1.2549,-1.9440,-1.3477,-4.1180,-0.5615, 4.8691,-1.4345,-4.8037
-4.4614, 2.3761,-3.1928,-4.7993, 4.6424,-0.6624,-1.3839, 4.7972, 0.7025,-2.7874,-3.8700,-4.2876,-1.2646, 2.4998, 0.7364, 4.3907,-3.9827, 3.3734,-3.8689,-4.4427, 2.1000, 1.9899, 1.2374,-1.8702,-1.5798,-2.0110,-4.5364, 4.0356,-4.2977, 2.4708, 0.0407, 0.1442, 4.8913,-1.9695,-2.6469, 2.8397,-2.4009, 2.2244,-4.8589,-0.0111
-0.8813,-3.2145, 4.1080, 4.2899, 1.5159,-1.3325,-3.0444, 0.1357, 1.3696, 0.1880, 4.0847, 0.0905,-0.7931,-4.4512, 3.2823, 4.5971, 4.9212, 1.0986,-3.9595, 2.9741, 2.8593, 4.9424,-3.7770, 4.6327,-4.1022, 4.8658,-1.6277, 3.0097,-1.8327,-1.4025,-0.8191,-4.5395, 4.8307,-0.7457, 3.9466, 2.4881, 3.3044, 3.4491,-0.4737, 3.0798
-1.1868, 4.5039, 2.2901,-4.4526, 1.9885, 2.3610,-4.1007,-3.0515, 2.5422,-2.1427,-4.8314,-2.1773,-2.7940, 0.7343,-1.1542,-4.4893, 1.2826,-0.1484, 0.2980,-2.8839, 3.5477, 1.7589, 4.1660, 1.1160, 0.4288,-1.3103,-2.7224, 2.6596,-3.2180, 4.2940,-2.7342,-4.0290, 4.7090,-2.1097,-1.9839, 1.4971, 4.8866,-2.4627, 1.5621,-1.7686
 2.3062, 4.6846, 3.8354, 1.6018,-3.6450,-0.9235,-4.2946,-0.6186,-0.9265, 2.3619,-0.4570,-0.5755, 1.6733, 0.9275,-2.9134, 0.1223, 3.8715,-3.2898,-3.7137, 0.8368, 3.9479, 4.4927,-3.6335,-0.2871,-4.9597,-4.5596,-0.7081,-0.3866,-0.9499, 2.3945, 2.3293,-0.6098,-4.3303, 1.9332, 1.6503,-3.8656,-2.0705, 4.8414, 0.3874, 3.7303
 1.6389, 3.4982, 0.1521,-4.3031, 3.4591, 3.4001,-2.1606, 0.3715, 3.2515,-3.5263,-4.7959,-2.7984,-0.5845,-2.7783,-3.5386,-4.8082, 3.4077,-0.5310, 1.5399,-1.6007, 4.5937,-0.1387, 1.2831,-4.2979, 3.2551,-1.1851, 0.4232,-4.1740,-3.9625, 1.1605,-4.7591,-1.6367,-4.1421,-4.1888, 3.2078, 3.1732,-0.5679,-3.6350, 4.1340, 1.3442
 1.7454, 0.6914,-2.0254,-3.7054, 4.3333,-1.3028, 0.6464,-4.0430, 0.6868,-2.8163, 0.3382,-3.0223,-1.1537, 2.4802,-2.4677,-1.2436, 4.6708,-0.2635, 0.9363, 2.8352, 2.3596, 1.2627,-0.5117, 0.3527,-2.5199, 4.1285,-1.5082, 4.7029,-0.5981,-3.2784,-2.0971, 4.3155,-3.6124,-0.6105, 4.8579, 0.9721, 1.4763,-3.2364, 3.3097,-2.5599
 3.7129,-0.9689, 4.6877, 4.8966, 2.4686, 4.2476,-1.9779, 4.1011, 4.6009, 4.0417,-0.3666, 4.6118, 4.1906,-2.3098,-4.3930, 2.9920,-1.5882, 1.9558,-4.6439, 3.1150, 0.9219,-3.8655,-4.9102,-0.7473,-4.0173, 1.9687,-2.1942, 2.1133,-3.6771, 2.5691,-1.0731, 2.9240,-3.5682, 4.0514, 0.9787, 1.4953, 0.5582,-2.3613,-0.2532, 4.4495
 2.0575, 2.3825, 4.8207, 3.6138, 1.1067, 3.2179, 4.8847,-0.1541,-3.9319,-3.9322,-2.8511, 1.5540,-1.9530, 2.2550, 2.6232,-4.6976, 3.3514,-3.2458,-0.8384,-4.2885, 0.1235,-4.8567,-0.0967, 3.5456, 2.0971,-4.0535,-4.2824, 3.6367,-4.0038,-0.5239,-3.8439, 3.5792, 0.8170,-4.8608,-4.9482,-0.3430,-1.3325,-1.6674,-0.7382,-4.4757
-0.5050, 0.9797,-2.1170, 0.8444, 0.5156,-3.5252, 3.1128,-3.0702,-2.1309, 3.6169, 4.5882, 1.3246,-1.4689, 4.5274,-1.6242,-1.1768,-1.8503, 1.0673, 3.3058, 2.0723,-1.9295, 2.6963, 0.1099,-3.9832, 1.9665, 1.0644,-0.6602,-1.8584,-0.7373,-4.7685,-3.9477, 0.1331,-3.1932,-0.0114,-1.6927,-1.9929,-1.0431,-4.2064, 2.9294,-3.3924
-2.4041,-3.3999,-2.0247,-2.6832, 4.0074, 3.8633, 1.6171,-1.7051,-3.0831, 1.2681, 4.6365, 1.1082, 3.8274, 0.4613, 2.2678, 2.5461, 4.8399,-2.0477, 4.7759, 0.1890,-3.0682, 4.1344, 4.7534,-2.8428, 0.5094, 3.0295, 2.2888, 4.6843,-0.5632,-4.9188,-4.5271, 0.0511, 2.5545, 2.0365,-2.5971, 1.8497,-0.1971, 0.5472,-1.2650,-2.0439
-2.4394,-0.0068, 4.4901, 1.6480, 1.0118,-3.2017,-1.2144,-4.3606, 4.5186, 3.6772,-1.3276,-3.4547, 2.4344,-3.5128, 3.2314, 4.2095, 0.1299,-2.7752, 1.7495, 1.8782, 0.6446, 4.3654,-1.7582, 1.3063,-1.8766,-3.6172, 0.2597, 3.0030, 4.8057, 1.6922, 4.1140,-0.0789, 3.1996,-4.5834,-2.9885,-4.7427,-0.6665,-1.9258,-4.7035,-1.1258
-4.1136,-4.7650, 1.6473,-4.3924,-4.8838,-4.1211,-0.8963,-2.1235, 4.4155,-3.4748,-0.0277, 4.9350, 0.6076,-2.6627,-4.4633,-4.8916,-2.9992,-1.2344, 2.0652, 1.8397, 0.6805,-4.6272,-1.4290,-4.7070,-2.7042,-0.2469, 0.0060,-3.2122,-4.0753, 0.6789, 2.0592, 4.0693,-4.6720, 0.6398,-3.4046,-0.0038, 4.8823,-3.4033, 3.0087,-3.3445
 0.9021,-1.8022, 0.2704,-2.4833,-4.4792, 2.0886, 2.0405,-4.0432, 0.1890,-0.3927, 0.9953,-1.0608,-3.7603,-3.6933,-2.1793,-2.0790, 3.1975, 4.7329, 0.2714, 0.1208, 0.4194, 0.1782, 1.9122,-2.9065,-1.4179, 3.8407,-0.0645,-1.0177,-4.7854,-4.7676,-1.2156, 2.4976, 3.5428,-3.9908, 4.0785,-0.1565, 4.0232,-0.0531, 2.5856, 2.4555
-3.6661,-3.9034, 2.2509,-3.3200, 4.3681,-1.1130,-2.5532,-3.9393,-2.1440,-1.9963,-1.3713, 4.4661, 3.1981,-3.0051, 3.3626, 1.7721, 3.6496,-2.0219,-4.2034, 2.6922, 0.5288,-2.5611,-3.6596,-0.2084, 4.3207, 3.5300, 1.3958, 3.7280, 2.1472,-1.9302,-2.8994,-3.9618,-4.4127, 2.9616,-3.0120,-3.6499, 0.4458, 0.4057,-4.1682, 1.9871
-4.8317,-3.7116, 1.9756, 0.2650, 2.7358, 4.2746, 0.4344,-2.1957,-4.0192,-0.6405, 2.0689,-3.4947, 2.9752,-3.7287,-1.6793,-2.7976,-0.1706,-1.3685, 3.0302, 2.2878, 0.3508,-1.3351, 3.8722, 1.9441, 4.5984, 4.3724, 4.1260, 1.7133, 3.0815,-3.1619, 2.1114,-3.6166, 4.8945,-3.4663, 3.5459, 3.3459,-2.3671, 1.1930, 4.5378,-0.4107
 2.2071, 0.4684,-3.8334, 4.9739,-3.4640,-3.7799, 4.5360,-3.6076, 3.0778, 2.6964, 4.9260, 1.4438,-0.2332, 2.8645, 2.8915, 2.7543, 1.8467,-3.3998,-0.5361,-1.8178, 4.4119,-4.8655,-1.4817,-3.6276,-1.2138,-2.0783,-1.7210,-3.1128, 1.2546, 3.5705,-0.2861, 2.0247, 1.0205,-1.5480, 2.8146, 2.0953,-2.1834, 0.3004,-4.8836,-0.0403
-3.5069, 1.8030, 1.9370,-3.7430,-3.7775, 2.4727,-4.1016,-0.4051,-1.1055,-2.4611, 2.5404,-3.7605, 1.5364,-3.5487,-2.9361,-1.8400,-3.8008,-1.4053,-0.0357,-1.7903, 2.3126, 3.6584, 0.3051, 3.9903, 0.3722,-0.5221, 0.5079,-2.1962,-2.7903,-4.9701, 4.6132,-1.6496, 0.2228,-2.9811, 2.7188, 1.5170, 0.3173, 3.6288,-0.0479,-3.4145
 3.5541,-3.2379, 0.8363, 2.4145, 0.5717,-0.9885,-4.8639, 3.3763, 2.9583,-4.4285, 4.5781, 4.4124,-2.8005,-3.4441, 2.3976,-3.1013, 2.2610,-1.5912,-0.7048, 2.8228,-4.2359,-0.1603, 4.9138,-0.6964,-2.6302,-2.5751, 2.0690,-2.4881, 4.1300,-0.9243,-3.8802, 1.4162, 0.0075,-3.4923,-0.0153,-4.7444, 2.1418,-3.1485,-4.5702, 4.6924
 3.3108,-4.2271,-3.4557, 2.7180,-2.1696, 2.8885, 0.6763,-1.8239,-4.3308,-3.9609, 1.7834,-0.3004, 4.0599, 3.1676, 0.8093,-2.8349, 4.1554,-2.1906,-2.3252,-3.2023,-3.4247, 1.1014,-2.3285, 0.5158,-1.0680,-4.9023, 4.9717, 4.3088, 0.4406, 4.8088,-2.7058, 1.3232,-4.8396, 4.8328, 2.3026,-1.5980, 4.8946, 3.4612,-1.5691, 3.7550
 3.1694, 4.5824,-3.1554,-2.1405,-2.0797,-4.9764,-2.4724, 0.9227, 3.9451, 0.5802,-1.5307,-0.6222,-4.9040,-3.0019,-0.8460, 1.9462, 1.6610,-3.3867, 2.4410, 3.1826,-2.3461, 4.3998, 0.4758,-0.5206, 4.4670,-0.7768,-1.2791, 1.4965, 2.0633, 0.3517,-1.3291, 3.5772,-3.1460,-0.8029, 0.5620,-0.1262, 4.6220, 1.4324, 4.3142,-1.1837
 2.6404, 0.1356, 4.0263, 4.6214, 2.3057,-2.5633,-4.5237,-2.9680,-4.3561, 0.8257, 4.7693, 4.7561,-4.6369,-1.2371, 2.2455,-3.2613,-0.8960, 1.8434, 1.9302,-3.4036,-4.8015,-4.8426,-3.2801, 1.2624,-1.8672, 0.7977,-2.0129,-0.2838, 1.4670, 4.9558,-4.8430, 4.6817, 1.9713, 1.1055, 3.5412, 2.2535,-1.0065, 1.9143,-0.7046,-3.4497
 1.0257, 3.7967,-0.2844, 4.2814, 1.2924,-0.5762, 3.1882, 3.1903,-4.8187, 2.7888,-3.8800, 4.5895,-4.1881, 0.9589,-1.9630, 2.2104, 3.6367,-2.5599, 0.4395, 4.4657, 1.3228, 4.0376,-3.0323, 2.5102, 0.7329, 3.0694, 3.8951, 3.0122,-1.8497, 4.1897,-3.8751,-1.1404, 3.5299, 2.7015, 2.9611, 3.6940, 2.4760,-1.8251, 2.1397,-4.3415
-0.7410, 2.9656,-2.0317, 4.5512,-0.1806,-0.3706, 2.2281,-4.9116, 1.5955, 1.8303, 2.1764, 2.5608,-4.3343, 0.3708,-2.1293,-4.6774, 3.6586,-4.1563,-3.7076, 0.1162, 4.1776,-0.3548,-2.2205,-0.2097, 2.7013,-3.3505, 1.3185, 3.5536,-4.1592,-1.4593, 0.4043, 3.8865, 1.9950,-2.0715, 1.0717,-4.2555, 0.0947,-2.8976,-1.8665,-1.4877
 4.4099,-0.6754, 2.7441, 4.4623,-1.6255, 4.6984,-4.7952,-3.3495, 4.9969,-3.3928, 2.8281,-0.9172,-1.8703,-1.2451, 2.0707, 4.0535,-1.4564, 2.8872,-2.9502,-4.1700,-3.8666, 4.3722, 3.3749,-0.0253,-2.4175,-0.4607, 2.5278, 4.1437, 2.5811,-3.0546,-4.0139,-0.6506,-2.4314, 1.9877, 2.2966, 2.5658, 1.5128,-3.8454, 0.6940,-2.3383
 3.0912, 4.6269, 3.2172, 0.4657, 0.1488,-1.0227,-3.5664, 3.5605, 3.2914,-0.2622, 4.9209, 0.9779,-1.8104,-1.1734,-0.8876, 1.8860, 4.5246,-4.8963, 1.4743, 0.4388, 1.3776,-4.4689, 1.4168, 0.1197,-1.8083, 2.1121, 1.0710,-3.7365, 3.1168, 4.6997,-3.6420, 0.6053, 3.5729,-3.3124, 1.1786,-2.9100, 2.3231, 0.3065, 3.9290, 1.8744
 2.3712, 2.9358, 3.5069,-2.8843,-1.4899, 2.3410, 1.1756, 4.3116,-0.4518,-3.1555,-4.3315, 0.9992, 4.6837,-4.2992, 3.2884, 3.1074,-2.2734,-4.2011,-0.6815,-3.5656, 3.6460, 0.4159, 4.9029,-1.9526, 0.3572, 0.3382,-2.5298,-0.9482,-3.3028, 0.7238, 3.4716, 3.5866, 0.7798,-2.5937,-0.6061,-1.2437,-4.2889, 4.9341, 1.4224,-2.3604
 2.4839, 4.9375, 1.4221,-0.7266,-2.5187,-3.3711, 3.1391, 0.5493,-3.4322, 3.6339, 2.3696, 1.9926, 2.6587, 0.8915, 1.8039, 2.0580, 4.6495,-1.2627, 2.3927,-2.8607,-3.1724,-3.9696, 3.2178,-4.0555, 0.7138,-1.4294, 0.1385,-4.6563, 0.7010, 3.3300, 2.3327,-4.4995,-3.6898, 4.9204,-4.1521, 3.1398,-2.0777,-0.6622,-0.8870, 2.6409
 2.8836,-4.8793, 2.9847, 0.6100,-2.4456,-0.6765, 2.7197, 3.1413,-2.7412, 3.0866,-2.3887, 4.7555, 2.0080,-2.4014,-0.9582, 3.7400,-4.8102,-0.8214,-2.9164,-1.9263,-1.9221,-0.6909,-2.3829,-3.6915, 4.9804,-0.3303, 3.6977, 1.6665, 4.7264,-0.8483,-4.4435,-3.7592,-3.5079, 3.8852, 1.8528,-1.6587, 1.2975, 3.2995,-2.8463, 3.2683
 2.7911,-3.7003, 4.7430, 2.4815, 3.9096, 4.9406, 3.9182, 0.1228, 0.8630,-1.3656, 0.6991,-4.3690,-1.2993, 2.6798, 0.5135, 1.9927, 0.1168,-4.5162, 0.4622, 1.3790, 3.4259,-3.7378,-0.6388,-0.2669, 4.5537,-3.7649, 1.6382,-3.9973,-4.2148, 1.2448, 4.9271, 1.7460, 2.0451, 1.6224, 1.6487, 3.4974,-2.5650, 1.2743, 1.8099, 0.0087
 3.9973,-4.2082, 4.9244,-0.6369, 0.5606, 0.7390, 1.0135,-2.2207, 2.6999,-4.3520, 0.4863,-1.0774, 3.8910,-1.3582, 2.3084, 2.2386,-3.5479, 1.7990,-2.8877,-0.4528, 3.7602, 1.8894,-2.8327, 0.9275, 0.4436, 0.2907,-3.1506,-4.0380,-4.1597, 1.5922, 0.5332,-1.2485, 1.1914,-1.7212, 3.4152, 1.7773, 4.6829, 2.0182, 0.7153, 3.9186
 0.3420,-1.4056, 2.3703, 1.5410,-4.3498,-1.2059, 0.0094,-0.9366, 1.0221, 2.7132,-1.7573, 2.4725, 1.9699,-1.2852, 3.0017, 0.0931,-2.5603, 2.3756, 2.1045, 4.8285,-4.9753, 4.2085, 0.0520, 0.3058,-2.3055,-3.1884,-3.1542, 3.8470,-2.8148,-2.1692, 1.6268,-4.4591,-1.2776, 4.7661,-3.6522,-3.0474,-2.6537,-4.4566, 2.6670, 4.1132
-4.7558,-3.9921, 4.6863,-0.3578, 3.3624,-3.0962, 0.2544, 0.1316, 3.3135, 3.0674,-1.8738,-0.7540,-2.4280, 2.2576, 2.0771,-1.8092, 3.7155,-3.6950, 1.8481, 4.2787,-1.8009,-3.9001,-4.3428,-2.7751, 1.0859, 0.9488, 3.1615, 4.9160, 0.3838,-3.1958, 2.6031,-4.1742,-1.8920, 2.4956, 1.0648,-1.6928, 0.8421, 2.0180,-1.5385,-1.6269
 1.8562,-2.2049,-3.4233, 2.5524,-3.1532,-0.8834,-0.6338, 0.9583, 2.9278,-4.6122,-3.7875, 2.1986, 4.8733, 2.1564,-4.5453, 0.6079, 2.1789, 0.1973, 1.3326,-2.2634, 0.1616,-3.6716,-0.9073,-3.1972,-0.4719,-1.6117,-3.5148, 3.1090, 1.5599,-3.5962, 1.9202,-3.6229,-1.4302, 4.3860, 1.2818, 4.6179,-2.1202,-2.1344,-1.5229,-2.7438
 2.0571, 2.5491,-0.7437, 1.0168, 1.6720, 0.1865, 3.6080,-4.8129,-4.4786,-0.2121, 4.7708,-1.6701, 3.7691, 4.8995,-4.8269, 4.5870, 3.0954, 4.7578, 4.0772, 0.2754, 2.1114,-3.6690,-3.9189, 4.8506, 1.0168, 2.1045,-2.2164, 4.9921,-0.3982, 3.1334, 2.4566, 4.5543,-3.6988, 3.4977, 3.2219,-2.7313, 3.3933, 2.2692,-4.9971,-3.1584
 4.6073,-1.5629, 4.3173,-2.6682, 4.9465,-3.5914, 4.0770, 3.2817, 3.1072, 4.6048, 4.6304, 2.8294, 0.6738,-1.2412,-1.5485, 2.3557, 0.2082,-0.3411,-3.5732,-4.0594, 4.1378,-1.7950, 3.8353,-1.2436, 4.7002,-1.3852,-1.9318, 2.4431, 2.4739, 2.4698,-4.4534,-4.6770,-1.9847, 0.9346, 1.1009, 2.9706,-0.1959,-2.8521,-2.3049, 4.2138
 2.0247, 3.6877, 4.4817,-2.5264,-2.6039, 3.9282,-3.5713, 4.2500, 0.2204, 3.0090,-1.1756,-0.9489,-4.5195,-3.5923, 3.3427,-2.6999, 2.7641,-2.6933,-1.9671,-0.9628,-1.9078,-2.5871, 0.6064,-3.3012, 3.4455, 2.4382,-0.1515,-1.4960,-0.3557, 4.0424,-4.5285,-3.5730, 2.9965, 4.7255,-1.1995, 1.6704, 4.9058, 0.2824,-1.1269, 1.4012
 3.2207,-1.8462,-2.4321, 3.3498, 3.3450,-0.9075,-1.7941, 1.6644, 1.2434, 1.1986, 1.5803,-4.6839,-1.1410,-0.8143,-3.5497, 0.6846, 1.1670, 0.1306, 1.9907,-2.1436,-4.4452,-0.9316,-0.4912,-0.9857,-1.2565, 0.9392,-1.3970, 3.0672, 3.8781, 3.6920,-4.8497, 3.2461,-1.4547,-3.8826,-0.4225,-2.2625,-3.3239,-4.2328,-0.5871,-2.9209
 0.1369, 3.3562, 1.8166,-1.1003,-0.2778,-4.5036, 4.1571, 1.3060,-1.3068, 2.5735, 3.5380,-3.2415, 0.8368,-1.7809, 2.5074,-4.8471,-4.6500,-4.8323,-0.6566, 2.8637, 3.9638,-4.0664, 2.3724, 4.6930,-4.8085, 3.6503, 2.9382, 2.4897,-1.7835,-0.8829,-3.4923, 4.6298, 0.0697, 2.1308,-2.7961, 1.9345,-0.0083,-1.7891,-0.4021, 2.2902
 4.0793,-3.1143, 0.6912,-1.2586, 4.2535,-2.3265,-2.4043, 1.8957, 2.3794, 2.3612,-0.8387, 3.3061,-0.6933,-2.5588,-1.8409, 1.6963, 4.0172,-4.9405,-4.1100,-4.6127,-2.3844,-1.1621, 2.8377, 2.7858, 4.3837, 0.3623, 0.0071, 4.5961, 2.3404, 4.1098,-0.6260,-3.7517,-1.2133, 0.7283,-2.3895,-3.3212,-4.2630, 4.9267,-4.4833, 0.3433
-0.4173,-4.2341, 0.4827, 1.8638,-3.2833,-1.0858, 0.6216, 1.1510,-4.0447, 4.6627,-3.4896, 1.6557, 3.0563,-0.7737,-1.2295,-3.7103,-4.0943, 1.0577,-4.7764, 2.6250, 3.2111, 0.8532, 2.4347, 3.1587, 2.0986,-2.7028, 0.8199, 3.8164, 4.4044, 2.1592, 0.4665,-4.5748,-2.3252, 0.4952,-1.0387,-1.9670,-1.8787,-1.4059, 3.4048, 2.4645
 4.4366,-4.0889,-4.7327, 0.5648, 0.3701, 3.0721,-3.5880,-3.5514, 4.7770,-2.3770,-4.9081, 3.8392, 0.8791,-1.5670, 4.8299, 3.1899,-2.6011, 4.3582, 1.8954, 0.8380,-3.5147, 2.4842, 0.3038, 4.9144,-0.9311,-0.7696,-0.3272,-1.6808,-0.8938,-3.1334, 0.7658, 4.8741,-0.1531, 3.0676,-3.2450,-1.9824, 2.4904,-1.2908, 1.3225, 0.3273
-4.6699, 4.1939,-4.4098,-0.6957, 3.3863,-2.7114,-1.2422,-1.9417,-3.6576,-1.0580, 1.2181,-1.0327,-3.9837,-0.0397, 3.0654,-1.6578,-4.6502, 4.6757,-3.5128,-2.5642,-1.2164, 0.4560,-0.6583, 0.2286, 0.3902, 1.6409,-4.9607,-3.0509, 1.6779, 2.0445,-0.4100, 1.6856,-4.1993, 0.3794, 4.4520,-1.9437,-0.0623,-4.8887,-0.9672,-2.1513
 1.5122,-0.4255, 1.3602, 2.0747, 1.1738,-1.2121,-3.5192,-1.7514,-0.0078,-2.9916,-3.8043, 4.4692, 1.6018, 1.6507, 4.0646,-0.4063,-2.7021, 1.7551, 3.5060,-1.1581,-0.2732,-3.4364,-0.7125,-0.5679,-4.5185,-0.2373,-3.3779, 0.0741, 4.5890, 2.1874, 4.2003, 4.3919, 0.3030,-0.7644, 2.5965,-4.7261,-0.1127,-1.4192,-4.0622, 2.2506
 2.1519, 0.9898,-3.6813,-4.6538,-4.4286,-1.4231,-4.1391,-0.6199,-3.7973, 1.1505, 0.5808,-1.8511, 1.1779,-0.2162,-2.1631,-2.2640,-0.2513,-2.5059, 4.4831,-1.8363,-0.8169, 1.7801, 0.0199,-1.0717,-2.4693, 0.6947,-2.6234,-2.9175, 3.2014,-1.5580, 3.0327,-0.3424,-1.9364,-3.1387,-1.5205,-4.7866, 3.5983,-3.3681, 4.2344, 4.4371
-2.4120, 3.9688, 3.4412, 1.8975, 3.6937,-0.0035, 4.1649,-2.0073, 2.6248,-3.9070,-0.0469,-0.3587,-4.3563, 0.4760, 4.1262, 1.3887, 1.9515, 2.0202,-0.6182,-3.0364, 4.1763, 4.3061, 0.2165,-1.1356,-4.2268, 0.8443,-1.9689, 2.8861, 4.6134, 2.4898, 1.2606,-3.2918,-1.6868,-1.7774, 3.8896, 2.5137, 4.7331,-0.7701, 4.4922,-0.6217
 2.6512,-1.0815,-1.9607,-4.9041, 4.9047, 1.9191, 3.6054,-0.5780,-1.8269, 2.1127,-4.5934, 0.4514,-4.4736,-1.2425,-0.6548, 1.0056,-4.7440, 3.4890, 0.5840,-2.1846,-4.8965, 1.3233, 4.3898,-2.8114, 4.7903, 1.2622, 3.9744,-0.2034, 0.1762, 2.8866, 0.0806,-3.7382,-3.2463, 0.3297, 3.1711,-1.2958, 3.1177, 2.5232, 1.3832,-2.1722
 1.4497, 2.1396, 1.1285, 1.9508, 2.4762,-1.3693, 1.7685,-0.6323, 1.1824,-0.5333, 2.2051, 0.8311, 2.4960, 1.2942, 2.8538, 3.9406, 3.9365, 3.1744, 3.4245, 2.0595, 1.2931, 0.9572, 4.5170,-2.0240, 3.1420,-1.5953, 0.5706,-3.3415,-0.1406, 0.1811,-1.1551,-4.7461,-4.8121, 2.9742,-1.1314, 3.0959,-3.0133,-0.1871,-2.7383, 4.2046
-0.5138, 1.9334,-2.5764,-4.7890, 2.7039,-0.4362, 1.6184,-1.4580, 4.1219,-4.2307, 2.0228,-2.7208, 3.0312,-4.3293, 4.7977, 3.5336, 4.2133,-1.7944,-3.5713,-3.7069, 4.7561, 4.3703, 4.0599, 2.0776,-4.3838,-2.5053, 1.1430, 1.7276, 0.3169, 2.2980,-2.2724, 0.6373, 1.5633,-4.5238,-3.0664,-1.5400,-0.0668, 2.5392,-0.4766,-1.7753
-1.5920,-4.0453,-0.5051, 0.8789,-2.5305, 0.0493,-3.7843,-2.5698,-0.0185, 3.9124, 1.4244,-0.7697,-3.5622, 4.6802,-2.2680,-2.0589,-0.6747,-2.5752,-3.6445, 4.8951, 0.6278, 1.9334,-1.9801, 1.8476,-0.1215, 4.9059,-0.4227, 4.8610,-3.0644, 0.8023, 0.9849,-1.5785,-3.6838,-4.3790, 4.5851, 1.1908, 3.0144,-1.1077, 0.8402, 2.5870
-2.7478, 1.6901, 0.5508, 1.6723, 4.6762, 2.2151, 3.4715, 3.8931,-1.1983,-4.8770, 1.5200, 0.3831, 3.2284,-3.8377, 1.3127, 0.5655, 0.1613,-2.4130, 3.2717, 4.0636, 3.6598, 3.2477, 0.3262, 3.8368, 3.6720,-4.7489,-1.1225, 2.9846,-3.6417, 3.0290,-0.8150, 0.6618, 4.8184, 1.2074,-3.7052, 0.1115,-3.1666,-1.8514, 0.6448,-4.5880
 0.9707, 3.0514,-4.0480, 4.4400, 0.3229,-0.9368,-2.6103, 3.2201, 4.8531, 1.2503, 0.4302, 2.6795,-4.3869, 3.8879,-2.4465,-1.7296, 2.9131, 4.8290, 2.6134,-2.6330,-1.6924,-3.5412, 4.9407, 4.0485,-0.4704, 2.1141,-2.5215, 2.2195, 1.5544,-3.3840,-3.5250,-0.3295,-0.1681,-4.9399, 0.1329, 2.5188,-3.1181, 3.5217,-1.9300,-0.4531
-4.8516, 2.2948, 3.7967,-4.7745,-2.3833, 3.4812, 3.7780,-4.2136, 3.2022, 3.9697,-4.3168, 3.6019,-4.4016, 1.3523,-0.1675,-3.1367, 4.0188,-4.9555, 3.8076,-4.9551, 0.4538,-1.2070,-4.6769, 3.6843,-4.8343, 0.8617, 1.2314, 1.6320,-1.2227,-2.2230,-2.3924,-1.5886, 1.9146, 1.2392, 3.4244, 0.8997, 0.6852, 2.5145,-0.1271, 2.6101
 2.5547,-0.0642, 2.3121, 3.2049, 4.2110, 3.5653, 0.3638, 3.8809, 2.0942,-1.5394,-3.6303, 2.3688,-3.9609, 0.5262, 0.5952, 0.1168, 1.7087, 2.6161, 2.1522,-4.6022, 2.0935,-2.5959, 0.7529, 4.5061,-3.3602, 4.3156,-1.8683, 4.3196,-4.9073, 3.3705, 1.2271, 3.1327, 3.9151,-0.0828, 2.7944, 4.5980, 0.7317,-4.6247, 2.0279, 2.1840
-2.0998, 2.2664, 2.9959,-1.2873,-4.5899,-3.9508, 0.4811, 4.2096,-1.2980, 1.6724,-1.3266, 4.4218,-1.5677,-1.2237, 3.3775,-0.6412,-2.1223,-4.7634,-0.1618,-0.0998,-0.0402,-1.3727, 2.6461, 0.8568, 1.3809,-0.2348, 2.3231,-0.7678, 2.9275, 2.5233,-4.0364, 0.1014,-3.6682, 2.1519, 0.8806, 4.1839,-2.7185,-2.7810,-3.6864,-0.2478
-2.2118, 4.6890,-2.1239, 3.1753, 1.7880, 1.1772, 4.5723, 0.4668, 1.4095,-4.4714, 1.6983, 0.3412, 2.9451,-0.0028,-0.4772,-0.2371, 4.8762, 3.2871, 1.7818,-3.4352, 2.6291,-2.0077,-3.0800, 1.3208,-3.6649,-1.1079, 4.9017, 2.2113,-4.7878,-1.5803,-2.1869, 1.7043,-0.1980,-2.6805, 4.4086, 1.9721, 3.2507,-1.5512, 2.8847,-2.6528
-1.0455, 0.6207,-1.0869,-2.8304,-4.5537, 3.3390, 1.6023, 0.6068, 0.3419, 3.0607,-0.9334, 4.7738, 0.2222,-4.9782,-1.6613,-0.9850, 2.8818,-2.8560,-0.8683, 2.6814, 4.0621, 2.7059,-4.5282, 0.0102,-1.0646,-4.3254, 3.1834,-1.9262, 3.3367,-3.9840,-1.3169,-4.3049,-0.6019, 1.5132, 2.5478,-4.6340, 3.6695,-2.3775, 0.1354,-0.2781
-3.9199,-4.6743,-1.1134, 2.8670,-4.5798,-2.1583,-4.9077, 2.1267,-3.3321,-0.5241,-3.2970, 2.1586,-2.8604,-4.1687,-3.7167,-0.9635, 2.3189,-1.5270, 4.8933,-0.9582,-1.3968,-4.5000, 0.8048, 0.5462, 3.9960, 0.4867, 2.9884, 4.1015,-3.8216, 0.5447,-3.6462, 4.8511,-3.0820, 3.2305, 2.4764,-0.0578, 2.8401, 1.6084,-3.1397, 0.6139
 2.2731, 0.5779,-4.0602,-2.3989,-0.2904, 1.6496,-2.5789, 2.2457, 1.1173,-0.1456, 0.2760,-3.8836,-2.7586,-2.0184,-4.7549, 4.1620, 3.5716, 3.5906, 0.2522, 1.2133,-1.4898, 1.7892, 3.9518, 0.0866, 1.5344, 1.3134,-4.0655,-0.3606, 4.5146, 2.7711,-4.8862, 0.4535, 1.9890,-3.1252, 1.2710,-1.6391,-4.7962,-4.2705,-4.2616,-2.1928
-0.0611, 0.9002,-4.1875,-2.0250,-3.8429, 2.3909,-2.1046,-1.7001, 1.6773,-1.4246, 4.8706, 2.4773,-3.0771, 2.5131,-3.3967, 4.4719,-3.1289, 3.4029,-2.4766, 3.2335, 2.7774,-4.5124, 0.1765,-2.1157,-1.3777, 3.2901, 3.6953, 3.6323, 3.1019,-2.3872,-3.4851,-4.9004, 3.6520, 3.8390, 0.3110,-0.4797,-3.9340, 1.2229, 3.4304,-4.2035
