-3.8204,-2.2079, 3.9877,-1.6876, 1.0061,-4.3758, 2.6265, 3.9375,-2.2620,-0.8900,-0.1715, 1.1272,-1.4112,-2.2762,-1.4604,-2.4177, 4.1668,-0.3423,-1.1374,-2.3730,-3.3242, 1.3868, 1.5494,-0.4352, 4.0258,-3.7101,-2.9998,-4.5327, 0.7990, 3.5566, 1.9478, 0.1103, 4.6468,-0.1912, 1.8971,-0.8195, 4.8437, 0.1664, 1.1239,-3.4320, 3.9735,-2.5199, 3.7463, 0.1727, 0.0644,-3.0956, 3.1726,-4.8373,-0.9329,-4.7353
-1.5010,-2.2888, 4.7115, 2.7871,-3.4909,-2.0326,-2.7769, 2.8845,-3.0307,-0.7034, 0.6923,-0.9777,-0.0633, 2.2467, 0.2774,-1.4138, 4.6548, 4.2344,-4.1856,-2.2726,-2.2641, 1.3535,-0.5458, 3.9183, 1.7380,-2.8433,-4.7649, 0.1345, 4.3035,-3.8009, 3.5471, 1.5309,-2.9964, 4.0540, 0.8743,-2.5834, 3.4902,-0.3455,-2.9695,-4.7022,-3.1444,-0.0722,-3.7073, 1.2798,-1.5685,-1.2464,-3.8188, 2.5296,-4.9008,-1.5514
-3.1343,-0.2254, 1.1021,-3.2517, 0.4723,-4.6389, 0.1605,-1.8747, 3.4865, 2.4968,-0.0483,-4.1315, 1.0448, 4.9880,-4.2185, 1.4044, 4.8010,-0.6377,-2.1396, 3.0209, 0.7180, 3.2369,-1.5296,-3.1825,-4.6389, 4.7353, 3.7206, 3.2192, 2.1150,-1.6781, 2.0315,-0.9219, 1.8190,-4.1145,-1.0572, 2.8504, 3.4362,-0.4056, 2.7308,-2.5651,-3.5280,-4.6257, 1.9891,-4.5693, 1.8086,-4.2809, 2.0417,-1.2861, 4.4639, 3.0962
 1.2679,-4.5257, 1.8887, 1.5126,-2.1633,-0.6184,-2.2441,-1.2845, 1.9260, 0.9164, 0.8748,-0.0728,-1.1359, 2.3403, 2.5833,-3.1030,-0.4545, 4.6887, 4.4389,-4.7153, 4.0794,-4.4332, 2.1140, 0.4012, 4.2037,-3.1672,-2.5030, 4.4868,-3.2866,-3.1513,-3.0413,-2.6727, 0.1892, 0.4826, 1.4172,-1.7655, 3.2813,-3.6837,-1.0980, 1.6443, 0.9041,-1.3278,-0.6879,-2.7402, 3.3220, 4.9640,-1.6739, 2.3243,-2.9973, 3.0596
-1.1634,-0.0937,-3.5670, 0.4048,-4.9979,-4.9080,-4.0356,-1.1326,-0.1405,-1.1671, 1.3305, 2.0495, 3.1597, 0.4376, 1.9098, 4.9587,-2.8738,-4.5446, 1.8450, 2.4679,-0.5088,-3.9639, 3.7988, 1.9724,-1.9415,-0.3257, 2.0957,-4.2944,-2.9378,-3.8015, 0.9386, 4.7986,-4.3267, 3.3825,-0.0537, 0.4477, 3.2730, 0.3264, 2.2894,-0.9956, 0.9911,-4.4900, 2.8375,-0.2728,-3.1505, 3.0977, 0.9232, 0.3569, 0.0530,-4.4094
 2.3506,-3.6551,-1.4314, 1.4923,-1.8396,-2.9001, 3.3299, 4.1227,-1.6267,-4.9130, 2.8423, 3.3070, 0.9233, 0.5665,-1.4844,-4.0958, 3.9831, 0.6684, 4.4303, 3.7790,-0.8789,-0.4223,-0.1712, 3.6548,-3.4598,-4.8434,-4.1392,-4.8608,-2.9237,-1.5293,-1.9096,-3.4201,-4.7959,-0.7185, 2.2018, 1.4582,-4.6521,-4.6200, 1.1085, 2.9432, 1.3411, 4.6339,-3.8792, 4.9447,-3.0652,-1.4367, 2.6469,-3.4451,-0.3251, 0.7536
 1.4939, 3.6421,-2.2184,-4.3375, 0.5382, 2.5933, 4.2418, 2.6804,-0.3227, 1.5855,-3.0222, 1.5824, 1.7626,-2.1657,-3.8690, 4.8726, 2.9223,-0.9172, 0.6090, 1.7114, 4.1905, 4.7227, 4.9110,-4.6638, 2.9764, 2.7326,-1.5918, 2.3431, 3.5245,-1.7185, 1.3262, 3.7525,-4.2853,-1.3039,-0.8216, 0.4348,-0.1781,-1.7213,-2.5710,-0.6709,-3.6570, 1.1643,-0.0045, 3.8581, 3.0160,-0.6817,-3.1034,-4.6013, 3.0834, 1.7106
-3.4362, 1.9443,-3.0858, 2.9985,-3.9462,-2.1655,-1.7470,-0.2244, 0.2418, 0.1414, 2.1413,-2.1991,-1.6632, 0.2307, 0.6974, 3.7644, 1.3946,-0.9966, 2.2135, 2.3440, 0.4837, 0.5884,-3.8029, 3.5059, 2.5712, 4.4000, 2.1726, 4.3627,-3.3456, 3.4915, 3.1957,-2.4582, 0.9949, 4.8039,-2.3326, 0.5974,-2.1219, 2.6837,-2.6827, 2.1370,-1.4379, 0.5181, 3.8079, 4.6387,-1.1277, 3.4479, 4.2507,-4.9477, 4.5020,-3.5125
-2.9868,-1.9576,-4.9672, 0.9094,-1.4587, 3.0003,-0.4700, 2.2964,-4.2580,-3.3326,-0.0633, 1.0997, 4.0824,-3.8638,-1.5146,-0.3913,-2.4823,-4.7733, 4.4636,-3.6013,-0.0949, 4.2877, 1.2675, 3.8426, 3.0748, 4.6456, 0.3236,-3.4331,-1.1926,-3.2405, 3.2345,-4.0328,-3.6568, 4.2479, 2.3931,-1.7094, 2.9458, 2.4694,-2.6758,-2.0299, 0.4569, 0.4697, 1.2062,-0.5857, 1.0413,-0.8544,-3.8482, 2.9439,-2.9142,-0.9364
-1.7076, 1.5591,-4.5880, 3.4829, 2.4443,-3.1322, 1.2292,-0.6823, 3.4941, 0.7735,-4.4744,-4.1504, 2.7688,-1.1534,-1.7708, 1.6259, 0.8886,-1.0063, 4.2081, 3.0663, 4.6726, 4.5533,-2.9422,-4.1694, 1.7778, 1.4633, 4.2040, 1.0496,-2.2681, 4.0580,-0.7728, 4.5169, 1.1014,-1.7098, 4.8279, 2.9219,-3.8399,-3.4065, 3.8678, 3.2553, 4.8906,-0.6531,-1.3309,-3.2506,-1.4961,-3.1633,-0.6525, 3.4973,-4.5645, 2.4746
-2.6702, 0.4141, 0.7048, 4.2484,-3.2900,-2.2225, 0.9576,-3.8974, 2.2889,-2.9409, 1.2105, 0.5538,-1.0291, 3.9352,-3.8949, 3.2633,-4.6272,-2.1500, 1.6012, 2.1595, 3.5677,-0.6678,-0.4715,-1.8594, 0.8879, 2.0249,-4.7482, 1.6819,-0.2717, 3.5214, 3.5056, 1.3712,-0.9568,-3.7747, 4.9452, 2.9034, 2.3406, 4.4707,-3.1451,-0.3783,-0.9029,-1.9982, 0.4875,-4.1281, 3.8814,-4.9459, 1.8479, 1.0787, 0.0594, 0.6038
 4.6366, 4.9973, 1.3816, 3.5467,-3.9521,-3.6525, 3.5410,-2.5732,-1.5512,-4.3619,-1.2704,-2.8321,-4.3713, 3.9905, 4.6096,-0.8170, 3.1944,-1.2421,-1.1542, 4.2048, 3.4603, 4.8872,-3.4133, 1.6843,-4.3734, 2.1451, 2.0840,-2.1505, 1.4053, 0.7728,-3.4132, 2.7533,-3.1665,-3.5073,-2.1064, 1.0449, 2.6827,-2.3839,-4.9602,-3.0225, 3.4740, 2.9347, 0.5748,-4.7912,-0.6837, 3.8755, 1.8379, 3.9639,-0.0617, 0.9484
-2.7787, 1.9122,-3.9286,-2.3346,-0.3586,-2.8702,-2.4694,-0.8272,-3.0031,-2.5159, 1.5316,-4.0020,-1.5407, 4.2126, 0.9947,-3.4758,-1.8408,-0.8589, 3.1862, 3.2380,-3.0904,-0.6168,-4.9193, 2.0089,-1.7824, 3.8750, 3.3151, 3.0741, 4.7527,-2.5682, 1.5231,-4.1458,-2.6185, 0.1385, 4.8990, 3.3577,-4.7721, 2.1675,-0.1891,-2.2791, 1.7649,-2.3783,-4.9665,-2.6229,-0.5635, 0.7905,-1.1388, 2.7919,-1.3333,-0.1195
 0.1945, 2.3421,-0.4667,-4.7681, 3.0654, 1.3725, 2.3826, 4.8491,-0.9464, 3.6596,-1.3888,-0.4886, 3.0741, 2.1923,-3.3640,-2.9213, 0.2376, 1.2109,-2.1638, 0.9984,-4.5972, 2.8802, 4.8164,-4.8228, 3.7141, 3.1519, 3.4269,-4.8538, 0.5659,-1.6783,-1.3553,-0.5285, 0.2095,-1.9492, 1.1119, 3.7081, 2.5333,-2.1211, 3.0817, 1.3858, 2.3511,-4.4441, 2.6879,-0.6018,-1.5140, 0.3859, 3.3574, 0.0115,-3.2779,-3.0643
 4.2672, 3.5546,-3.2175,-1.6975, 1.4206,-1.0072,-4.0924,-3.4035, 1.8605, 2.2001,-3.9894, 0.2138, 2.1929,-3.8126, 3.0939, 4.8901,-1.1943,-4.5903,-0.3155, 0.0621,-3.1538, 3.2298,-3.0777,-2.2833,-0.2734, 4.1967,-1.3162, 4.7867, 3.7049, 0.3298, 0.7208, 3.7309,-1.8094, 0.7229,-3.9074, 4.7888,-3.6614,-2.0971,-4.4799,-3.9887,-0.7039, 0.6531,-4.1828,-4.2285, 1.6877, 1.2085,-0.9691,-1.8156, 1.6112,-4.3961
 1.9648,-3.1417, 1.0905,-2.1587,-2.4895,-1.3001, 2.6069,-3.6731,-3.1524,-2.1408, 3.2398, 3.1615, 3.0928, 3.0761,-1.6861, 3.7268,-0.0758,-0.7916, 0.4964, 3.0978, 0.4905, 3.7105,-1.8585,-3.1038,-3.7907, 3.2210,-3.6288,-0.9436,-2.9480,-1.1437,-0.5042, 3.0766, 4.4467, 0.4987,-1.9890, 1.5296, 0.0994,-4.0762,-4.7883,-2.6667,-4.3843, 2.1421, 3.2047,-2.0166,-4.3524, 2.6908,-3.0822, 2.5683, 1.7737, 0.6386
-0.4155, 1.8892,-0.3769, 3.7290, 2.9599, 3.5956, 2.2882, 1.5977, 4.0463,-2.6137, 4.4212,-1.5825, 4.7506,-2.3716,-0.0679,-2.4076, 2.0610, 3.6542,-4.1092, 2.2506,-4.3104,-4.2630, 1.5826,-1.9794, 3.8447,-1.2100, 4.0222,-0.4083,-2.7965, 0.0085, 3.4133, 4.9263,-1.1141,-3.0925,-3.4973,-0.8326, 3.8971,-1.9304,-0.7636,-0.8311, 0.1871, 0.8136, 2.1530, 4.0639, 1.6081,-3.8640, 1.8082, 0.9333, 2.6573,-4.2124
 4.7312, 2.9573,-1.6507,-2.3446, 4.5743,-0.5521, 0.3668, 0.3802, 4.0730,-4.0858,-3.1130,-2.9188, 3.4556,-1.0620,-1.4435, 3.1912, 3.6492, 3.6619,-0.6532, 0.4556,-4.9106, 0.4411,-2.5856,-1.4118, 0.9301,-1.3053,-1.7017,-1.6115, 0.3114,-3.6210,-2.2626, 3.1365, 1.7707, 2.1293, 2.4145, 2.4244,-2.1560, 2.2458,-2.7683,-4.6089,-3.7952,-4.8513,-4.1435, 1.9436, 2.7958,-1.5032, 4.1655, 4.6945, 0.8015, 0.7958
 3.8246,-3.4874,-0.2427,-0.8835, 4.0102,-2.6826,-1.7488, 3.0706, 4.4735,-2.5866,-0.9099, 4.4831,-3.2510,-4.7353, 2.9651, 3.7360, 4.7743,-1.0706,-0.1616, 2.0078, 3.7707, 0.3027, 2.3877,-0.3395,-4.1139,-0.8226, 0.8549, 1.5702,-3.4249,-2.5790, 0.3608, 3.4402,-0.9712,-1.7555, 4.6411,-2.4511, 3.1459, 3.8490,-3.6208, 3.6105,-1.5350,-1.1500,-1.5440,-1.9230, 4.8352, 2.1993,-4.9721,-0.1503, 0.5899, 1.6171
 4.9337, 0.2500, 4.4379, 2.9281,-1.2670, 0.1276,-2.3233, 4.3998, 2.5335, 2.8121,-0.9237, 4.1512,-2.7780,-4.3317,-3.0992, 1.9089, 3.9222, 3.8548, 4.4835,-0.9773,-4.4959, 0.1139, 1.0420, 2.9673, 3.9346,-2.3800, 4.7604,-3.7601, 1.8553,-2.1181,-1.9915,-2.0947, 3.5818, 4.4297, 2.1996, 4.1946,-1.8859, 3.6445,-3.4067,-4.3965,-4.1905, 0.0451, 2.1007, 2.1817,-2.9175,-2.9727,-4.0694, 3.3970,-0.9253, 2.1973
-0.1019, 2.1776,-0.7518, 3.7181, 4.5488,-2.3479,-1.4265,-2.3303, 3.4491, 4.1950, 3.9731, 3.0581,-1.1247,-2.1750, 2.3680,-4.2191, 1.6615,-2.8608, 0.9262, 4.0611, 4.7857, 0.3687, 1.4302,-4.7590, 3.9397,-3.7069, 3.7453, 1.6279, 3.0192, 2.6619,-1.6901, 1.8471, 2.0708,-1.1241,-2.1434, 2.5846,-3.9183, 2.0867,-1.8738, 1.8809, 0.9149,-1.1610, 2.0660, 2.6692, 4.1596,-4.6141, 4.0268,-3.3261,-0.1474,-3.0535
 1.1297,-1.2875, 0.7902, 2.3589,-4.5426,-1.5800, 1.8356,-3.9838,-1.3873, 0.2676, 4.4305,-4.4340,-1.7017,-3.4649, 4.3953,-2.3714, 4.1275,-2.8257,-4.6746, 0.3925,-2.6221, 0.5256, 4.3039, 0.4112, 3.0336,-2.4699, 4.0551, 1.1328,-3.1666, 3.6346, 2.5849,-4.6229,-2.5094, 1.9759, 0.1955,-2.8720,-0.6203,-3.0982, 3.3974, 2.6034, 3.7995, 2.6924,-0.5814,-1.7867,-1.7482,-3.5578, 2.0604,-3.2127,-0.0703,-0.7963
 0.1128, 1.3195,-4.7033,-4.1886, 0.9551,-1.8228, 3.6127,-3.7893, 4.8962,-3.2683, 3.7117, 4.5705, 0.0105, 4.8087, 3.3979, 4.1021,-1.8865, 3.4333, 4.4023, 0.6520,-2.9913,-1.5836,-1.8061, 4.3949,-1.0938, 2.2350, 1.0432, 4.8442,-4.4423, 1.0013, 3.3431, 1.1885,-1.0991, 1.8269,-4.1648,-1.8572,-2.6823,-1.6007, 1.8732, 2.6217, 0.8162, 1.2137, 1.3445, 1.7079, 3.8975,-1.7248,-0.6796,-4.5819,-0.7822,-0.8685
 4.0233, 1.8382, 2.6326, 4.2467,-3.8753,-3.5409, 3.2374, 4.2099, 2.0655, 0.4108,-4.0221,-4.1979,-4.6329,-1.3114,-3.6718, 1.9194, 0.6213,-0.3393, 3.0650, 0.3424,-4.1846,-2.9220,-3.3297, 3.2196, 4.7847, 0.8722,-4.3323,-2.2188,-1.3407, 4.1167, 4.0476,-4.9986, 1.9165, 3.7235,-3.9634,-0.1408,-4.7941, 3.5312, 1.0392,-1.2180,-3.6353,-1.4388, 1.7236, 0.3042, 3.7793,-2.0303, 3.8246,-1.7645, 3.2606,-0.7380
-1.3773,-1.0299, 0.5297, 3.7132, 3.8045,-3.8308, 3.3754,-3.6741,-3.3696,-4.1201, 2.5549, 4.2353,-2.1015,-0.4137, 1.8376,-2.7089,-4.3741,-3.8732, 2.0828, 1.4236, 2.2070, 3.0425,-2.7268, 3.8446, 0.5747, 0.7706, 2.6595, 1.5095,-4.7800,-1.9165,-0.9804,-3.4297,-4.6984,-1.4234, 3.8910, 3.7164,-0.2842, 4.8801, 0.3252,-3.0491,-4.9524,-4.3909,-2.5515, 0.1976,-1.8069, 4.8412,-4.5910, 1.2876,-0.6275, 4.4866
 3.2775, 4.7437,-0.5224,-4.7943, 2.0407, 2.7980,-4.2997, 2.5934,-4.1320, 0.6250,-2.5790, 0.9203,-4.6008,-3.7626,-4.7884, 1.1208, 4.0890,-2.2667, 4.9212, 4.7909, 3.5011,-3.6464,-0.8616, 1.0562,-3.7577, 2.9261, 1.4353, 0.3469, 0.8996,-0.6495,-2.9584,-3.4370,-4.3766, 1.7268, 3.2731, 1.9825,-0.0266,-0.4846,-0.2665,-1.0322,-2.6174,-1.4796, 1.5898, 4.3723,-0.3029, 0.3015, 3.6349, 1.4247,-0.9810, 1.2780
 0.1259, 2.3050, 2.4195,-4.7163, 3.2088, 1.1006, 3.2754,-0.5261,-1.0127, 0.2537, 4.4139, 3.7708,-3.8450, 1.4797,-4.9409,-1.7496, 4.6329,-4.2284,-0.5269, 2.9174,-3.5147,-1.8238, 2.8924, 2.4878, 1.4146, 1.8670,-1.7235, 2.5779,-0.6482, 4.9760, 0.7058,-3.2219,-1.1708,-3.1798, 3.4465,-2.9905,-2.1606,-3.3247,-1.4941, 4.4908,-2.8362, 0.0940, 2.3984,-1.5523, 2.1549,-3.2081,-0.3619,-0.8337, 1.9641, 2.7561
-2.7567,-1.5794, 2.1400,-1.9358,-3.5899,-2.0895, 4.8167,-4.0025, 4.3011, 3.7796,-4.8048, 2.1352,-2.4426,-4.2406, 4.5963, 1.5207,-2.3495,-2.1896,-0.6609, 2.3488, 2.4496, 2.1074,-2.5564, 3.9598,-3.5512,-0.2847,-0.8487,-1.0131,-0.2619, 3.0705,-0.4890,-2.5264,-3.9579, 4.6159, 0.7352, 4.1340, 2.3345,-3.7820,-1.0638, 4.3630, 2.6867, 2.4792,-1.9497, 0.6493, 0.6870,-0.4427, 3.9113,-3.1007, 2.2627,-1.0730
 4.7027, 0.4940, 4.6741,-0.1517,-2.2857, 1.4310, 3.8797, 4.2445, 1.4156,-3.6954,-2.6276,-4.9177, 0.7325,-4.7456,-3.9523,-1.3743, 3.7681,-4.9404, 2.8427,-4.7471,-1.9639, 3.4567,-1.5625,-4.5534, 0.9792,-0.0073,-1.6724,-2.7161,-3.0657, 4.0704,-1.5350, 1.4343,-1.4280,-0.6160,-1.6949, 2.5974, 4.7242, 1.1971, 4.2684, 1.8978,-0.5013,-1.3913,-2.5985,-0.2751,-3.7864, 0.2496, 0.2669,-0.0858,-1.8389, 0.6104
 4.2549, 3.7780, 2.8340,-2.7772,-0.0635, 2.6704,-1.2650,-1.0322, 3.1878,-2.0572,-2.8878, 0.5019,-0.3934,-0.6958,-2.8615, 4.5016, 3.9217, 0.5303,-2.3859,-1.7950,-0.7149,-0.6911, 1.2225, 0.4641,-1.8372, 0.5587,-4.4278,-0.9366, 1.6326, 2.7799,-3.2637, 0.4582, 3.2735,-3.5553,-0.7996,-2.4388,-2.6465,-3.1745,-0.2169,-1.1213,-4.5195,-0.4259,-4.3102,-4.4321,-4.9477,-0.4606, 4.8684,-1.5677,-4.1399, 2.2257
-3.1573, 2.9834, 2.6769, 2.2387, 2.4046, 0.9826, 1.5281, 1.9566,-2.1063, 1.2134, 4.8354, 4.0932, 4.5226, 3.1151, 4.7810, 3.9540,-0.6801, 1.6097, 4.4105, 2.2510, 4.4405, 1.7919,-3.0032,-0.9196,-1.9107,-1.6520, 2.3428, 4.3727,-4.2132,-1.3965,-3.7100, 3.4531,-4.5671,-2.1647, 0.0822, 2.1001, 3.8322,-0.1750, 2.8157, 4.0682, 4.6029,-0.1604, 1.3934,-2.5441, 0.6460,-0.0673,-0.3793,-0.8122,-0.3438,-1.3749
 2.6804, 4.1188, 2.9194,-1.9727, 3.2841, 1.1614,-4.2649, 1.0400,-0.7364, 3.0209,-4.4426,-3.7636,-2.2999, 4.8485,-3.8591,-2.5536,-2.8820, 3.2060,-0.2124,-3.0279, 0.4040, 1.3445,-2.3647, 2.2645, 0.6492, 4.1085, 0.1809,-1.9040, 0.1248, 1.3449, 1.9091,-0.8639, 3.2203,-2.1639,-0.9142, 1.4243, 2.8837,-1.8543,-4.1475, 4.4839,-1.7131, 3.0291, 4.8070, 2.0209,-2.5812, 2.5019,-0.6279, 1.7876,-4.7430, 3.2299
-1.5888,-2.8562,-0.1971, 2.9514, 3.9496,-3.7695,-4.2494,-0.9891,-1.3267, 3.5796,-4.7743,-4.8964,-3.1554, 2.5676, 3.6396, 3.7530,-2.1227, 0.4790, 4.4606, 3.5822, 3.3631,-1.1646, 2.6595, 3.4214,-1.8995,-0.6906, 3.8380, 0.6362, 0.0418, 2.7932,-1.6742,-4.8698,-3.0239,-2.2942,-1.5617,-0.8559, 4.3099, 3.3480, 3.7975, 4.0021,-2.0351, 0.3165, 4.9874,-2.0040, 4.9147,-1.9288, 4.1772,-3.3475, 0.9367, 0.3664
-0.2004,-4.9644,-1.9640, 4.4490, 0.8345,-4.0556, 0.2780, 3.5494,-0.6342,-1.9848, 3.5345, 4.2797, 4.4106,-3.9904,-0.0782,-2.5256,-4.7680, 0.3104,-0.0368, 0.1020, 2.3119, 3.9876,-4.3025,-1.3111,-4.3231, 2.5647,-4.7942, 2.3849,-4.1568, 2.2007,-4.7963, 2.0397, 4.9087,-3.0238,-3.0340,-2.4874, 0.3716,-2.7065,-3.1454,-1.2067,-0.1407,-2.9502,-2.5572, 4.6167, 2.5414,-4.0231,-1.4071,-3.1404,-4.3218,-1.1668
 1.8711,-3.8137, 2.0985,-3.6400, 0.3376, 2.9248,-0.4205, 3.9408, 0.6583, 4.2098, 0.6245,-0.7072, 1.0848, 4.4213,-3.1499, 4.2500, 1.2671,-1.4382,-2.8456, 4.5844, 3.5387,-0.9597, 3.1708,-1.1937, 4.4341,-2.8076,-4.6491, 1.6461, 1.0121,-3.2589, 0.5590, 0.8660, 2.8980,-1.0417, 1.9394, 4.5381,-3.0235,-2.6610, 1.0732,-2.9663, 2.0913, 4.4310, 4.6472, 0.3713, 3.9230,-2.1702, 1.7612, 0.5716,-3.1770,-4.8633
-2.6703, 0.3308, 2.5765, 0.6406,-0.5006,-0.8971, 2.3738, 4.0479,-1.0456, 2.3607, 3.0849,-3.2591,-0.7921,-4.3613,-2.4043, 1.6269,-2.1262,-3.1502,-0.2370, 3.6538, 3.5189, 4.6084, 4.4945, 3.3190,-1.3763, 0.0033, 0.5899,-0.3073,-2.6998, 0.4958,-0.2684,-2.6337, 1.4371, 3.5597,-3.0613, 1.0419, 2.8248, 0.6847,-1.7185,-4.5736,-4.9383,-1.3924, 3.1542, 2.5025,-4.9207,-3.5380,-4.6030, 4.9483,-0.5985, 2.3405
-2.1653,-2.1091,-3.3749,-1.2410,-1.1921,-3.2966,-3.1858,-4.8837, 0.2797,-4.2452, 2.1110, 4.1591,-2.1549, 4.7719, 0.5263, 3.3457,-1.3154,-3.5263,-3.1326, 1.1564,-4.9078,-4.1619, 4.3125,-2.0105, 0.0837, 3.1832, 3.1457,-2.0382,-0.0542, 1.1808, 3.2970,-3.4499,-3.5997, 1.1477,-4.7867,-3.3924, 3.4861, 3.1676,-2.3706, 4.3305,-1.4197, 3.3468,-2.6758, 4.8425, 0.1639,-3.5921, 2.8331,-0.1217, 0.7131, 2.7079
 2.2442,-4.8953,-2.6616,-0.8912, 3.0873,-4.6856,-4.3503, 1.2355,-3.0323, 1.4229, 2.0980, 1.1397,-4.1475,-0.1382,-4.9268,-0.8763, 1.0256,-0.9928,-3.5119,-2.9602, 3.4118,-3.4382, 3.1571,-2.9907,-3.1891, 0.8368,-1.2879,-2.9658, 4.2135, 1.7965,-2.1844, 0.0528, 3.1388, 3.1935,-2.9279, 4.2840, 1.2702,-0.4771,-4.3421, 0.3284,-1.1035, 2.9892,-2.6894,-0.4369, 0.1625,-1.8629, 4.8706, 4.0065, 4.4864, 1.2196
 2.2812, 3.1376,-0.2385,-2.6547,-2.8443,-3.0227,-1.6475, 3.6144, 2.1351,-0.7966,-3.4955, 4.5865,-1.4229,-4.0250,-2.3757, 0.5929, 4.5189,-0.1533, 1.7786,-3.0475, 2.9242,-3.1725, 1.3300, 4.5481,-3.5326, 4.1683, 3.7946, 0.5972, 4.0536, 0.6766,-4.7640, 2.4887, 4.5279, 2.9780, 4.5063,-3.4074, 4.9698, 1.5195, 0.2959, 0.4381,-1.0888, 3.6138,-0.6214,-4.6714, 1.1638,-4.4932, 2.8709, 4.1715,-3.5206,-4.9552
-4.3623, 0.3027, 1.4639, 3.4136,-2.1153,-0.0196,-4.2343, 4.4560, 1.4820,-1.9405, 1.6403, 0.3457,-3.1343, 3.2962, 2.7091,-4.9582,-4.3818, 4.7755,-0.7080, 4.2072, 1.3051, 3.6928, 4.9115, 2.2818, 4.6767, 3.6855,-0.4593, 0.5026,-2.7247, 2.3861,-0.2745, 3.9533, 1.0482,-2.6414,-0.2733, 2.8760, 1.7732,-1.4090, 1.4580, 2.4067,-0.5670,-0.8853, 1.7856,-2.0386,-4.9334, 1.5190,-0.5597, 1.9768,-0.3201,-1.2218
-4.8817,-4.0042,-4.4568,-0.7175, 2.3422,-2.0544, 4.7324, 1.1791, 1.2987,-1.0762,-4.7579,-1.5216,-4.4582, 0.9792, 0.6919,-2.3531,-1.7740, 1.1637, 2.1274,-0.1141, 2.1165,-1.8619, 2.6002,-2.9093, 1.6410, 1.8379,-0.2651,-3.2585,-1.9160,-3.0539,-2.5415, 0.8115,-3.7466,-2.7782, 4.5262, 3.9756,-2.3061, 4.1881, 4.3546,-2.1719, 4.1412, 0.7620,-0.9498, 3.5593, 0.7208,-1.6705, 0.0006,-4.2102, 3.3799,-3.8565
-3.8154,-1.8569,-4.4099, 0.6101,-0.8527,-1.2996, 2.7677, 3.9015,-3.3651,-2.7703, 1.6657,-4.9101,-0.0786,-0.9769,-1.1346,-1.4957,-3.8077, 1.1156, 1.1422,-4.5176,-3.4883,-4.4663,-1.2004, 4.9209,-0.0995,-1.5996, 2.3826, 2.8020,-3.1371,-1.6498, 2.0313,-3.4963, 2.2038,-2.3546, 1.3357,-1.6679,-3.4936, 4.2948, 0.7054, 1.2152, 1.9156,-1.2075,-2.1999, 3.7384, 4.7747, 4.8504,-1.7537, 4.5291, 2.7564,-0.6591
 4.2808,-1.5838,-0.4664, 4.0856, 1.7581,-4.6782,-3.4061, 0.8441, 2.7234, 4.5280, 2.7437,-4.4948, 0.6045, 3.3518,-1.0505,-1.4771,-0.1022,-2.7843,-4.7979,-1.8190,-0.9819,-4.6587,-0.8236, 3.4193,-3.0149,-1.5740,-0.7403,-0.8370,-4.5299, 2.4393,-2.7403, 0.3795, 3.3475, 0.3744, 2.8646, 4.5298, 3.0642, 0.0858, 4.6032,-4.1033, 3.3478, 0.5138,-1.1947,-0.9390, 4.5260,-0.6313,-3.1643,-1.0540, 3.6774, 0.2772
 0.1650,-4.1071,-0.1488,-0.2628,-2.3926, 1.0483, 2.6547,-2.1912, 3.8355,-4.1753, 2.1384,-3.8619, 2.8507,-0.8629, 1.8879, 2.2850, 2.1484, 1.8248,-4.9999, 0.9699, 1.6729, 2.0523, 2.7796, 3.6945, 1.0281,-1.7205,-2.4459,-1.2581, 1.1689, 2.3850, 1.1027,-0.8884,-0.9499, 0.1005, 1.0557,-0.8728, 4.2991,-4.0200,-2.9152, 3.2971, 4.6501, 1.0400,-4.1987,-2.0714,-4.0951, 0.5342, 1.9774,-3.8060,-2.5789, 2.9722
 1.2680,-4.9769, 2.5620, 2.9345, 0.3145, 1.0871, 0.0993, 2.6944, 1.2801, 3.2436,-2.4723, 0.1115,-4.7981,-3.5212, 0.6012,-4.3651, 4.2882,-2.3330, 1.5904, 3.5169, 3.9797, 4.4904,-4.3203,-0.5555,-1.9155, 0.1448,-0.3286, 1.9913, 1.5344,-4.9137,-2.4502,-2.0175,-2.3698, 3.8019, 3.0570, 1.2524, 4.5844, 3.3933, 0.6315, 3.4567, 1.1175,-1.4264,-0.7284, 4.2824,-0.7090,-4.1870,-1.0622, 2.7366, 1.5340,-3.8637
 3.7757,-0.9873,-0.3013, 0.6469, 3.9894, 0.8393,-2.4032,-1.9590, 2.0493,-1.9141,-4.8646,-2.8455, 1.6954,-4.9078, 0.6649,-4.0022,-4.5650,-3.6849,-1.2711, 2.2907, 4.8362,-4.5453, 2.9362, 2.7964,-2.9994,-2.9782,-2.3917, 1.3781, 0.9880,-3.8450, 0.2117,-1.4560, 1.1418, 3.9090, 1.4583,-1.7048, 3.0702,-2.8000,-0.2718,-4.3001, 1.2422, 1.2760, 3.4547, 1.9391,-1.4465,-3.0556, 3.2423,-2.8924,-1.2119,-0.0785
-4.8396,-4.7927, 2.3206, 2.2447, 4.1093,-1.4840,-2.5723, 3.0196, 1.8506,-2.7075,-4.6410,-0.0981,-4.9758,-2.0288, 0.5242, 4.3036,-1.2069,-2.0363, 2.8326, 1.6823,-3.0489,-1.2448, 3.8884,-2.7348,-0.8673,-4.2661,-2.7007, 4.1012,-3.5566, 1.2032,-2.0010,-3.5304, 1.0216, 3.3141,-3.4551, 3.2063, 2.0157,-1.6694,-3.5675,-0.5678,-1.2892, 1.0642, 2.3866,-2.4823,-1.9462, 0.7346,-4.5150, 1.1861, 3.6251, 2.4416
 0.1314,-3.9595,-2.8358,-4.4815, 1.0292,-1.4837, 3.3443,-2.1880, 0.4069,-2.8562,-4.9628,-3.2883, 4.3678,-0.1952, 1.7863, 0.8260, 1.4198, 2.8367,-2.2134,-2.6510,-0.7558, 2.2103, 3.9798, 3.4172,-0.5464,-0.4660, 3.7404, 2.7205, 3.6403, 3.2860,-2.5542,-2.4508, 2.1659,-0.3677,-4.7386,-0.2885,-4.8019, 0.4060, 1.3187, 4.4837, 2.4054,-1.8092,-0.8985, 4.6038, 3.8697, 1.4003, 3.1142, 2.2503,-0.9283,-1.7655
 1.7777,-1.0893,-2.9547, 3.3962,-0.3546,-3.0888,-2.9754,-4.5047,-1.1641,-1.7028,-3.4864, 4.5162,-1.4053, 1.7405, 3.7565,-4.0224,-1.2336, 4.1777,-2.9659,-3.5736, 4.9388, 4.7624, 1.1161, 1.8653,-0.6644, 2.8332,-4.2893, 0.7046,-3.8058, 4.1305,-2.0461,-1.2309, 2.8609, 2.6938, 4.2127,-2.7992, 2.7863, 3.0542, 4.4091,-2.3080,-0.5014,-2.8982, 4.3439, 4.3783,-4.5909, 3.5472, 3.7734,-4.8172, 0.2471, 4.9738
 4.5317, 3.4357,-0.0525,-2.6212, 4.1205,-1.7884, 0.0904, 4.0585, 1.6071,-3.6740, 3.0588, 4.8597,-3.7414,-1.8462, 3.5856, 4.2012,-2.1322, 4.1924, 2.8621, 4.0209, 3.9660, 4.8374, 1.0465, 1.9512, 2.4401,-3.3081, 2.8832, 4.5464, 0.9311, 0.8723,-2.7214, 1.6520, 4.2771, 3.3404, 4.3634, 3.3472, 2.4041, 0.2823,-0.6389,-3.7576,-4.8615, 0.7372, 3.3448,-2.5529,-2.2923,-3.8840, 0.2996, 1.7661,-4.6576, 1.9459
 3.2298,-4.8242,-4.7286,-2.2312, 3.3839,-0.0716, 4.2264,-4.2305,-2.3390,-4.0478,-4.2274,-4.0375, 3.2514, 1.1445,-0.7726,-0.1772,-2.9015, 0.8972, 4.8282, 1.8625,-4.3466, 1.4740,-3.3178, 1.6381, 3.3337,-2.4542,-4.9473,-3.7207, 4.4900, 4.3425,-2.7220, 3.7470, 1.1993, 4.9548,-2.2638,-3.1862,-4.8803, 4.4298,-3.9081, 1.6433,-0.1608,-2.0513,-3.9220, 1.9081, 0.0240,-2.5850,-4.9665, 2.7071, 4.8055, 0.1504
 4.2950,-4.2470,-1.2447, 3.0071,-4.9025,-0.8557,-0.7545,-1.0247, 4.4491, 4.3732, 4.2849,-0.4480, 3.5355, 0.8645,-0.0738, 1.3847, 1.1636,-2.7063,-2.1213,-2.3866,-0.3050,-4.4629, 4.6638, 4.1326, 3.1904, 4.3543, 1.7346, 0.6164,-4.3401, 2.6910, 4.1139, 1.5556,-2.0291, 1.5578, 2.3644, 1.5805, 4.7450,-4.9185, 4.6606, 3.2090, 3.1142,-0.2145, 3.5361, 4.2020, 2.4413,-0.1423, 4.4356, 0.8210,-1.0335, 1.8507
 0.6009, 1.3471,-0.5948,-1.0331, 1.6129, 0.5606,-0.0308,-0.1154,-3.0760, 4.1886, 2.3892, 3.0953, 4.4855,-1.2842,-0.2460,-1.1287, 2.3172,-3.6124,-4.4171,-1.6088, 2.2835, 3.0988,-1.2495, 2.0272,-1.4554, 1.0342,-4.2887,-3.6647, 2.7176, 1.1116, 4.9952,-3.4540, 3.2257,-4.0124, 2.3702,-0.4610,-2.7595, 0.3588,-4.1608,-2.4829, 4.5209,-0.8199,-4.0493, 1.7748,-4.5524,-1.3561,-2.9554,-2.7800, 3.1101, 3.7307
-3.8535, 3.8389, 3.2330, 0.5711, 4.1441,-4.5995, 2.0290, 1.6797, 1.6496,-4.0292, 1.4428,-1.8186, 1.0976, 3.2043,-2.4074, 3.4337,-1.1361, 0.3173,-1.5993, 4.4102, 4.7864,-1.4672,-1.7699,-0.4851, 0.5933, 0.0519,-1.5301,-1.9323,-4.1231,-0.9829,-1.0929,-4.4614, 2.3874, 3.1792,-2.1106,-4.9941, 2.7113, 0.0117, 4.3425, 3.2607, 2.1625, 4.2452, 3.9478, 0.7341, 3.7563, 3.9995, 1.9171,-3.4631, 4.3551, 3.1397
-2.4284, 0.3058, 4.1039, 4.0818,-0.8591, 0.7978, 2.2822,-3.4314,-2.5370,-0.2430, 1.3553,-0.3592, 3.3978, 0.5839,-2.0959,-1.5277, 3.1673, 0.3966, 2.9582,-1.9494, 2.2695,-0.5477, 0.2279, 0.3915,-3.9377, 3.0788,-3.3558, 1.3210, 3.3807,-0.6351,-3.3455, 3.1227, 3.2182,-4.6555,-3.4072, 2.7929, 2.0891, 4.9728, 0.4115, 3.7296,-4.4503, 0.1325,-0.4680, 1.7173,-1.5123, 2.5780, 4.7670, 4.7736,-2.1092, 2.5083
-1.8060, 3.7880, 1.2825, 1.4279, 1.8194,-2.1613,-4.4227,-3.5289,-0.1972,-3.6260, 2.1457,-0.1608, 2.3010, 4.2928, 4.4343, 2.2426,-4.8056, 4.5825, 4.4129,-0.3578, 2.9038, 4.5925,-1.0187, 4.2202,-0.5108,-4.1207, 3.7621,-1.6578, 1.1523, 4.4582, 1.3832, 1.0429,-2.2882, 0.5517, 2.6878, 0.4725,-2.8912, 1.0845,-2.5576, 1.6285,-2.8864,-4.3649,-0.4125,-2.0713,-1.8656, 1.2805, 1.2719,-3.2132, 3.6219, 2.7006
-1.6367, 2.2053, 1.1050, 4.8243,-0.5788,-3.4933,-0.7590, 2.4216,-3.2186, 2.0170, 4.7703,-2.2891,-3.4611, 0.1409,-1.9268, 0.7718, 4.7539, 1.9404,-0.1552, 2.1258,-1.6348,-3.4933,-4.7147,-3.2419,-0.9150, 3.1194, 4.7131,-0.2329,-1.3112,-1.5195, 4.8919,-4.4291,-4.7057, 2.0866,-4.1559,-4.1971, 4.7759,-2.2041, 3.3746,-3.0600, 2.7949,-1.3521,-0.6588, 0.4993,-0.1933, 0.4220,-0.4423, 2.7951, 2.5110,-0.5373
 2.3008,-1.5167, 4.7020,-4.6945, 1.8642,-2.0354,-4.6331,-2.6402,-3.8007, 0.9754,-4.1214,-0.7019, 1.7943,-3.6907,-4.0794, 4.3294,-3.0993, 4.5384, 1.1546, 1.3817, 1.3227,-1.7163,-1.1498,-2.8307, 2.9739, 4.7613, 1.2408,-2.7283,-2.7937, 1.0346, 0.5495, 2.3832,-1.8883, 0.7114,-3.8633,-4.6776, 3.4004, 2.8506,-0.3062, 3.4548, 3.8945, 3.6287,-0.2920, 4.7619,-1.1553,-2.3774, 2.1014, 4.8923, 2.9653, 4.6630
 1.8905,-2.4489, 2.6851,-3.5773,-3.9239, 2.0155,-3.1082, 4.8203, 3.3683, 1.9408,-3.5357,-4.3376, 2.7989,-0.7674, 2.2522,-0.3291, 4.1740,-2.1615,-4.7900,-2.9983,-0.3063,-3.6485,-2.3458,-2.0307, 3.7785, 4.8685,-4.0174,-3.5085,-2.8489, 1.1081, 2.6923, 3.7551, 0.1453, 3.9251, 3.9363, 3.5656, 1.3716, 1.0078, 4.0642,-3.3996,-3.1096,-4.8623,-0.3803,-2.0760,-2.5981, 4.3278,-4.4478,-1.1182,-1.7342, 4.5183
-3.4186,-1.6965,-4.8874, 2.1306, 3.9574,-4.9390, 1.4760, 1.5827, 2.0425, 0.1010,-3.3423,-3.1317,-2.9830, 2.2566,-0.5615, 0.3502,-4.7849,-3.9709, 1.4181, 4.0502, 2.5149, 0.3574, 0.6142,-2.3456, 0.8944,-4.2665,-1.6520,-1.2612,-1.2692,-0.9679,-0.4389,-0.5933,-3.1255,-4.2482, 1.5632,-2.1419, 1.7779,-1.5371, 2.3586,-3.1743,-4.0310,-2.5637,-4.8485, 4.6216,-4.2553, 0.2794, 0.7664, 1.3893,-1.2146,-2.3810
-4.3166,-2.5106, 1.8957,-4.4170, 3.1417,-1.7538, 0.1561,-2.9764, 4.5244, 1.7671, 0.1572, 0.2717,-2.1316, 1.9847,-1.3565, 2.9729, 0.7958, 4.8083,-3.2891, 4.0692,-2.7147,-4.8965,-3.5486, 4.5296, 1.3030, 3.5899,-3.8255, 4.1337, 2.2072,-4.4924, 3.5750, 4.6368, 3.3293, 2.8522,-2.8224, 0.4383, 4.4429,-1.6819,-0.2263, 1.8933, 2.2642,-1.7123,-4.6130, 4.5395,-4.0261, 2.9602,-0.3531,-2.8436, 2.2233,-2.6571
 4.8509,-3.4411,-1.1580, 0.9962,-4.7785, 0.1896,-0.8122, 0.4265, 0.4888, 2.3706, 3.4748, 4.6487, 0.6302,-2.1646,-0.9894, 3.8991, 0.7269,-2.1194, 1.1479,-4.7790,-2.8827, 0.0193,-4.1748, 0.3435, 0.6447, 0.2662, 4.7014, 2.6087,-4.2921, 0.0052, 2.1557,-2.0405,-0.9244,-2.1191,-1.3779,-2.2480,-3.9856,-3.4362,-1.3201,-2.7177,-1.5462, 1.2075,-2.3498, 4.2598,-3.6928, 3.5751, 3.1750, 3.9574,-2.5011,-3.9981
-3.0730,-0.1648,-1.9228, 1.4655, 1.9799,-3.3103, 3.6744, 0.3389,-4.7621,-0.6050, 1.7938, 0.2145, 0.3430,-1.6919, 2.6577, 0.0731,-3.9580, 2.3391,-1.0174, 1.5730, 0.4619, 2.7313,-0.7552, 4.9051,-2.7024,-3.5210,-4.2983,-1.6539, 1.5456, 1.5043,-1.1257,-1.3665,-0.4556, 1.4893,-4.1505,-3.1343,-1.2500, 4.4200,-2.0915,-2.9163,-4.1841,-4.1593, 3.4288,-1.5497,-0.3491,-3.1543, 2.5451,-0.8590,-0.2137, 3.2743
-1.7314,-2.7659, 4.5238, 2.5303,-2.3920,-3.2810, 1.6332,-1.8505,-1.6804, 3.5799,-4.4828,-4.2471,-3.1413, 4.5224, 0.0425,-2.8825,-0.0858, 3.7602,-4.7666, 1.3204,-4.7265,-0.2181,-1.0010, 1.3531,-2.4807, 2.4256,-1.1401, 3.8336,-3.0078, 0.3827,-2.7287,-0.3731, 2.7386,-3.5557, 3.6507, 3.9760, 1.4973,-1.7493, 3.4544, 2.9082, 0.5648, 1.8655,-3.5983,-1.2315,-3.2774,-0.9621, 2.8975,-1.6688,-1.7212, 2.6164
 2.5034,-4.4741, 4.2167, 0.6446,-4.0231, 0.1403,-3.8429,-2.5723,-2.7485, 4.4279,-3.7455,-0.9803,-3.8563,-1.0656, 3.9472,-3.5325, 3.2799, 2.6430,-4.0626, 2.1032,-4.4740,-4.6740,-1.5605,-4.9680, 0.7153,-0.7321,-0.3242,-0.0699,-4.7007,-3.7597, 1.7369, 4.2002,-0.3248,-3.5495,-4.6441,-3.7187,-2.1443, 1.8425,-1.8013, 1.0330,-3.0633, 2.4237, 4.0896, 0.5321,-0.4570, 2.6811,-4.3239,-0.9777,-1.2815, 3.8001
-1.3251,-0.0727,-4.3795,-3.0920, 0.8723,-3.3827,-0.2885, 0.6308, 1.1321, 4.5899,-0.7750, 1.5319, 2.7219, 4.7779,-4.7157, 0.9136, 2.2894,-3.3128, 4.2752, 1.5437,-3.2104, 3.3039,-3.0190,-4.2402,-0.3690, 1.0565,-4.5362,-0.9850,-0.4235,-0.8159, 0.4335,-4.1033,-1.6702, 1.1839, 0.7839,-3.8417, 3.7138, 2.1106, 4.6263, 1.6314,-2.7942,-3.1708, 4.2021,-3.7345, 1.3046,-4.4858, 1.9670,-2.2332,-3.1289, 3.6793
-4.5895, 4.4538, 0.8903, 1.9609,-2.9931,-0.2704,-4.9005,-4.0158,-1.1058, 4.8563, 2.3832,-1.7481, 1.8786,-2.9023, 4.3449,-1.7890, 1.7487,-3.3106, 2.6480,-1.0535,-3.4499, 2.6566, 0.5227, 4.2999,-1.6002,-1.1631, 3.0305,-4.8718, 0.8912, 3.1034, 4.2794,-0.4006, 4.5336, 4.3839,-0.7671,-2.0688, 4.8477,-1.3711,-1.8119,-3.5649,-4.3159,-2.3519, 3.1019,-0.7871, 0.0218, 4.2104,-3.5958,-3.4943, 4.7018,-1.1515
-4.0515,-3.7302, 0.0441, 2.8345,-4.5529, 2.9552,-3.1236,-4.1524,-1.9573, 2.6238, 0.4464,-3.1383, 0.6670,-2.3242, 1.5594, 1.4301, 1.1909, 4.9845, 1.3481,-0.5086, 0.7172, 0.2749, 4.7912, 2.2487,-3.0859,-1.7019,-3.2577, 2.4331,-0.7324, 1.5860,-3.3488, 4.3982,-4.9951, 3.9370, 0.5727, 0.8308,-0.4529, 2.1132,-3.8371,-0.4679, 1.8229, 4.9404,-1.4621, 4.9192,-0.0423,-0.2607,-1.8470, 0.2027, 0.1456,-3.4664
-0.4586, 1.9040,-1.4189, 2.5046, 0.6851, 2.3078,-0.3719, 2.6950,-0.5040, 1.1360,-2.8906, 3.4024,-2.9005, 1.0575,-2.7374, 0.2644, 1.4068,-2.3464,-0.3736, 2.6738,-3.8689,-2.7167, 0.3576, 1.7738, 3.3726, 0.1916, 2.1954, 0.2594, 2.9216,-4.8390, 4.2209, 4.6194,-3.5253,-0.1936, 3.5257, 2.8298, 2.0152,-0.2082, 4.9497, 1.8357, 2.7015,-3.6049, 3.6894,-0.2774, 1.4733, 1.7241,-3.9905,-2.7091,-3.0074, 1.9002
 3.8192, 0.3639,-0.7989,-1.4651,-2.1500, 0.6740, 4.5176,-1.2248,-1.0415, 0.7470,-0.2687,-3.7803, 0.9078,-4.6308,-3.2273,-0.7614, 4.1158,-4.0672,-4.6467, 4.7228,-2.5493,-4.8365, 1.1397, 0.0660,-0.3816, 2.0847, 0.6407, 4.0113,-1.8797, 2.3300,-3.0934, 0.0370, 4.7168, 2.7107,-1.1286,-3.8962,-4.7137, 2.2470,-2.8081,-0.2674,-2.5232,-1.7166, 2.9948, 3.0972, 1.3055,-0.3143,-4.0926, 1.6491,-0.4422, 1.3696
-2.9782,-0.2392, 2.5083, 2.6242, 1.2833, 2.0231,-1.4362, 1.6191, 2.3295,-3.7886,-3.7170,-3.7717,-1.1435,-2.2819,-4.1357,-2.3538,-3.1461,-4.2447, 3.0943, 1.6281,-1.7487,-0.1722, 2.9875, 4.7929, 0.5002,-4.3167, 4.5730,-1.1922,-3.3672,-2.9987,-0.8123,-4.6209,-4.7191,-0.6774, 0.9333, 1.9360,-4.3793,-3.6517,-1.2652,-1.8142,-3.6155, 4.3407, 0.2735, 1.0935,-3.7832, 3.0905, 0.1374, 3.6008, 4.2008, 2.4083
 1.3475, 1.7791, 3.1975, 4.9645, 1.9316, 3.1007, 3.5938,-1.3890, 1.9529, 0.8343, 3.6045,-3.7416,-1.6689,-4.9821, 3.4351, 4.9203,-2.1560,-1.6895, 0.2922, 0.4255, 4.9535, 1.0376, 3.0205,-1.2999,-1.8746,-1.4173,-3.2699, 1.7517,-2.8710,-4.0365,-0.0914,-2.1659, 0.7753, 1.7884,-1.3727, 1.5388,-0.0572, 2.4441,-4.0406, 3.9450,-4.3489,-1.0067,-2.7368,-0.5021, 4.9889,-1.6110,-2.9396,-2.0593, 4.3695, 1.7295
-4.5963,-3.9278,-1.6904,-3.8457, 2.3120,-2.7918, 0.3032,-2.4645,-3.5705,-4.4032,-0.9745, 2.6091, 1.6504,-1.4457, 0.9142,-1.0599,-3.1829, 3.9870,-1.1713,-2.0185,-2.3730, 1.0342,-2.0329, 3.3248,-3.1352, 2.6772,-0.6760,-2.8793, 2.1323,-3.6204, 4.6440, 1.2475, 4.5729,-3.7676, 1.3944,-4.2334, 3.1345, 4.7369,-2.1630,-4.5308,-4.8895,-4.4922,-1.6370,-0.8330,-0.0213,-1.2643, 3.2972,-2.0257, 1.3240, 3.4369
 2.0572, 3.8289, 2.8938,-1.0913,-4.6996, 4.5503,-3.5811, 2.8154, 1.4169, 2.4481,-3.4158,-1.0729,-0.4740, 2.2846,-4.0228,-0.7481,-3.6443, 4.0540, 2.5427, 3.1921,-3.4132, 1.5255, 2.5692,-4.2248, 0.7428, 0.9431, 2.9481, 4.0543, 4.0953,-0.9188, 0.9521,-0.3891, 2.4566,-3.3372,-0.2099, 3.8608,-2.4826,-3.9969,-0.4366, 3.1835, 3.1893,-1.4204, 4.2782,-0.1694,-4.1875,-2.1676,-1.2160, 4.5717,-3.5008,-0.5403
-1.5791,-1.7580, 2.1071, 0.0634,-4.4761,-3.0516,-3.8074,-3.3456,-4.2887,-0.1699, 3.0441, 1.0614,-2.2739, 0.3127,-4.4752, 3.3698, 2.1683,-0.7081, 0.9049,-1.6806, 4.3336,-0.2633, 4.4613, 2.3858, 4.9319,-4.2662, 0.7771,-4.8549, 2.7021, 0.3337, 1.7131, 1.1348, 3.5844,-1.0942, 4.8238, 0.7509, 1.0309, 3.8311,-2.2410,-2.6099, 1.3966, 2.3116,-4.4928, 4.1008,-0.3183, 0.1014,-3.1136, 0.7626,-1.1334, 1.4503
-4.2318,-0.3351, 1.2551,-3.3172,-1.1538,-2.6518,-1.4554, 4.0342,-0.0770,-3.5677,-0.6986, 2.8317,-1.2478, 4.0172, 1.3734, 2.0905,-4.4932,-4.2765, 1.8134,-3.5145,-0.0773,-1.8731,-4.3257, 1.7901,-3.9757, 2.5943, 1.7190, 1.7489, 1.2705, 3.3663, 0.2454, 1.7639, 4.0734, 0.0864, 3.7892, 0.0833,-2.9477, 1.4201, 1.8913, 1.8945,-2.0462,-4.2049,-2.3357, 4.8535,-0.6150,-4.4642, 2.0235,-2.5680,-0.4070,-0.6118
-2.0245, 4.9268, 3.1264,-1.2352,-0.4998,-1.5586, 2.6959,-3.2367, 4.5867,-0.4615,-3.6822,-3.0899, 1.7477, 0.8279, 1.4300,-3.9233,-4.5363, 2.0000, 4.9267, 1.2519,-3.8929, 3.1656,-2.6382, 1.3763, 1.6027,-4.6287,-2.6835,-1.1167, 1.9800,-1.0596, 3.0022, 1.3953,-3.6743, 1.0746, 0.5763,-4.8685, 4.7163,-4.0124, 1.1574, 4.1944, 1.3624,-0.4783, 1.4037,-2.6299, 1.4146,-2.6434, 3.9505, 2.1647,-1.6850,-4.7775
 4.9455, 4.3696,-3.9716,-3.7771, 2.5913,-0.5360, 2.9920,-2.0032,-1.9011,-3.3049,-2.6078,-3.4573, 1.1915,-3.7852, 4.1646,-3.6800,-2.9208,-2.7550,-0.3298, 4.1321,-3.4648,-1.6000,-1.8350, 2.4206,-0.6400,-1.5337, 0.3496,-3.5137, 3.2897,-2.1666,-1.6111,-3.5355, 1.5588,-1.6785,-3.1384,-1.0627, 1.5297, 2.6802,-1.4118,-3.1904, 4.0476, 3.5296, 3.9989, 1.5764,-3.1505,-1.3927,-4.2594,-2.4228,-2.7787,-1.8351
 3.5199, 2.7774, 0.5805,-4.7064,-1.1661, 3.7556,-1.2396,-4.0903, 0.3028,-1.7880, 2.8432,-3.9908,-2.2396, 0.6859,-1.1315,-2.7269, 4.8047,-3.1978, 1.1883,-0.9405, 4.8646, 4.8798,-4.0505,-0.6071, 3.5324, 2.5987,-2.4273, 3.7761, 0.4049, 0.8870, 0.1802,-0.2107,-3.5850,-3.7086,-0.6184,-4.4153, 2.2312,-4.9985, 0.1549, 3.4865, 2.3339,-4.6335,-1.9899, 2.1711,-4.0492, 4.6244, 0.7085,-3.2042, 2.4842, 2.2717
-4.0492, 1.9027,-2.4252, 4.9922,-4.1390, 0.9885,-3.9017, 2.5336, 2.2218, 3.8575,-1.0425, 3.4753, 1.1358,-2.1710,-3.2794, 4.0957, 3.1044, 2.1357,-0.5075,-2.2138, 0.3392,-4.0042,-3.2585,-0.7083, 0.3010, 4.9619, 2.7463, 4.3349,-3.8298, 1.4978, 0.4675,-3.4832,-0.9859,-1.9346, 4.2000,-4.1362,-4.0767, 2.6757,-1.8033, 1.0535,-3.5498, 3.5273,-2.2232, 2.7152, 4.5579,-0.9345,-1.9764, 4.2723, 1.3926,-0.3473
 2.0699,-1.0455, 1.3167,-0.3936, 4.5969,-4.2857,-3.6388, 4.0853,-2.4078, 0.0350, 2.7059, 1.7701, 1.4773,-0.3906,-2.7757,-3.7054, 1.7815, 2.6074,-4.5221,-4.7463, 0.7016,-3.9508,-3.6933, 2.2478, 4.8873,-1.2528, 0.6373, 1.7396,-3.8630,-4.1967, 0.4192,-1.6155, 1.4557, 4.1767,-0.8916,-0.0526,-2.1534, 3.6025,-1.3723,-2.7583,-4.8931, 2.0872,-2.9673, 1.5699,-3.6452,-4.2369,-0.6827,-4.4047, 2.5442,-2.0458
-4.8796, 4.3831,-1.1624,-4.9994, 2.2511, 1.5183,-1.9018,-3.6310,-1.4544, 3.3137,-4.7064,-1.5049, 2.1118, 1.9686,-0.9467, 1.7050,-0.6088, 3.0491,-4.6987,-3.0657,-4.8512, 4.5368, 4.5194,-4.7170,-2.8417, 0.6937,-4.0360, 2.8985, 3.5040, 3.5357,-4.4645, 1.3402, 4.3602, 3.6525, 2.6183, 0.5751,-2.2082, 4.1660,-2.3030, 3.3995, 3.6462, 2.2000, 2.4906, 0.3153, 4.8137,-3.4035,-4.9768, 1.8474,-4.2383, 0.2501
-2.4810,-2.4104, 4.9719, 4.8683,-3.1799,-3.8531, 4.2344, 3.4626, 2.1568,-1.0590, 2.9939,-2.4592,-1.4538,-0.7226, 3.2302, 2.2295,-0.8207, 0.2025, 3.9783,-3.6732,-0.4022, 4.8413, 2.5874, 1.6106, 3.7906, 4.6263,-0.2345, 4.4465,-1.0152,-4.8423, 0.0479,-1.5686, 0.4775, 4.8068,-4.5622,-2.7426, 4.2553,-4.5740,-3.3070, 4.2830,-2.6869, 4.2967, 3.2850,-0.8111, 1.4073,-0.5932, 3.5074,-0.4463,-3.6150,-2.4400
-2.1055,-0.5076,-3.7265, 4.8366,-4.7586,-3.4750,-1.2715,-0.9873, 4.7426, 0.5569,-2.4720,-3.5037, 2.7806, 3.1422, 2.2811,-1.8565,-4.0892,-4.0959, 3.4727,-4.6227, 1.8840,-4.5018, 1.5407,-4.3508,-2.7880,-1.1354, 4.9061,-3.0832,-0.5235,-1.5051, 2.7382, 1.4302, 3.0718, 0.3597, 1.7870, 2.1933,-2.6726,-1.7732,-0.1644, 1.0132, 0.4357, 4.0510, 3.1096,-2.1363,-4.7197, 3.6356, 4.8731, 1.6804,-3.8989, 0.8131
-2.2226,-1.0877, 1.3322, 4.3379,-4.2762, 3.4645,-1.2660,-0.9249,-2.1351, 2.6198,-3.8507,-2.3740,-0.2264, 0.4198, 4.8521, 4.9443,-2.8826, 3.0181, 4.2249, 3.6461,-2.8902,-2.2963,-4.4235, 0.9110, 3.1453,-0.4730,-1.8029, 4.1878, 3.7552,-3.5227,-0.0511, 3.1117,-0.3298, 2.7591,-4.9167,-4.2123, 4.1880,-4.9002,-2.5860, 4.8677, 2.6582,-2.7525,-0.2444,-3.5095,-2.2955, 1.9592,-2.4618, 4.7262, 4.3205,-1.2751
 1.1368, 0.8523,-0.2311,-0.9195, 4.7226,-2.3052,-3.6093,-3.9792,-3.6035,-1.5003,-1.3246, 2.8734,-4.6931,-3.9895, 0.0893,-1.8147,-2.3384,-3.9556, 4.0058,-3.8000,-0.9950,-4.6070,-0.7431, 0.5251, 4.7658,-3.4802,-1.2281,-4.3139, 2.7608, 1.2282, 4.6348, 1.0098, 1.5806, 2.8475,-4.8848,-2.1404, 4.3683,-0.9098,-2.5380,-0.4451, 2.4178, 3.8254, 2.3306, 0.6968,-3.2666,-3.3291, 4.8384,-3.3307,-2.9079, 0.4740
 3.3314, 4.0229,-3.1025, 3.5614,-3.5352, 2.6790,-1.6240,-2.7538,-0.8237,-4.2528,-0.7074,-3.4731,-1.7672,-3.8308, 2.0067,-2.6849, 2.0489,-4.5231, 0.7980,-4.9509,-4.2306,-0.0910,-1.3176,-2.9949,-0.7808,-4.2071, 2.2265,-3.1293,-0.3821,-3.1684,-4.9650, 1.2007,-2.6594,-1.7046, 0.2976,-3.3672,-0.7144, 2.5133, 1.7223, 1.6384, 2.1583,-4.7143,-4.8319, 4.7864, 1.9269,-4.6788,-0.7572,-4.5525, 1.2374,-3.7975
-1.7126, 2.6417, 0.5165,-2.0163,-4.6567, 2.5073,-4.7815,-3.7858,-2.4673,-4.7597, 3.0168,-2.8938, 2.9715,-4.9999,-1.6391, 4.1530, 3.4301,-2.7631,-3.5739,-4.6410,-2.1583,-0.8884,-3.0257, 4.6468, 2.2167, 0.9472,-1.0599,-2.6301, 2.9022,-1.1340, 2.1038,-2.9999, 1.6234,-3.5704,-2.5713, 3.6605, 0.3556, 3.2381, 1.8237, 1.1812, 2.9299,-4.1139,-3.8575,-3.6961, 1.1066,-3.5022, 3.2831,-4.7966,-3.9390,-0.0106
 0.6042,-1.0332,-2.1149, 1.5763, 1.9349,-3.7992, 2.9680,-3.6117,-1.3714, 2.4785, 3.6194, 1.1139,-1.8760, 3.4662, 2.4481, 3.7307, 4.1228, 2.3527, 3.9742,-1.1782,-4.5170, 2.8907,-1.5794,-4.3476, 1.9783, 3.3704,-3.5376,-3.6566, 2.3814, 1.7842,-0.5901,-4.1511,-1.3954, 1.6115,-1.2537, 4.4850, 1.0117, 4.8857,-1.2528, 0.7967,-0.2681,-0.0092, 4.1358,-4.8259,-4.1674,-0.7228, 0.7449, 0.4309, 4.7807, 4.7302
 3.6179,-4.2736, 1.1645,-1.4928, 0.3531, 3.5222, 4.1905,-1.7559, 4.0358, 2.2041,-2.5989, 4.0548, 0.9740,-2.6153, 4.8007, 3.6220, 4.5602, 3.3739,-4.3141,-3.1728, 0.9224,-0.8493, 3.1514,-1.0735, 1.9963,-2.7119,-0.8746, 3.6566,-2.5937,-1.7458,-4.5628,-3.3340,-2.4647, 4.1442,-3.6262,-1.2958,-1.2281,-1.6268,-0.6665,-4.8806, 3.3628,-1.3717,-2.3838,-4.1458,-3.5781,-3.6907, 4.6627,-1.8847, 3.7321, 3.9085
-0.6427, 4.8700,-2.2696,-1.9631,-1.9103,-0.2082, 2.0767, 4.1555, 3.6594, 2.8182, 0.6570,-3.1014, 3.2656, 0.2572, 3.0019, 1.6011,-4.3638,-3.8285,-1.9584,-2.3885, 1.9280,-3.8856,-2.1321, 1.3499, 3.5003,-4.1208,-3.9932, 2.6004, 4.2031,-1.1353,-0.0875,-1.4496,-1.0952,-1.2191,-2.0882,-2.7184,-1.1898, 2.6473, 0.0844,-3.8132, 2.3086, 2.5271, 2.5491,-1.8805, 4.8977,-2.4008,-2.2134,-3.4218, 1.5321,-2.6110
 4.1782, 3.2997, 2.3580,-4.8227,-2.3178,-0.3265, 2.0118,-4.1517,-4.6355, 1.2858,-4.6418,-2.2855, 4.8899,-3.7453,-0.0484,-1.0041,-3.6338, 1.7763,-0.6909,-2.6813,-1.5589, 4.0749,-4.0678,-0.1879, 4.3792, 0.8970, 1.4361, 3.8879, 4.2471, 3.6808, 4.7376,-4.5999, 1.8231, 1.3781,-1.4504,-1.8083, 4.6106,-0.5871, 3.7026,-2.8851, 4.4854,-2.6361, 4.6555, 2.2542, 3.3537,-0.0873, 1.5463,-1.4405, 2.3823,-2.0425
-1.4112, 2.4157,-3.4912, 0.2684,-1.1763,-0.5752, 2.2908, 4.6999, 1.3076,-0.9835,-0.9677, 1.3908, 0.5468, 0.9722,-2.4588,-2.4028,-1.3147,-2.0728,-3.9745,-1.3348,-2.6205, 0.9529, 0.9148, 0.7160, 3.0019,-2.4304,-3.6936, 2.8424,-2.7987,-0.2472,-4.7905,-0.2802, 3.0982, 2.7951,-3.3582, 4.5971, 0.2190,-0.4429, 2.5690, 4.7074, 2.5151,-0.4022,-3.4314, 3.4491,-1.2190, 3.7704,-4.8523,-1.1590,-2.0749,-3.8758
-0.1578,-0.4957,-2.2507, 0.6596, 2.3951, 4.3409,-1.9298,-0.3071, 1.1033, 2.0642, 2.1765, 4.4175,-3.9520,-2.7438, 3.0488,-0.9909,-3.8620,-0.0008,-2.2677, 0.3837,-2.0114,-0.8785, 1.3056, 0.5140,-4.3403, 3.9763, 4.6454, 1.4387,-2.4149, 4.5653, 1.3777, 2.2669,-2.4029, 0.6160, 3.4249, 1.6056, 1.8246, 3.4386, 3.4623,-1.6193,-4.7290, 3.2938, 1.6416,-1.5891,-3.4140, 1.4249, 3.1915,-3.8345,-3.4525,-2.5067
-1.3820,-0.5440, 4.5726,-0.1431,-4.6621,-4.2924,-1.6647, 3.5879,-4.4995,-3.9706, 0.5387,-0.1663, 4.4291,-4.6744, 3.0369, 2.0007, 0.9647,-0.7527, 2.4260,-4.1562, 4.8272, 1.2482, 1.6632,-4.5359, 0.3579, 1.3732, 4.5683,-4.5862, 3.8275, 2.1268,-0.9335,-2.1930, 2.9291, 0.5007,-0.4688, 3.8604,-2.2590,-2.4172, 4.2562, 3.8529, 1.7537, 3.5079, 2.9742, 1.5460,-0.5099,-2.3323,-4.0667,-0.7921,-3.9622, 3.5474
