-2.9238, 0.2670,-2.1104,-2.0247,-4.1582,-3.5710,-0.0281, 1.6462, 0.9965, 2.2696,-1.1362,-3.3528, 0.8032,-2.2648,-0.5295, 1.5895, 4.4314, 1.4063, 3.0277, 3.9001,-4.7218, 3.3380, 3.1538, 1.7279,-2.0497,-0.1080, 3.9837, 2.8094,-0.1486,-1.1777,-4.7909, 0.5400,-1.0360,-2.6520, 2.8845, 0.7806, 3.4962,-1.3345, 1.0813,-3.8589, 4.7534, 0.9806, 0.9528, 0.1783,-4.9214,-0.6543,-0.2241, 1.8512, 3.9704,-2.5333
-1.1660, 1.7345,-3.3575, 3.3030, 3.8129,-2.5989, 1.8298, 1.3601, 2.8184, 3.3571, 3.3560,-1.1930, 2.5904,-3.6580,-1.2889, 3.7447,-4.3040,-0.3236,-3.3095, 0.4092, 0.9428, 0.3610, 1.2436, 0.7720, 4.1487,-3.9871, 2.1398, 4.5803,-1.2893, 1.3678, 1.6854, 3.6037, 4.8665,-1.2683,-1.5238, 1.7438,-2.9382,-2.9103, 1.3824, 4.2091,-3.1146,-0.7834, 3.3420, 4.5015, 4.7786, 1.5239,-4.2535, 3.3759, 2.8220,-1.8081
-4.8539, 4.2518,-1.2049,-2.1242, 0.5839,-1.5998, 3.7661,-1.2666,-2.0442, 1.9681,-2.3735, 3.2158,-2.0338,-2.2804, 1.9281, 4.4314, 4.5471, 2.2927, 1.5989,-3.6541, 1.0278,-2.4671,-1.3137,-3.7004,-4.5800,-3.2204, 3.1883, 1.6180, 1.1847, 1.1508, 1.4596,-3.7117,-2.5669, 0.3041, 0.8371, 2.2919,-1.2730, 3.6222,-0.9608, 4.9274, 0.3160,-1.4540, 4.4501,-2.0540,-4.9827, 4.4990, 4.5056, 1.7368, 3.4311,-2.6992
 3.8990,-0.1798, 2.0034,-4.4211,-4.2297, 4.6299,-4.2076, 4.0481,-3.8437, 0.9782,-1.4783, 4.4819, 2.2757,-4.4272, 4.2465, 3.7321, 1.6029, 1.2496, 0.5621,-0.7043,-1.6806, 0.2810,-3.1129, 3.3350, 2.3188,-1.2151, 2.3718,-2.2999, 1.9671, 2.3049,-1.9394, 3.0179,-4.4318,-1.4293, 4.4458, 4.8112,-0.4067,-0.9564,-4.0982, 1.7106, 3.3939, 4.8536, 1.4590,-3.9666, 4.6971, 0.7971,-4.1557, 4.0968,-3.2805, 1.1914
-1.8988,-1.9641, 2.2330,-4.1595, 4.8366,-1.7619,-4.7805, 0.1285,-0.7662,-2.7034,-4.3715, 1.6884,-3.6157,-1.9393, 0.4605, 1.3870,-0.0023,-4.7661,-0.6579, 1.6165, 3.6257, 1.0402, 4.9364,-3.4097,-0.7676,-1.8044,-1.1176, 1.2156, 0.6482, 0.0919, 2.0914,-0.5905,-3.2430, 2.5959, 0.8892, 3.3866, 1.1799,-1.0331,-0.5808,-3.8809, 4.0997, 0.4592, 1.1581, 4.2434, 1.4979, 1.5517, 1.8065,-2.9706, 4.8033, 2.8339
 3.2530,-0.5601, 0.0807,-1.8858,-3.4431, 4.8343,-0.9078,-3.5639, 3.9285, 2.7958, 4.6165, 1.1287, 0.4749,-4.4238, 4.1489,-3.3982,-4.9447,-0.8192,-2.9645,-2.3955,-0.6873,-1.7905,-0.1479, 0.2343,-3.3703,-2.5640,-4.2761,-4.5685, 1.6328, 3.1225, 1.2183, 1.8355, 0.8539,-4.2530,-2.9487,-3.2494,-1.9439,-4.3742, 4.5497, 3.7858,-3.5914,-0.6097, 4.6919,-1.4932, 2.3741, 4.4195,-2.6882, 1.2714, 0.2634, 4.7623
-2.1393, 3.3352, 2.3726,-1.9205, 4.3363,-0.7994, 1.6192,-1.9615,-3.1719,-4.3644, 4.3016,-0.4667,-0.2373, 1.3118,-2.6010, 1.2733, 4.3934, 0.2173, 4.1010,-2.3371, 1.9115, 3.7819,-0.0381, 3.5577,-0.9392,-1.9277,-0.0155,-4.7891,-4.5411,-3.3362, 0.6323, 4.6342, 1.6847, 3.8249,-2.7249, 4.0104,-1.3523, 2.1678, 3.0515,-4.4330, 2.1102,-4.0250, 4.6463,-3.1532, 3.6939,-3.8378, 4.8481, 2.8345, 1.8435,-4.9012
 4.6558, 0.3400,-2.4042, 4.7335, 4.5297, 2.6517,-2.7915,-2.0154,-2.6732,-3.4545,-3.9383, 3.8083, 0.2692, 3.1345,-4.2993, 2.7372, 1.3728, 3.8241, 0.6667,-0.3678,-2.3986,-3.3247,-0.9618,-0.5871,-0.9368,-3.7761,-0.7383, 2.4262,-3.4483, 0.8669, 4.3360,-0.0771, 3.5859, 0.1163,-2.0976, 4.3609, 3.5819,-1.5832, 2.9751,-4.1172,-2.5412, 1.4719, 0.1900, 0.2718, 2.9348, 1.1538, 1.2630, 0.4728,-1.9567,-3.8898
-4.9187, 1.5168,-3.6818,-4.0816,-4.9493, 1.1221, 4.5497, 0.4078, 1.2792,-2.7669,-1.9215,-1.1549, 0.1184,-0.8475, 2.7192,-0.0507,-3.4609, 1.6566,-3.6629, 4.8046,-0.6400, 3.5709, 3.0385, 2.8064,-3.4722,-0.2755, 1.1122, 4.1806,-1.2755, 4.9363, 0.1671,-3.6015,-3.2078, 1.4372, 4.8318,-1.5065,-3.9300, 2.5613, 2.7187,-1.9772, 3.2702, 4.0771, 0.1659,-2.7427,-4.0275,-2.0019, 1.2899,-4.1303,-1.3258, 1.7155
-1.2483,-0.1035,-1.8238, 3.2690,-4.0608,-0.5467, 2.6082,-2.4450, 4.3878,-2.6305,-1.2383,-0.2535,-1.8975, 2.5446,-1.4716, 3.9030,-0.8030,-1.3009, 2.3842,-3.6053,-1.6276,-4.0056,-0.7887, 4.4529, 1.8554, 3.8379,-2.3952,-3.5346,-3.3214, 2.6981, 0.2089, 1.5927, 2.3577,-3.5098,-1.3950, 0.0796, 1.6800, 4.3485, 2.3526,-3.4202,-0.7369, 0.2929, 3.9998, 2.6661, 3.8959, 0.5850, 1.1200,-0.7569, 1.9008,-1.6660
 2.4043, 3.5242, 0.0938, 3.4911, 4.3755,-0.3051,-0.0031,-4.4224,-4.0405, 4.7030,-3.9139,-0.8730,-2.3856, 1.5174, 4.9616,-3.9823, 1.5828, 4.7193, 4.7712,-3.6573, 3.5770,-1.8452,-2.3320,-3.5081, 2.2629,-0.3066, 2.2595,-1.1073, 4.2510, 2.7268, 4.2149, 0.6640, 2.3727,-1.8246,-1.6698,-2.5702,-1.8299, 2.8138,-2.0124, 4.4979, 0.9885,-0.4030,-2.7903, 1.6415, 3.0671,-0.2008, 2.8702, 2.8786, 2.5074, 0.3059
 0.9814, 4.9801,-1.2747, 1.4816, 1.2604, 4.5718,-1.9072, 1.3496,-4.1339,-4.6094,-1.9793, 0.2058, 4.9462,-2.4032, 1.1934, 4.6255, 0.9487,-3.5751, 0.1772,-2.1722,-3.8593,-4.1449, 3.2224, 2.0927, 2.3875, 4.5295,-4.3323, 4.9739,-4.2807, 4.3379, 1.4643, 4.0628, 1.0288,-2.2975,-0.7044,-2.2605, 4.7746, 1.2222,-3.6029, 1.3165,-0.5082, 2.3610, 0.1801, 4.6454,-1.5991,-2.5373,-2.0730,-2.6411,-2.4129, 1.0642
 1.0784, 3.0597,-1.3735,-4.7812, 4.4719, 4.2871,-2.8907,-2.8372,-1.9108, 4.7353, 1.8720, 3.4212,-1.9838,-2.2776, 3.0656,-2.4167,-4.9710, 3.3062, 0.6704,-0.0242, 0.9653, 1.3411, 0.1562, 0.6458, 0.8060,-0.2327,-3.6887, 2.9272, 4.9702, 1.9585, 3.3286,-4.7583, 0.2676, 3.8640,-4.5690, 1.8176,-3.5314,-4.8125, 3.3969, 0.7159, 3.9752,-2.2123,-1.0889,-4.3634, 1.9711, 2.2043, 2.7333,-3.7395,-2.7740,-1.9115
-4.3671,-2.6076,-3.9781, 3.0061, 1.5620,-1.1427, 1.2213,-4.6545,-0.7981, 3.5179,-0.4439, 3.0298,-0.3812, 1.1318,-4.1455,-3.8308,-0.9365,-0.9487, 1.1347,-4.0489,-0.3364,-0.5169,-3.7659,-2.7719,-3.4011,-1.3498, 2.3540,-0.8767, 0.2124, 3.5311, 4.7024, 0.5287, 0.1627,-2.3563,-3.7634, 1.6273,-1.4702, 2.9963,-3.5062, 4.6669,-3.3102, 4.3826, 0.0066, 3.0704,-0.3703, 0.5877,-4.2788,-3.6255,-2.9443,-4.3590
 2.1835, 4.5527, 2.6164,-0.0339, 4.9935, 0.9727,-3.3538, 2.2476,-2.5002, 2.1812,-3.5556,-4.0142,-2.3306,-3.2638, 1.6125,-4.9112, 1.4647, 1.7228, 1.4815,-2.9079, 3.3062,-4.5403,-2.2750, 3.3299, 1.3652,-2.2327,-1.0222,-1.1387,-2.7299, 4.9570, 1.6778,-4.7800, 0.7594, 3.9247, 1.5415, 4.2801,-3.9540, 2.7416, 0.8861, 2.8682,-4.2621, 1.2007,-1.4026, 1.0518,-4.3258,-2.1572, 4.5286,-2.9716, 1.1380,-2.8710
-4.0206, 3.2803, 0.3585, 0.5864,-4.8647,-1.0522, 0.4538,-2.5383,-2.9782,-4.7798,-2.3338,-3.0296,-0.6820, 4.2379,-2.1895, 1.3465, 4.1050, 0.4060, 3.3491, 1.6944,-2.6177, 2.3341, 3.1486, 3.9343,-4.9810, 1.9749, 1.6129,-2.5016, 1.9138, 2.2265, 1.7093, 0.8511, 2.0140, 4.5842,-4.9926,-2.2031, 4.2231, 1.7445,-2.7410,-0.3863,-1.1783,-3.0147, 3.5212,-2.4374, 3.3593, 1.2079,-3.6289,-1.1437, 2.7769, 2.7949
-1.1338,-0.8879,-4.9701,-2.2120,-2.6242,-0.6758, 4.0977, 2.1734, 2.7022, 4.5604,-1.7107,-2.7941,-0.2437, 3.0749,-0.0591,-2.1187,-3.4692,-3.8501, 3.9895,-4.5009,-4.3131, 2.0804, 0.9975, 3.7969, 4.6189,-1.6403,-2.4829, 0.7217,-1.5955,-2.0949,-4.0456, 0.1955,-2.6000,-4.2983,-2.8461,-4.6183, 1.3197, 0.5667, 1.1615,-3.4538, 1.0761, 3.3634,-4.1268, 3.5812,-2.9585,-3.1669,-0.2611, 0.8195, 2.1820,-1.3148
 0.4529,-2.2590, 0.0085,-3.6473, 3.4570, 4.7962,-1.9012, 2.3360,-4.0399, 0.9935, 2.9250,-1.9005, 0.6819,-1.1815,-3.7988, 0.9540, 3.9321, 0.0525, 0.7542, 2.4689, 2.9203, 1.9409,-2.8629,-0.5489,-2.0105,-3.0025,-1.1409, 2.6865, 0.2274,-3.6814,-4.5752,-3.9467, 2.5421, 4.9649, 0.0998,-2.1116, 1.7933,-1.8378, 0.5183,-4.3834,-0.8087,-2.7406,-3.5806,-3.5720,-2.3983, 2.0817, 4.5862, 3.0874,-1.5970, 1.3336
 0.2929, 3.5540,-1.6828, 3.5807,-3.6601, 3.6936, 3.4624, 1.3576, 0.8502, 4.9410,-3.9656, 4.5084, 3.1516,-2.0298, 1.2974, 2.8938, 0.0619, 1.8439, 1.2717,-1.1817,-2.0552,-1.2207,-4.1843,-2.7377, 1.8344, 0.5865,-4.1256,-4.1310,-1.2370, 2.5839, 0.4200, 1.1690, 1.3021, 3.5395,-0.7587, 3.8810,-2.7897,-0.5164, 3.3627, 2.7404,-3.7189, 2.3516,-2.1736,-2.4746,-4.7333, 0.1597,-1.6835, 2.0103,-4.1603,-1.8276
 3.3530, 0.2178,-4.2217,-3.9582,-0.9039, 1.2538, 4.6506, 4.6526,-4.9713,-4.7123, 2.4848, 3.7230,-0.0796, 2.3340,-2.0817,-3.9736, 4.0494,-2.9137, 1.8486, 1.4935,-4.8009, 4.5841,-4.4073, 4.1508,-0.7491, 2.9710,-1.9856, 3.4881,-4.1722, 2.8417,-4.3125,-1.6873, 0.1663,-3.2521,-4.6920,-1.8301,-0.4344,-4.6403, 4.8949, 2.0413, 0.4548,-4.3827,-2.5787, 2.7355, 1.4368, 0.0748, 1.8092,-1.4492,-0.2964,-4.8367
 3.5146,-1.4718,-2.5692,-4.7688, 4.4569,-1.7095,-0.8315,-4.1019,-3.0190,-0.6095,-1.8321, 2.3110, 2.4716,-2.0146, 3.3019, 2.5736, 0.1251,-0.9209,-1.2686, 0.1417, 4.0456,-1.2728, 0.4308, 3.1007, 0.8366,-0.2989,-1.9835, 4.9758,-1.7727, 2.5074, 3.5848, 2.4467, 4.0416,-3.3774, 4.6975,-0.1861,-0.5259, 2.5820,-1.1778, 2.3905, 3.5955, 1.8783, 0.6554,-0.6559,-3.9895,-4.5964, 0.6770, 0.8316,-3.4437, 3.1775
-3.6555,-0.9684, 3.7118,-1.5095, 0.8259, 0.3620,-3.8815, 0.9334,-0.4577,-3.2034, 0.4357, 1.2609, 4.3717,-3.1039, 4.1007, 3.0750,-1.8583, 2.8734,-0.7165,-2.7545, 1.5730,-0.4667, 3.4665,-1.0841,-4.9588, 2.7764,-2.0530,-0.2165, 1.4500,-0.9362, 0.6087, 4.1765,-2.9291,-1.2818,-1.5430,-3.8739,-1.6902,-1.6358, 4.6708,-4.5223, 0.1138,-4.0693,-4.8365, 4.0000, 0.5979,-1.0357,-3.5717,-4.3482, 0.0522, 3.1023
 1.7027,-0.4085,-1.8501, 4.6204, 0.9727, 3.7198, 4.4179,-0.4844,-2.7597, 0.3446, 1.0650,-1.0324,-4.3891, 3.7664, 4.0024,-1.1169,-4.8552, 0.0152,-1.2555, 3.3769,-3.2598,-4.2554, 3.6452, 4.0787, 2.7375, 2.6882, 2.4342,-1.0739, 0.2880, 1.3028,-2.4479, 1.5206, 2.3528,-3.1331, 1.6412, 2.1783,-2.2228,-0.4795, 3.4600,-2.5417, 3.5380,-0.9287, 2.9010,-1.9912, 3.4709,-4.0501,-3.7715, 0.9598,-3.0865,-2.8279
-0.3789,-1.8653, 0.2779,-3.2268, 3.2255, 0.5065,-1.2055, 1.3551, 3.9309,-3.9285,-3.6418,-0.0997, 3.6699, 1.8650,-1.5693,-3.1263,-2.6946,-3.9857,-0.7794, 2.6321,-2.9713, 1.7191, 1.2730,-1.8739,-2.8304,-3.1163,-2.3762, 1.1713,-4.0390,-2.1831, 1.7461, 1.6834, 1.6312,-2.8992,-1.3603,-1.5208, 4.8689, 3.1367, 4.5183, 3.6962,-1.7939, 3.3555,-4.6825, 3.4455, 4.3583,-0.5103,-1.3353,-2.4451, 4.1302, 0.6155
 4.0041,-1.2054,-2.9246,-0.0104, 0.9996,-4.0889,-1.3885, 4.2855,-4.3396,-2.8273,-4.9393, 0.3732,-4.8509, 2.4366,-0.2418, 3.5066,-1.7779,-4.3658,-2.1205, 3.2279, 2.6055, 1.1758, 2.5539, 3.5964, 0.3283,-4.0637, 3.2928,-4.1374, 0.9481,-0.1253,-4.2878,-2.6601, 0.1678, 2.0308,-1.6319, 2.1984, 3.5097,-2.0792, 1.4830, 2.2914, 3.2754,-2.2682, 2.1864, 3.5857, 1.7418, 0.9066, 0.2980, 3.3964,-0.0460,-3.6469
