 2.2821,-4.6698,-4.9162,-3.6709, 2.5621, 3.7981,-3.3991, 1.1519,-0.3309,-3.3278, 3.1042,-2.4168,-4.0402, 4.8072,-0.6597, 4.5535,-2.6140, 4.9666, 4.9655, 0.1728,-2.5599,-3.2762, 4.7410,-1.5714, 3.0304, 0.0073, 2.9814, 3.7137, 3.4703,-2.5935,-1.3093,-0.2613,-3.8719,-3.6134,-4.2204, 3.5551,-1.8670,-4.7250,-3.1333,-4.3560, 0.8318, 3.0424,-4.2266,-1.5431, 3.3762, 1.4956, 2.0166,-4.4341, 2.6646, 4.7172
-0.7194, 3.6019, 0.1386,-2.8269, 1.5204, 0.0764, 3.3533,-0.6558,-0.2254,-1.1673,-0.8181,-1.8534,-3.3169,-3.9582, 2.2956, 2.4240, 3.1825, 4.7512, 2.8803,-4.1816,-4.1305, 0.9987, 0.2195, 1.5849, 3.3454, 0.9783, 3.5005, 0.8403, 0.0190,-1.4595,-0.0288, 0.9156, 1.6330,-0.0590,-2.1381,-1.3890, 0.3895, 1.5068,-2.2022, 1.1089, 0.7741,-4.7405,-3.8001, 0.3700,-4.8811,-4.1680, 3.8258, 0.1024, 1.9641, 4.7199
 4.2232,-4.8392,-4.2416, 1.6444, 2.2376,-0.0459, 4.1732,-0.0452,-1.5488, 4.2572,-0.2767,-2.6113, 0.5796, 4.9493, 4.9815,-0.8542,-0.5004,-0.7613,-0.8406, 2.2271, 4.7297, 2.7000, 4.1088, 0.3958,-1.3795,-4.0431, 2.0354, 3.8364,-2.2647, 4.4340,-2.8142, 0.1952, 4.5510, 4.8919,-1.6866,-3.5045, 0.9322, 0.0631, 3.9080,-1.7078,-4.0348, 4.5920,-1.3065, 0.5042,-0.7252, 2.2872, 3.2421, 4.2125,-4.7886, 2.5103
-4.8030, 4.2168, 4.2101, 4.3183, 1.6361,-2.8095,-2.7433, 3.3694, 2.4922, 2.7801, 0.4019, 4.9582, 0.5598,-2.6137, 1.8133,-1.4248,-1.0231, 0.5548,-1.9976,-4.9146, 2.6612,-2.1640,-4.7471,-0.0910, 1.9457, 3.1855, 1.5332, 2.2563, 2.6223, 1.5760, 1.1261, 2.8696, 2.9210, 2.2934, 2.5898,-1.7939, 4.4763,-2.0815,-0.3829, 0.4795, 2.9066, 3.6349, 1.0352, 0.8088,-2.6180, 2.2222,-2.5487, 3.4062, 2.9272,-3.4667
 2.5276, 2.5563, 4.3359, 3.3862,-4.4104,-3.7304, 0.0320, 1.7418, 0.0125, 4.7145,-1.3673,-0.4918, 1.0509,-3.2471,-2.2252, 4.0068, 0.2421, 0.0324, 0.6852,-4.6393, 0.1873, 0.5138, 2.7932,-0.3444,-1.8068,-1.7276,-3.1922,-4.5665, 3.6371, 3.0557, 4.8436,-1.5472,-3.9880, 2.9980, 1.1694,-4.6167,-4.6340, 3.2515,-0.1263, 4.1391, 4.9057, 1.3533,-0.1834, 2.2497, 1.0384,-2.1515, 4.3380, 4.4552,-3.9169, 2.2996
 0.0903,-2.3720,-2.9172, 1.9250, 4.4520, 0.1580,-0.9555,-0.0546,-2.2255, 0.2188, 0.3326,-2.0541,-3.9600,-0.9919, 3.8076,-1.0230, 1.9594,-4.4076,-0.8856, 3.0409,-3.7751, 2.6437, 2.0433, 1.4714,-0.6899, 4.8655, 2.3100,-4.3310, 3.4792,-2.3804, 4.9953, 0.8428, 0.7711, 4.8635, 2.3077,-2.9162, 1.1683, 3.8882,-3.8451,-4.4765,-1.7058,-3.6905,-1.1681,-2.5801, 2.1859,-0.5909, 4.7016, 1.7324, 2.3731,-2.7363
 2.0538, 0.5296, 1.3524,-2.2875, 0.5168,-4.0398,-2.0090,-1.6075, 4.3137, 3.3497, 1.8586, 0.7536,-3.5385, 0.6457, 2.2997,-0.2659,-0.0643, 4.7843, 4.3733,-3.8277,-4.4602,-4.6914,-2.1643,-2.2614,-4.2954,-3.5414, 2.0656, 2.9668, 0.8686, 3.0341, 3.2277,-1.9643,-2.1846,-0.3192, 3.7475, 1.1256, 0.8245,-2.4670,-1.9857, 4.7963,-3.9242,-3.7882,-3.9392,-4.5561, 1.0554, 4.6135, 0.9952, 0.7841, 4.7012, 3.0189
 2.0750, 3.6558, 0.4453,-3.6195,-2.4692, 4.5351, 1.0979,-4.9529, 1.8337,-0.6734,-4.7707, 3.2882,-0.3884, 1.2488, 0.5608,-1.9690, 4.7079, 0.8087,-3.8019, 2.2533, 4.6351, 2.9735,-3.4528, 4.6647, 0.7067, 3.1288,-4.8976, 1.3985, 3.1004,-0.5890, 4.6194, 3.8225,-0.5793, 3.3858, 1.9213,-4.2316, 1.4836, 1.4149, 0.0961, 1.6626,-3.5135, 0.6931,-0.9710,-3.0201, 1.5953, 3.2361, 1.9793,-3.7404,-4.9300, 2.9722
-4.0550, 2.2221, 0.8631, 4.8002,-0.6271,-4.0794,-1.1423,-0.7063, 1.4050, 1.6246, 4.6692, 2.0007,-0.1666,-3.2136, 0.8373, 1.3819, 1.9624,-2.0525, 0.9985,-4.4604,-1.2106, 2.8448,-0.5171,-3.6750, 3.6005,-0.0508, 0.3730,-4.3766,-4.5570, 4.3883, 4.0174, 2.3417,-3.4898,-3.7570, 2.0697,-1.8056,-2.0261, 1.8600, 4.5591, 3.9743,-4.0898,-3.0257,-0.4178, 1.1730, 4.4673,-1.9880, 1.8691,-4.3277,-3.6659, 4.0521
 4.1249, 3.4058,-1.2865, 4.1436,-4.3377, 0.1330, 1.0773,-1.9226, 3.0004,-3.6484,-3.3859, 3.4325, 1.2465,-3.1276, 3.8806, 0.6178, 3.5781,-2.2374, 3.0998,-3.6288,-1.1994, 0.5773,-2.2337,-1.3337, 0.1400,-4.1854,-4.2140,-0.8652, 3.6384,-4.8481,-2.6457,-3.9778,-3.0941,-2.6687, 2.4856,-2.5960, 4.6857, 3.2746,-2.7118,-4.1762,-0.2540, 3.3185, 2.1140, 1.9715, 2.8219, 2.0637, 3.9793, 3.6636,-0.8640,-4.8797
-3.6612,-3.9554,-0.7139, 1.3979, 0.6524, 4.6892,-0.2558, 1.3644,-4.9516,-0.5504,-2.9256,-4.1825,-2.0753,-4.8501, 1.2303, 1.5430, 0.8719,-1.8128,-2.2640,-3.8712, 0.4709,-1.7991, 3.9714,-0.5340, 3.4974, 3.0105, 0.3132, 4.9374, 3.1228,-2.7120,-0.0310, 3.0713,-2.2048, 1.7402,-3.1920,-0.7986, 4.9754, 3.5404, 2.9336, 3.0739,-4.5119,-1.2415,-1.6100, 3.3825,-2.1178,-4.7011, 4.1827,-2.2945, 4.8306,-4.8506
-2.5304, 0.5010,-0.9954, 0.9282,-3.9608, 0.0236,-2.9459,-3.8368,-4.5398,-4.7780, 0.4624,-1.9478, 3.4945,-4.8434,-2.5198, 0.4315, 0.4142,-2.5771, 4.5540,-0.1676,-3.9457,-3.7131,-0.8633, 1.8578, 2.8811,-1.4544, 3.1436,-3.8503, 0.8352, 2.5894, 3.1129,-3.3676, 0.0655,-4.7558, 4.4036, 3.8008,-3.0916,-0.0746,-0.9024,-2.2908,-0.2158,-1.0066, 1.8065,-3.0923, 4.5081, 1.1092, 1.5382,-1.8334, 2.7021,-4.8211
 1.0876, 0.3040,-2.0146, 4.4043, 0.0903, 1.1265,-0.2583,-3.7680, 0.8959, 2.4434, 3.6834,-0.4042,-4.5300,-2.4524,-1.2870,-1.6571,-1.4876,-4.1775,-0.4959,-0.8748,-3.6175,-2.9116,-4.0825, 0.7511, 4.8542, 2.0279,-2.0152,-3.9274,-1.7168,-4.5140, 1.6907, 1.6183,-1.0338,-3.9120,-3.1429,-0.7401,-3.6638,-3.9544, 2.2302, 1.0368, 4.1772, 2.5388, 3.4092, 3.9307, 2.0356,-1.2752,-2.1065,-1.8344,-0.1872,-2.6726
-0.1536,-3.0473, 4.4627,-2.5567, 1.5525,-2.4501, 4.6308,-3.8715,-1.3627, 4.8125, 4.2805, 4.6680,-2.5784,-3.4481,-4.3754, 2.5125,-2.5879, 4.4848, 3.4316, 1.4630, 2.9752, 0.7517,-4.6767, 0.1595, 1.7979,-3.6940,-1.7859, 4.8493, 4.9377, 3.8048, 1.8892, 0.2612,-0.8296,-1.8476,-3.1346, 4.0915, 2.4035, 2.5180,-3.7238,-1.5872,-3.3350,-4.1132,-3.0054,-4.3340, 4.6816,-4.0670,-3.6993, 4.2614,-4.5259,-1.8785
-3.1130,-4.9322, 4.8169, 1.1610, 0.2943,-1.1030,-2.8293,-4.6266, 1.7481, 0.3265,-2.0573,-0.5974, 1.1885,-0.4219, 1.2373, 0.4146, 1.3763,-4.3580,-1.7925,-3.9270,-0.7598, 2.4520,-1.6941, 1.7667, 2.4374,-4.4513, 0.6791, 3.8816, 1.9528, 2.8113, 3.3428,-1.1985, 1.3783,-1.3164, 1.2840, 0.3818, 0.2971, 2.1054,-0.5482,-0.0713, 1.3832, 1.6327,-0.6576,-0.4184, 2.4277, 2.4953, 3.2207, 4.6777,-3.7453, 4.7673
-3.7155,-3.6094,-0.7712, 0.5202, 1.4344,-0.2570,-4.8002, 2.5166,-0.0711,-3.7206, 4.2061, 4.2460, 0.7614, 4.8086, 2.4364, 2.4983, 3.0407,-4.8553, 3.7610, 2.7985, 1.8958,-3.0872,-0.1632, 4.6009,-3.8507,-2.2990, 0.8419,-4.3780,-4.3075,-4.5263,-2.7210,-0.5192,-3.1863, 0.3143, 0.0150,-2.0648,-0.7314,-1.9817,-4.1612, 4.5651, 1.7996,-2.0171,-3.7691, 3.2179,-2.9696, 0.0089, 1.8130, 4.1038, 1.2688, 3.1501
 4.0159,-1.8423, 1.5752, 2.9455, 4.2651,-0.9194,-4.4281, 0.2412,-0.7752, 2.0980, 2.9582, 0.9054, 3.8536, 4.1517, 1.3971,-0.3120, 1.6282,-2.3593,-1.0342, 2.8876, 4.6672,-2.0860,-0.2947,-3.6750,-0.0075, 3.2847,-4.7675,-1.3293,-2.5662,-1.2174, 3.8394, 3.8985,-1.4973, 2.5909,-1.0641, 2.6272, 0.7825, 2.8294, 0.9220, 1.6379, 2.8469, 3.6972,-1.7200, 3.5695,-0.4004, 1.6108, 4.6975, 4.8415,-0.5242,-1.8406
-0.4112, 1.0753, 0.8125, 2.9283,-4.5609,-0.1661, 0.3515, 4.6974,-3.3442, 4.9159, 2.2147, 2.5590,-0.1612, 1.7381, 2.3477, 3.1293, 0.5360, 3.2650, 2.3405, 1.9568, 0.1316,-4.7674,-1.8316,-3.8693, 4.6633,-0.5393, 1.8780,-0.1267, 3.5356,-3.3796,-0.2640, 3.1860,-0.1764,-3.8871,-0.1068,-4.3772,-0.5287, 1.6672, 2.2369,-4.6613, 4.5651,-2.0049,-1.0907, 0.4559,-0.4669, 3.3226, 1.3046,-0.8567, 3.2716,-3.7378
 2.2808, 0.4563, 0.6599, 4.5191,-1.7485, 2.7275,-3.2799,-1.3784, 3.6242, 4.9131, 4.0394, 3.9197,-4.7649, 4.4909, 3.7662, 3.0430, 0.0751,-0.4153, 3.1468, 2.1878,-0.8445,-0.5448,-0.2912, 2.7714,-1.4134, 0.4042,-2.0550, 3.5138, 4.1180,-3.7594,-4.7158, 0.1456,-2.4702, 1.2096,-2.3993,-2.0460,-1.4564, 2.4772,-1.9738, 1.8244, 2.8495,-1.2430,-2.2201,-0.8973,-0.0843, 2.3107, 2.8215, 0.9218,-2.0508, 1.4641
 2.4361,-4.2795, 1.8791,-4.5238, 4.7418,-3.7873,-0.0640, 0.8642, 3.8855,-1.6785,-4.7867,-2.7972,-3.2971, 3.0039, 2.2688,-2.3160, 1.3370, 1.4600, 4.2379, 2.8242, 4.1828,-0.9154, 4.0618,-0.4684, 0.5443,-0.6973, 0.6247, 0.7432,-4.1731, 1.3848,-0.6565,-2.9572, 3.6071, 0.6737, 4.1990, 1.1308,-3.1948,-1.1547, 1.4263, 4.9888, 0.9229,-3.6709, 3.7536,-0.8187,-4.4815,-3.4530,-4.5642,-2.8406,-0.0029, 3.2423
-1.6374, 4.6468,-2.3108, 4.7187,-4.1976,-4.4678,-0.2079, 4.9580,-4.3847,-1.8210, 4.1156, 0.2167, 1.3940,-3.5055,-0.7215, 2.3175,-3.0320,-3.8718,-0.3593, 4.9439,-2.1937, 4.1314, 3.8993,-1.0416, 3.0859,-0.1198, 3.2950,-4.0973, 1.1100, 1.3130,-1.5257,-2.5166, 4.1899,-0.4578, 2.9689, 4.6307,-1.8686,-4.9213, 1.9963,-1.1292,-3.4317, 0.6752, 3.8366,-2.6339, 2.1316,-3.8650, 1.7947,-1.1138, 0.8641,-1.1072
-2.6633,-0.2676,-4.5041,-2.9735, 2.1668, 4.0909,-3.4162,-4.5442,-4.6362,-4.2255,-4.2129,-3.3182, 3.1683, 0.2707,-4.2961, 2.2879, 0.4266, 3.2527,-3.7177, 0.8263, 3.0337, 4.8751, 0.3920,-2.8897, 1.5535,-4.4330,-1.5527,-3.6529, 0.4462,-2.2588, 3.5340, 1.6102, 0.9965,-3.9679, 4.9467,-3.3542,-4.3027,-0.6480,-4.5809, 1.1462,-0.7684, 3.2583,-0.5112,-4.9807,-2.8137, 1.0567,-3.0865,-4.8492, 2.3006, 2.3736
-0.4315,-4.4009, 0.8767, 2.0858, 3.1879,-0.6954, 1.5886, 3.0131,-2.8356, 0.3537,-3.6304, 1.8405, 4.9556, 0.3756, 3.7591,-1.7964, 1.8044, 3.4722, 1.3988, 1.4965,-4.8651, 3.3827, 2.8357,-3.1827, 4.6832, 0.6023, 4.4711, 0.5736, 2.6684, 3.4973,-0.3415, 2.3003, 2.9977,-3.8295, 0.9758, 3.5408,-3.5521, 2.2647,-2.0899, 2.3572, 4.5735,-2.0234, 3.3383,-2.3323, 0.8002, 4.9776,-0.4784, 4.1863, 2.4654, 1.6164
-1.7950,-4.9733,-2.0446, 3.5478, 3.8638,-1.0655,-0.5799,-0.9364,-1.0474, 1.2819,-2.0135,-0.6055, 2.7353, 4.9784, 0.1714,-1.6627, 3.1988, 2.4588,-4.3742,-2.6689,-3.3931,-4.1555,-0.8385, 1.7781,-0.3182, 0.5958, 4.8008, 1.3479,-2.8718,-0.1433,-2.6428,-0.5323, 2.3311, 4.5621, 2.4026,-4.7717, 1.9846,-3.2334,-0.9924,-1.1357, 4.2962,-3.6156, 4.9459,-4.8262,-0.3727, 3.7877, 0.6048,-3.2041,-4.4010, 0.6915
-3.8153,-2.5926, 2.6556, 1.9485,-1.7401,-4.4635,-4.4431,-1.5171, 3.7260, 3.1071, 0.2546, 2.5183, 2.8457,-1.8659, 1.1994,-0.4023, 4.2776,-2.0353, 3.1697,-0.2794,-1.7842,-2.1759,-0.1507, 4.0988,-4.1101, 3.2990,-4.0783, 0.0530, 4.6880, 2.9714, 4.6718,-1.6732, 3.7035, 4.8788,-0.3598, 3.6248, 4.9502, 2.0970,-0.7198,-3.4906,-0.5369, 2.7514,-0.2325,-3.5859, 2.3338,-2.4113,-4.5509, 3.5086, 4.8807,-3.7975
-4.5003,-0.7637,-0.1070,-3.6013,-2.8204, 0.2346, 1.8462,-0.3288, 2.7522,-1.8691,-1.9837, 4.5971, 0.1921, 1.3230, 1.2058,-3.1157,-1.4893,-0.1908,-0.6403, 3.3180,-3.5482, 3.7431,-3.1043, 3.4930, 3.9819,-2.4209,-3.3586,-1.0066,-4.8168,-3.2252, 4.2622, 3.3291, 2.4872, 4.7252, 0.4487,-0.9678,-2.6234,-1.0044, 4.2631, 3.4423,-4.1811, 0.8955,-3.8752, 1.4685, 3.0548, 4.2725, 1.3981,-0.2786, 4.1395, 0.8427
 3.5702, 0.2037,-3.2048, 1.6880,-0.0621,-2.3420, 0.5400,-2.9656,-4.5142,-4.7553,-4.6181, 2.5246, 3.2079,-3.0848,-2.7087, 0.2767,-0.5347,-0.6834,-4.3003, 0.0292, 2.7647,-3.2404,-2.9204,-2.2895,-4.6755,-3.6424, 0.3117,-3.2596,-0.5673,-4.8381, 1.3237,-2.1684, 2.4107,-0.4511, 4.3735,-4.4346,-2.2599,-1.1653,-3.9716,-1.6722,-3.5092,-0.2133,-0.5214,-2.4708,-3.5918,-3.6998, 1.3073,-4.7358,-4.6478, 1.4375
 4.3453, 0.8728,-2.0244,-2.9054,-2.6140,-4.3841,-0.9490, 4.8787,-2.9786,-3.1989,-4.0406, 0.5774, 4.2948,-2.8562, 2.7877, 1.5124,-0.3579, 1.8693, 4.1280, 0.3676,-3.2850,-3.5723,-2.0336,-1.6869, 1.8199,-4.2008, 0.8921, 4.2825,-2.7369,-2.9368, 1.6394, 1.2326, 1.1328, 1.3965, 2.1436, 3.4048,-4.7507, 2.1423, 1.0731, 0.5056, 3.0367,-1.6567,-1.1221,-3.7308, 2.2719, 3.6047,-4.4390,-1.5376, 4.5582,-0.5623
 1.0466,-0.4307, 4.0124, 4.7151, 1.8420, 2.0412,-0.1182, 1.0736,-0.0430, 1.8014,-2.8264,-4.9829, 3.9461, 2.3452,-1.9929, 2.8055,-3.7554, 0.5189, 4.7367,-4.1813,-4.9343, 0.3561, 3.4310, 2.6895,-0.5552, 2.9982, 3.4880, 4.3120, 1.4958,-1.9900,-2.3422,-1.2305, 0.7947, 2.7881, 0.7595,-3.8533, 4.1435,-4.2402, 1.8633, 1.1688,-3.4314,-4.7710,-0.3919,-0.1960,-2.9594,-1.9575, 0.3279, 1.9931, 3.5549, 2.1183
-1.9726, 3.9385,-3.4760,-2.9101, 0.9610, 2.8666, 2.0518,-4.4310, 3.1498, 1.8270, 0.6445,-1.7173, 2.2348,-4.4200, 3.5037,-1.1549,-3.7135,-2.3204,-0.3055, 2.6966, 1.8640,-2.7865, 1.8490, 3.6396,-0.9790, 1.2484,-0.4009, 3.9776, 4.0174,-1.9512,-4.2881, 3.2071, 3.7820, 2.7160, 0.6928,-0.1192, 1.6812,-2.9886, 3.2049, 3.9210,-3.2419,-3.5353, 2.4054, 3.9074, 0.3944,-4.1846,-2.4808,-4.8749,-1.1426,-4.2091
 2.7592, 0.4586,-4.8451, 4.9700,-0.1256,-0.9330, 4.5291, 3.9736,-1.8937, 1.5705,-0.1101,-3.9094, 0.1600, 3.5113,-1.2284,-0.7972, 1.7285,-1.7072, 4.5464,-3.4182, 4.8033,-0.1533,-3.4609, 3.4271,-4.3858, 0.7977, 0.5741, 2.0241, 3.5206,-0.3246, 3.5049, 3.8600,-3.0833,-0.1114, 3.5282, 1.9334, 0.2339,-2.3033, 0.9451,-1.4826, 0.8969,-1.2688,-3.7964, 4.8701,-1.5000, 1.2271, 4.9235,-2.0863,-4.9759,-0.2667
-0.2262, 0.2847, 1.5957,-1.1694, 1.3034, 1.5454, 2.5802,-2.4100,-0.6415,-3.2296, 4.9698, 2.4944, 0.7122, 3.2139,-0.3920, 0.4672,-4.6067,-1.2036, 0.7379,-2.0965, 1.6421,-0.3213, 3.1470,-2.7643,-2.9326, 1.7903, 3.0466,-0.6863, 0.1015,-2.7247, 2.8914, 2.7582,-4.8889,-1.4153, 2.1247, 3.2138, 1.9390, 1.7468, 4.9322,-2.4429,-2.7081,-3.7509,-2.4030, 1.2044, 3.1072,-3.2871,-3.9470, 4.0330, 3.4111,-3.9905
 4.6225, 3.8434, 2.4984,-3.9172,-4.1099,-1.7388, 4.4751, 0.4997, 3.4165, 0.7060, 2.4209,-3.2611,-2.9995,-4.5659,-2.1161,-3.0182,-4.3227,-4.1061,-2.1096, 2.7210, 1.7129,-2.2390, 0.7203,-3.6939, 1.4966,-1.5982, 4.8291, 0.9871,-2.0841,-0.2837,-0.3616,-4.8839,-3.3253, 0.2093, 2.5297, 2.8853, 4.9471, 1.9672, 1.1961,-2.3199, 4.4026, 4.0331,-2.8900,-4.8135, 3.6907, 0.6811,-4.8223,-4.4786,-1.5773,-3.4669
 0.4988,-3.8781,-2.5214, 0.2182,-3.6905, 2.5906,-0.5017, 1.9781,-0.3384,-4.1753,-1.1931,-3.8977, 3.4374, 0.1981, 1.3425, 1.0268, 4.4488, 3.0702,-2.2628,-2.2894, 3.4110, 0.9739,-4.8958, 2.9928,-0.7791,-1.7536,-0.3744, 2.9868,-2.4832, 2.1990, 3.7398, 0.9091, 1.6019,-3.9573,-0.0181,-1.4131,-0.7944,-1.5875, 2.6058,-0.2153, 0.0060, 3.0226, 4.5089, 3.3258, 1.0628,-2.0490,-0.8684,-2.9804, 3.6924,-4.3862
-4.6539, 2.4449,-1.0004, 3.0199,-1.8016, 3.1427,-4.6084, 2.4402, 0.2304, 1.5025, 2.0977,-1.7102, 3.4843, 3.7142,-4.5650, 3.3295,-1.9885, 0.6748,-4.9220, 2.7620,-0.3808, 0.9819, 4.1407, 2.1208, 1.2974, 2.4389,-3.3122,-4.6848, 1.9381,-2.2019, 1.9795,-4.1291, 1.5390, 1.7330,-3.5249,-2.2490,-4.6783,-3.1709,-4.9682,-1.6920,-1.9371,-0.7909,-1.1634, 0.1620, 3.1045,-3.8107,-2.7913, 1.5638, 2.1548,-3.8901
 3.0079, 0.9199,-3.0057, 3.2411, 1.0483, 2.6217, 2.1085,-1.9785, 3.0821,-3.5689,-1.3236, 1.6160, 3.6654, 2.6144,-2.1301,-2.3875, 3.1720, 0.2968, 4.5130,-4.6810,-4.8338,-2.7864,-4.7312, 3.3287,-0.8646, 3.7827, 0.0421,-3.4108, 1.3858, 1.4783,-3.4335, 2.5016, 1.0438, 3.9958, 1.5742, 0.7772,-2.2032,-2.8414,-4.1926,-2.8335,-2.2806, 4.7965, 4.5045,-0.9307,-0.2418, 3.4110, 0.1561,-3.3756,-1.1802, 4.8226
-0.9444,-3.4479, 3.5895,-0.2767, 0.7675, 1.0341, 3.4476,-2.1741, 4.9819,-3.8820,-0.4245,-1.7927,-1.1106, 2.8815, 2.8783,-4.5317,-2.2755, 3.5827,-1.0401,-1.8622, 0.3930,-4.6821,-2.3662,-4.1298,-0.2690,-2.4567, 4.9073,-0.6521, 1.0582,-2.6620, 0.8595, 2.4590,-2.6314, 0.5878,-3.6391, 2.5228, 1.5734,-1.3282, 4.6390,-0.3052, 4.4004, 1.9741,-3.9894, 0.0575, 3.8429,-1.1919,-2.8620, 3.8391, 0.1331,-0.4745
 0.8448,-2.0300,-1.4044, 4.5505, 0.1400,-0.6677, 1.5825,-4.1890, 2.6600,-1.9472,-1.2507, 3.2269,-3.8070,-2.0628,-4.5198, 4.5095,-1.8729,-1.1864,-0.9523, 1.8107, 1.3550,-4.7513, 3.7147, 3.3909,-4.5699, 2.8947,-1.9925,-3.3220, 1.8552,-2.8472,-0.0889, 3.4233, 0.0466, 0.5460, 3.9784,-2.1421, 2.4255, 3.8018,-2.0297,-2.5190,-0.8303,-2.0023,-4.9826, 4.9583, 4.0202, 1.2094,-2.9667,-1.2518, 4.2485, 0.5382
 0.9074, 1.6819, 1.2903, 4.6807, 2.4634, 1.1738,-3.3658,-3.8059,-2.5227,-0.7529,-3.3971,-3.0066, 3.6951,-4.2942,-0.9367,-1.6713, 0.0875,-4.0588, 1.3784,-0.9473,-0.9011,-1.9666,-0.8675,-4.7924,-2.6009,-0.2759, 4.7187,-4.7414,-4.5755,-4.7640,-3.7567,-3.4812,-2.9498,-3.2157, 2.7260,-0.8207, 1.4221, 3.5230,-1.6374,-2.6784,-4.1374,-4.2352, 1.2722, 2.1064, 2.8293, 3.8625, 2.6160, 1.4621,-2.3513,-1.3470
 0.8919, 4.9983, 0.5574,-2.8134, 1.3644,-3.0707, 2.3120, 0.6009, 0.0636,-3.6467,-0.4456,-4.2458,-2.8032, 2.1726,-4.3509,-1.4948, 1.2891, 3.9279, 0.9336,-0.1823,-2.4655,-4.5578,-3.2010,-3.1947,-3.8952,-3.5538, 3.4105, 4.0598, 2.3771, 2.8679,-2.3713, 3.8372,-0.7345, 2.9447,-4.5857,-3.9868, 2.9847, 2.5801, 4.4666,-2.0492, 3.2654, 2.3007,-3.9893, 1.5452, 3.9331,-3.6552,-3.6393, 3.2950,-3.4022, 1.2766
 1.1850,-1.8976, 2.8857,-3.2348, 0.7647,-0.9024, 0.4568, 4.1462, 1.8207, 3.8822,-0.3916, 4.2840,-1.0184,-2.9446,-2.2940, 1.8786,-2.8364,-4.4924,-0.0183,-0.0514,-0.2227,-2.2794,-2.3917, 0.7947,-0.6519,-2.8109, 4.6120,-4.1108, 2.9631,-1.4173,-1.8174,-4.3422, 4.1820, 1.5257,-4.0797,-1.6973,-0.7603,-4.0398,-1.2166, 4.8067, 4.7530,-0.8854,-1.8192,-1.9368,-3.6666, 1.8794,-0.4612, 2.9822, 2.0749,-2.6231
-2.9956, 0.1067,-1.2258,-0.7858,-1.7086,-2.1829,-4.3147, 3.0543,-1.0687,-2.9043, 0.9720, 3.6750, 4.5941,-2.6679,-2.6196,-3.2009, 1.8887,-2.0832,-3.4794,-1.6349, 2.6683,-4.2263, 0.5547, 0.0954, 1.7307,-4.3361, 1.9539, 4.3817, 4.3429,-0.0356, 3.7021, 3.4590,-3.5976, 3.9771, 0.5122,-2.8452, 4.2053, 0.8365,-4.9355, 4.4498,-1.3331,-4.0993, 2.8117, 4.9177,-4.7070, 0.2751,-4.0590,-4.2884,-2.4179,-0.3289
 3.3249, 3.3115, 1.4565, 0.3099,-0.1582,-2.1138,-3.9966, 0.2300,-4.3893,-1.3347,-3.7410,-2.2028, 4.1346, 1.8611,-0.7590,-2.4407, 4.1646, 1.9643, 3.8686, 0.7301,-4.8550, 1.3916, 4.3349, 2.3024,-0.8794,-2.2180,-2.2360,-2.6324, 0.8807,-2.2327,-2.8045, 3.1648, 2.9675,-2.1381,-1.1951,-1.2177,-1.7420, 1.2192, 3.6102,-4.7338,-4.1900,-3.3032,-2.0667,-4.9400,-0.1002,-4.1862, 1.8945,-0.7861,-3.8811, 3.1877
 0.0463,-4.6072,-4.6415,-3.1869, 3.4203, 1.5113, 1.7204, 0.5754, 1.6114,-0.2487, 1.9571,-2.9629,-1.7996, 0.1780,-0.5270,-1.9476,-3.0993, 0.4594, 0.5384, 4.1293,-3.9273,-2.0212, 0.0534, 2.1263, 2.9471, 2.2182, 4.4203, 3.3950,-2.3301, 3.5468,-3.9531, 0.5930,-4.9926, 4.9196,-3.3399,-0.8169, 3.8250, 4.5414,-4.4396, 0.4817, 0.7285,-4.0979,-3.1788,-0.1798, 3.4033, 3.7860,-1.9376, 2.3457, 3.8999,-1.9707
-0.6425,-2.4661, 1.8719, 0.4238, 4.9503, 1.4218, 1.5839, 2.7828,-1.9264, 1.5380, 3.2192,-4.5099,-4.0440,-0.5451,-2.4071, 2.1661,-4.0832,-2.6149,-0.2789,-0.1828,-3.9088,-4.9831, 4.1053,-2.5796, 2.9484,-3.3801, 1.4087, 1.2006, 1.0326, 0.1900,-1.0140,-0.7264, 2.1515, 1.7338,-0.9342, 1.1046,-0.6449, 2.0701,-3.9471, 2.7751, 1.2413, 0.3746,-1.6622, 2.4577, 2.0043, 3.2072,-0.5452,-0.3463,-2.7648,-4.0463
 0.8589,-2.8342,-1.2351, 2.1836,-1.8946, 1.7639,-3.1357, 1.2073,-0.1104,-1.2187, 3.2407,-2.8891,-4.3803, 2.3139,-3.6050, 3.2822,-1.8084, 2.9556,-0.8511,-0.5695, 3.5226,-3.2764,-2.8555, 2.5089, 3.6914,-0.1028,-4.6295, 1.1940, 0.2419, 3.4464,-0.9082, 0.2581,-2.9785,-0.7318, 4.6438,-0.0995,-3.4499,-4.9751,-0.0549,-4.7636,-2.4639,-3.7765, 4.0175,-1.5985,-4.6223,-3.3106,-3.5047, 1.6948,-2.7687, 4.2339
-2.3166,-4.3469,-4.2913, 2.8154,-3.5638, 1.1750, 4.5223, 2.2501, 2.9743, 1.8081,-0.5578,-4.1537,-4.4368,-1.4778, 2.8744,-1.1691, 1.6983,-1.0824,-0.2799,-4.3585, 0.6516, 1.4400,-4.8320, 2.7594,-3.6765,-3.7246,-2.7527, 4.2974, 1.9748,-2.6080, 0.9312,-1.4413,-0.2890,-1.0675,-4.9548,-0.5785, 1.2337, 3.4208, 3.6088, 0.5511,-2.9988,-4.7737, 0.8546,-2.4414,-3.8398, 0.3630,-1.0621,-3.2392, 4.6543,-4.8360
-2.4741, 1.2363,-3.3144,-1.5276, 3.8145,-0.3881,-2.7804,-2.8769,-1.1326,-1.4704, 0.4080,-4.7780, 1.2025,-0.2503, 3.7777, 4.7011,-1.4738, 4.8946,-4.7978, 0.7938, 3.7309,-1.6140, 0.4983,-0.9379,-0.2825,-3.4645,-1.0986,-1.4080, 0.8004, 0.4832, 2.1887, 4.8969,-2.6913, 3.2267,-0.3620, 2.4756,-4.6706,-2.8774, 4.3542,-1.2007,-4.9211, 0.8100, 1.8776,-3.7089,-4.4165,-3.1676, 2.8608,-2.3104,-2.1487,-2.6055
-0.2570, 1.5679, 0.3653,-2.5241,-2.9869,-4.3839, 3.4033,-3.6798,-1.8935,-4.9472,-3.9444,-2.7545,-4.9563, 1.5546, 3.6867, 4.0632, 0.5972, 2.3244, 4.0726,-1.0683,-3.3550, 4.6094,-0.7306, 4.4000, 3.7608,-2.7614, 1.1358, 0.2615, 4.3140,-4.5114, 0.0257, 1.1343, 3.1253, 4.9392, 4.1568, 0.9150,-0.3334, 2.7563, 3.4826, 1.3837, 0.7427,-2.8480,-1.7725,-3.6146, 2.1029,-0.4044,-3.4199,-2.1107,-3.8528,-0.6619
-0.0920,-0.5318, 0.8479, 1.9048, 1.3015,-1.7999, 2.9501,-3.9388,-4.0525, 0.0850, 3.8515,-0.4704, 2.2401, 0.1939,-2.2403, 4.2169, 0.7689,-1.6056,-4.2497, 2.4509, 1.8388, 2.4883, 0.5497,-3.3263, 1.5667,-2.7393, 2.2784,-1.7497, 3.6456, 2.7291, 1.5107, 4.7489, 3.4786, 2.6966,-2.2468, 3.1206,-3.0794,-3.4591,-1.7200, 3.9571, 0.3237, 0.9041,-1.9227,-0.0205, 1.3958, 3.3319, 4.8659, 2.8765,-0.6511,-2.5801
-1.9440, 1.1099,-1.5841, 4.0426, 2.3677,-1.5469,-1.9747,-2.6851, 2.4037, 2.4956,-1.1556, 1.0589,-4.8020, 4.8263, 3.3171, 0.3417, 4.7816, 2.6394,-2.0767,-2.9860, 1.5824, 4.7388, 3.9957,-0.6549,-0.9597,-1.0218,-0.2995, 0.8125, 3.1291,-1.9330,-4.1047,-3.5792,-2.9950, 4.8747,-3.8181,-1.0598, 4.3223,-0.9034,-4.8045, 1.6458, 2.1434, 2.8861, 0.3932,-3.2956,-0.6453,-2.2183,-0.9905, 1.6265, 4.4637,-4.5892
 2.6125,-1.5488,-0.9519,-1.5456, 0.0343, 1.1450, 2.6452,-1.3064,-3.6340,-1.5116,-1.0182, 1.5534,-0.8517,-1.1165, 2.8227,-3.7476, 4.5995, 4.8655,-3.1524, 1.0351,-0.7830, 0.8551, 1.9334,-1.0038, 2.8382, 0.3698,-4.1206, 1.9272,-0.7734,-2.1547, 3.4770,-2.8955, 0.9103, 2.4824,-0.5054, 1.0666, 1.0610,-1.9536, 1.1796,-3.2340, 0.1844,-3.4739,-0.6394, 0.4064, 2.3109,-1.5989, 1.4314, 3.9141,-1.0179, 2.7370
 0.2068, 4.9689, 0.7825,-2.4861, 2.4659, 0.4224, 2.4836, 1.8940,-0.8546, 2.2983, 1.5564, 4.9109, 4.1174,-3.2112, 0.5946,-0.1380,-4.7621,-4.1080, 0.4192, 0.5257,-0.4341,-4.8157, 4.3003, 0.9332, 2.7051, 2.2487,-3.2834, 1.2876, 1.8487, 2.8499, 2.8935,-3.5110,-4.1821,-2.4769,-3.7319,-3.5136,-3.1645,-3.8263,-1.2985,-3.8930, 4.8072,-4.3287, 4.9460, 4.6839, 2.8490, 4.0920,-4.1992,-3.6284,-3.4925, 2.8042
-2.4488, 2.7452,-2.6402,-3.5838, 4.8252,-4.1106, 3.8635, 1.5498, 1.4686,-4.2158,-4.2850,-2.5000, 4.9826,-3.5293, 2.7531,-3.8715,-0.9611, 2.1884,-2.3516, 3.8550,-4.7285, 0.4373,-4.1817,-1.3510,-0.9412, 1.4431, 1.8483,-1.1972, 4.1016, 3.7834,-2.2889,-4.1491,-3.2209,-4.9222,-0.9773, 1.7561, 4.1519,-1.7383, 2.1503, 2.2373, 2.2524, 0.6619,-1.5498, 4.7195, 4.3198,-2.6114,-0.3207,-3.7276, 4.2467,-0.5834
 2.2721,-3.6088, 3.3474, 0.9556,-3.3091, 4.3527,-0.3641,-4.5269, 4.3665,-4.8366,-3.0608, 0.9362,-0.4864, 4.2367,-4.0277,-2.7730, 4.3136, 4.5507,-2.7019,-1.3315, 4.2367,-2.6261, 0.8526,-4.2169,-3.5455, 3.6483,-1.8389,-2.7227,-1.6417, 4.2288,-4.0421, 2.0508,-1.2876,-1.8463,-2.8197,-2.0179,-1.9440,-3.7822,-4.6635, 4.0158,-2.7158,-4.9272, 4.0101, 3.8463,-2.6670, 4.9378,-0.8526,-0.8558, 4.2327,-2.3906
-0.9130, 2.2976, 3.2703, 0.3775, 2.2397, 0.2515, 1.6760, 0.7456,-0.5848, 3.9053,-1.2740,-0.0382,-0.7839,-1.6069,-3.6379,-0.1423,-3.0475,-2.3376,-0.2002, 4.3186, 4.5044, 3.8981, 4.1086, 0.6653,-1.4051, 2.3714, 4.6592,-0.5994,-3.0811, 4.2893, 3.8858, 4.9827,-1.0089, 2.2734, 4.4492, 2.9604, 4.0607,-4.2298, 4.9602, 1.6369, 1.4760,-1.1335,-2.2028,-0.2230, 1.9721, 4.4907, 1.3513, 2.1006, 0.4118,-3.1599
 3.7434, 2.0993,-3.1189, 3.8876, 0.8035, 0.9614,-3.7364, 3.1596,-4.1173,-2.3647,-4.8566, 0.1837, 2.9254,-3.4683,-0.2507,-3.8027, 1.0861, 1.4007, 1.7174,-1.5327,-0.0348,-3.1713,-4.0575,-1.5366,-3.2007, 2.1410,-3.1384, 1.8025,-2.0886, 3.1203, 2.8734, 2.0007, 2.4873,-2.5650,-3.9534, 4.7241,-3.6719, 0.0962, 0.2925, 3.6928, 0.6144,-0.3129, 1.9958, 2.4327, 0.2241,-2.1895,-3.3593,-3.3755,-0.8314, 1.6073
-2.6276,-2.5177, 4.4200,-4.5196,-0.7487, 4.7534,-2.8065, 1.8702, 2.7032,-0.0074, 2.5795,-4.0640,-0.7960,-0.4678, 2.8627,-4.4563,-2.2563,-1.8556,-4.5998, 3.4740, 4.5800, 2.4196, 1.6069,-4.9792,-0.7588, 0.3403,-3.7937,-0.8498, 4.2113,-1.0448,-0.3049, 1.4217, 1.4639, 1.0185, 0.0074, 0.5281,-1.1213,-0.7467, 2.5200, 1.6815, 4.7534,-1.3392,-0.0149, 0.5615,-0.0253,-0.6877,-0.0837, 1.3178,-1.9140, 1.3806
-3.7328, 1.2503, 2.2875,-3.9730,-2.9414,-2.7050, 2.6569,-1.0208, 1.5024,-3.7560,-4.2304,-4.4018, 0.4331, 1.8414, 3.8200,-0.1555,-0.0290,-0.2285,-4.7534,-4.5940,-4.3422,-3.3277, 1.8810,-1.2892,-3.7229,-4.6349, 1.7343, 4.9603, 3.2557, 0.2360, 2.4572,-2.1023, 4.6584,-0.8041, 1.3339, 2.0829,-3.4901, 2.7200,-3.5286, 0.2046,-3.2648, 2.2165,-3.6977, 1.2630, 0.2606, 3.4611, 3.9304,-3.4068, 3.6064, 1.2386
 3.4172, 0.4522, 1.4759, 2.4205,-3.1966, 0.6358,-3.6360,-2.3751, 1.6963,-0.0729,-4.3278, 0.8885, 1.4811,-0.9109, 0.7065, 3.1892,-2.3719, 3.0645,-1.4484, 3.9485,-3.7195,-0.9627,-3.1029,-2.1139,-1.1943, 0.6158,-3.3418, 3.9022,-3.5123,-3.5204, 2.6970,-3.5952, 1.1303, 3.2269,-0.4710,-4.2759,-1.2991, 3.1997,-0.2453, 4.2349, 0.9790,-2.1176, 1.1891, 2.3062, 0.6245,-2.2384, 0.5516, 4.6386, 4.5930, 1.0279
 0.3656, 3.7020,-4.0807,-2.9552,-4.3311, 3.1050,-1.1742, 4.9692,-3.9127, 0.2457, 1.9278,-3.7475,-3.2973,-3.7533, 0.7168, 1.6273, 0.9004, 2.0764, 2.9686, 4.0363, 4.3825,-1.7247, 1.9786,-2.1102, 1.7927,-1.9122,-1.2273, 2.6361,-0.7116,-3.4301,-2.8058, 1.0995,-3.1950, 3.0472, 1.6946,-0.8424,-3.1945,-3.8838, 4.5566, 1.2163, 1.5353, 2.4025,-0.8324,-1.2141, 2.5794, 1.6561, 0.9741,-3.4355,-0.6012, 2.1372
 0.4805, 2.0225,-3.8725, 4.6035,-1.1282,-2.2854, 2.2404,-1.6160, 4.7037, 2.0231,-3.1003,-3.9775,-4.2592,-3.6983, 1.0786, 0.1404, 0.3597, 4.0466, 1.3627,-0.1319,-4.1602, 2.4034, 1.6938, 0.2496,-2.9063,-2.5356,-3.0691,-4.9193, 0.5534, 1.1373,-3.6049,-3.5875, 1.3898, 2.9476, 0.4929,-0.6365, 4.6476, 0.7578, 3.9466, 2.3571, 0.0588,-2.0162,-1.0138,-3.7798, 0.0546, 3.1518, 0.7835, 0.0118,-2.3637,-3.1554
-2.4789,-1.1122,-4.6923,-2.2500, 4.4914, 3.8747,-3.5327,-1.1309, 2.1010, 2.4208, 2.1662,-0.4352,-3.4606, 1.6935, 2.7568,-1.7034,-0.8748, 0.3760,-4.0799,-3.1120, 2.5454,-1.8410, 1.4556,-0.9246,-2.6020,-1.8717, 1.1813,-0.7191,-1.4069, 0.0465,-0.2111, 0.3200, 2.6960, 1.9482,-3.9383, 2.7244, 0.8496, 2.7683,-4.6635,-4.6083, 0.1393, 0.0831, 1.8296, 2.2455,-2.4549,-0.4653, 3.4102, 2.9228, 2.6563, 4.2878
-1.6968, 3.5502,-1.2711, 3.4778,-0.7694,-4.8238, 4.0134,-1.0950, 1.5259,-1.6659,-4.3115, 4.3579, 2.7689, 4.8052,-4.5462,-0.7423,-1.8731, 0.2842,-3.2434,-0.9246,-4.2564,-4.5490, 2.7641, 4.6131,-0.0144,-4.9916,-3.2324,-4.7921, 4.0188, 2.0329,-1.3140,-1.6777, 1.3399,-3.8111,-1.0431, 3.2590, 1.6286, 1.4154,-4.4015, 3.6931, 1.9295, 0.7532, 4.3307,-2.8022,-0.1489,-4.8280, 1.9209,-3.0010,-1.5078, 2.9019
-2.4057,-3.6885,-4.1310, 0.6187, 3.0881,-0.7512, 1.7257, 4.4869,-3.4585, 1.5121,-3.8227,-1.3962, 0.5282, 2.5204,-4.3833,-3.8759, 0.3424,-2.9853, 4.3516,-1.7531,-0.4673, 2.6892, 2.6148,-2.7697,-1.9973, 4.3786, 1.4280, 0.6059, 3.7319, 1.6118,-1.0034,-1.3292,-2.7616, 3.2198,-4.8542, 0.8299, 3.3535, 4.5003,-4.1971, 1.2555,-3.5711, 0.2633,-4.9285, 3.2998, 4.3204, 2.3315,-3.9399, 3.9440, 3.8434, 4.1616
-1.8134, 2.8042,-3.0091,-1.5458, 4.6829, 1.9906,-0.3254, 4.9160,-4.0753,-0.8587,-3.3281, 1.0354, 4.9423,-1.6913, 3.2423, 3.2892, 3.9994, 3.6816,-0.6265, 4.3390,-2.2220, 2.7536,-0.8132,-4.1254,-1.2425, 0.6235,-3.0557,-4.4922, 1.7916,-3.3481, 0.0455, 2.9716,-3.6624,-4.7887, 2.3750,-0.6402, 0.7254,-4.6149, 3.9987,-4.0437, 4.7052, 2.1341,-2.8032,-1.2749, 3.7280,-3.8289, 2.3122, 2.8219, 3.8190,-2.2766
 4.8216, 1.6587, 2.8867,-2.0324,-2.9944,-1.6780, 0.2158,-4.3601,-2.6882, 4.8920, 2.5497,-0.1265, 0.5534,-2.9671, 0.2645, 3.0741,-2.5141,-1.6560,-4.3760, 2.1616,-4.2938, 0.2661, 0.9817,-0.6732,-3.8123, 3.5223, 2.7754, 0.2521, 1.0061,-3.8320,-3.5973,-0.0391,-1.2791, 4.0416,-3.1315,-3.4926, 3.0966,-3.8616, 0.0219,-2.4530,-4.7914,-1.4567,-4.6500,-1.4587,-4.6241,-4.6914,-4.5692, 4.0166, 2.4367, 3.0604
 1.8088,-2.1810,-2.2145, 3.8145,-3.6058,-4.8267,-2.8666, 1.6994, 4.9694, 0.7528, 0.9480, 4.2206,-2.5983,-0.9841, 4.0512, 1.6126,-2.1452, 1.9435,-4.6136,-3.2370, 2.9547,-2.9887, 1.3897, 1.7053, 3.1529,-3.9895, 0.7366,-4.1175,-2.2375, 2.3648,-0.7402,-3.8331,-4.6992,-2.7326, 3.1566,-0.1006, 3.3337, 3.2400, 3.1167, 4.1653,-2.9936,-4.9333, 3.4728, 2.4534, 1.1436, 1.2793,-4.1403, 1.1801,-4.3954,-2.1814
 1.3052, 0.0050,-1.5703, 1.9172, 4.7156, 1.3911,-3.6596,-2.2628, 3.4096, 2.9504, 1.4785,-3.3184, 1.5833,-2.2284,-4.3683,-4.3960, 0.2998, 3.5849, 4.5839, 3.3238,-3.0935, 4.0668, 3.1821,-1.9876, 0.3620, 0.2852, 2.3757, 3.9652, 3.7312,-2.9874, 2.7607, 3.5794, 0.2189, 2.9370,-3.4592,-4.2931,-0.4146,-0.4084, 3.6394,-1.4724,-1.4921, 2.1258, 4.2155, 3.4035, 2.5512,-3.4308, 0.0176, 0.4504,-2.9784, 1.8490
 4.3894,-2.2745, 0.1893, 2.1961, 4.6150,-4.1393,-0.5117,-1.0886, 2.6201,-0.1580,-1.5251,-3.0328,-2.8727,-1.7051,-4.6308,-0.7701, 4.4371, 1.3697,-2.3101,-3.8049, 1.1667,-2.4079, 0.6270,-1.2206, 0.0255,-1.5315, 0.9276,-1.8771,-2.3164,-3.0251,-4.1197,-4.0100, 2.1114,-1.4358, 1.7332, 2.4810, 4.8039,-2.5527, 0.0668, 3.0828,-1.9466,-1.8042, 2.8972,-4.3284,-3.4080, 0.3112,-3.2479,-2.0383,-4.6985,-4.8635
-4.4080, 1.2492, 1.8670,-2.2758, 3.4362, 3.6731,-2.5026, 2.7207,-0.5738, 3.1414, 3.3243, 3.3495, 1.5689,-0.1860, 3.3800,-0.8648,-1.6648, 3.8378, 2.0884,-3.5753, 3.2210, 3.3327, 1.2173, 4.5104,-3.3669,-1.2876, 4.4711,-2.1827,-4.7719,-1.5629, 0.9819, 1.6041, 1.4716, 0.4179,-1.7519,-1.3811,-1.5970,-3.6933,-0.9095, 2.2782, 4.4088, 3.8532, 3.4698, 1.2125, 3.3175,-0.2820,-1.1157,-4.3643,-4.2778,-0.4340
 0.8448,-1.6615, 0.0813, 4.2548, 4.9092, 3.4503, 3.7057,-0.8193, 3.3180, 2.6479, 4.8396,-2.2868, 3.1223,-2.0229, 3.9571, 4.5648, 0.7978,-0.6327, 3.2149,-3.5208,-2.3472, 0.8900, 1.2048,-2.3342,-3.9744,-4.2268, 2.0843, 3.6272, 0.7401, 3.5705, 4.1059, 1.3779,-3.0717, 1.5319, 2.2373, 0.6777, 1.0938, 1.2728, 1.7783,-3.7508,-1.4075,-0.7544,-1.9635, 2.2561,-0.2330,-0.4825,-4.0680, 1.0783, 0.1508, 4.7305
 4.4241, 3.0939, 1.6509, 4.1461,-1.8294,-0.5868,-0.1266,-1.7283,-2.0070, 0.4119,-2.9950,-0.0368, 4.9212, 1.3807, 1.1398,-2.6454,-2.6175, 3.1781, 4.2152, 0.2625, 1.1454, 4.9647, 3.3388,-3.3216, 2.7026, 0.7573,-1.1698, 0.3548, 1.1810, 4.1073, 4.2469,-0.0929, 3.9880, 3.3161, 1.8968,-2.7033, 4.6327, 3.4424,-3.7094,-3.2904,-1.4171, 4.6448,-1.5784,-2.4232,-2.3359,-4.4399, 0.6294, 1.0404,-2.8445,-4.6251
-0.1292, 0.6664,-4.7414,-2.4669, 2.4409, 2.3915, 4.1001,-3.0295,-2.7060, 3.0504, 0.1852, 2.0912,-1.4625,-4.9235,-4.9278,-3.4709, 3.8578,-0.9213,-1.7842, 3.2657, 1.3669,-3.6430,-2.4365, 3.0826, 1.0925,-3.8839,-0.8683, 0.8359, 3.9907,-0.1377,-3.1750,-0.6825, 0.8130,-0.4398, 3.0903, 2.8619,-0.3187, 0.4571, 0.2079, 0.9876, 1.8700,-3.6095, 2.6433,-2.6307,-3.0467,-4.3635, 1.0770, 2.6506, 4.7150, 0.5669
-3.5864,-2.3138,-3.2256, 3.7428, 0.2635,-4.7694,-2.4390,-4.5661,-2.1422, 4.7971,-4.1584, 0.6962, 0.5014,-3.7618,-1.4736,-0.7681,-2.2470, 1.7681,-0.5266, 1.5319, 3.6776,-4.7908,-3.4941, 3.3217,-3.8356,-4.1132, 3.3925, 0.0104, 0.4009, 2.0902,-4.7896,-3.5823, 4.7601,-1.2664, 1.3718, 2.0635,-2.8116, 3.0080,-0.6341, 4.7111, 2.7651, 1.2524, 4.2158, 2.8255,-1.7828, 0.2890, 2.5979,-2.9241,-3.6977, 2.4526
