 3.1827, 3.5812,-0.7540,-4.7454,-0.6032, 1.7237, 1.4807,-2.3072, 1.7416,-3.5014,-0.2909, 2.0133,-1.3044, 0.7855, 2.0718, 4.8620, 1.4902,-4.2290, 2.0220, 4.7818,-4.1813,-3.9425, 4.8976,-1.1112,-2.8636, 3.5651,-1.5208,-1.5653, 4.7580,-2.3483,-2.6376, 0.1305, 1.5115, 3.4002,-2.7113,-2.6426, 0.7990,-2.1622,-0.9027, 3.9894,-4.1051,-4.4530,-1.4994,-0.8653, 2.6793,-2.2714,-4.0162,-1.1332,-0.2227,-1.1751
-3.3062,-1.7172, 4.4771,-4.3600,-4.9887, 0.3314, 2.7587, 4.1307, 3.8280,-3.4463, 2.4016, 4.2868,-3.7495,-1.6999, 4.7991,-0.8873,-2.0741,-1.1925, 0.8345,-2.0101,-4.4936, 2.4994, 4.5785,-2.5028,-2.7308,-2.1445,-0.7193,-1.1304,-3.0663, 2.2079,-2.9066, 1.9424, 4.5326,-3.9692,-4.8336, 3.7928, 1.6595,-3.6153,-1.4484, 1.0016, 3.9572,-0.3452,-3.0868, 1.7649,-1.0870, 3.2535, 0.1653, 1.4011,-2.8351, 4.2068
 4.1344, 1.0727,-0.1223, 4.0030,-2.3013, 0.7691,-0.8650, 1.1865,-0.7078, 4.8086,-1.5062, 3.1706, 1.4684, 0.2535,-4.5684,-3.2509,-1.0833,-1.1301, 4.3487, 3.0588, 4.3658, 0.7621,-1.8505, 2.2902, 2.5526, 3.6195, 3.9068, 3.7863, 3.4954,-1.3294,-2.6825, 0.7660,-2.3165,-3.6664,-0.6015, 2.8466, 2.6138,-4.6156,-4.8530,-3.8556,-0.0696,-0.4686,-3.2449, 3.2687,-1.6651,-1.5612, 2.4007,-1.1230, 4.1546, 3.7726
 3.2631, 2.6086, 0.0811,-0.0083,-0.1342,-4.0441, 4.2122,-0.9696, 0.4332,-2.9361,-1.6708, 2.6238,-3.7876, 3.2038, 2.2996,-4.1456,-4.0797,-4.8931,-1.7703, 0.4242, 2.4050,-3.4433, 4.2592,-4.7429,-3.4564, 1.6717,-1.7614, 3.9912, 4.0756, 1.3743, 0.0563,-3.9885,-4.8907, 3.4272,-3.4058, 4.0709, 0.5856,-2.3288, 1.0918,-1.5913,-4.9618, 1.5698, 1.7016, 3.8037, 3.4171,-1.9848,-0.2141, 3.8306, 1.1659, 0.7062
-4.4385, 4.4396, 1.5667, 4.7728,-3.5673,-4.7668,-4.2704, 3.7535,-1.4038, 4.4220, 0.8082, 0.2109, 3.3214, 1.8248, 4.4692, 0.1199, 4.2022, 0.1329,-3.9022, 2.6040,-3.7001, 0.5568, 1.4763,-4.0489, 3.9976,-2.5420,-1.2359,-1.4751, 3.1955,-1.3064, 3.1784, 0.0829,-1.2934,-4.7512,-0.7476,-4.7395, 2.6572, 3.7362, 2.7309, 2.3567,-2.0036, 4.7382,-0.4632, 1.9561,-4.7828, 3.5959,-4.8756, 3.8964,-4.9149,-4.6540
 1.9287, 1.7334,-2.6564, 1.1884,-1.0733, 1.1468, 4.0678, 2.9388, 4.5423,-0.0841, 4.1652,-3.2451, 1.4982,-0.5909,-0.7078, 3.7088, 4.3846,-1.9320, 4.3625, 4.4454,-4.4292, 0.2533,-2.0046,-1.4130,-0.6503, 3.4041, 2.7793,-4.8164, 4.5013, 2.1854,-0.7240,-0.2200, 3.5724,-2.8162, 4.0968, 1.2360,-3.1475,-4.3597, 1.3660,-4.8658, 1.0564,-2.5754, 2.5142, 1.2478,-1.8356,-1.1639, 3.5352, 1.5942,-0.7871, 3.5028
-4.5685,-0.8724, 3.4898,-4.5001, 0.6941,-4.5196,-4.0434, 4.5118,-1.5770,-1.3748,-2.0282, 0.4298, 2.2672,-4.7162,-3.6875,-2.8900, 0.2443, 4.8746, 1.1099,-3.2453, 0.3368, 0.2813,-3.0606, 0.1968, 1.3935,-1.9861,-1.8631, 1.5918, 0.0273,-4.0982,-1.9816, 3.9685,-0.0137, 4.7987, 2.0434,-0.2912, 2.1681,-2.1209, 4.4710,-4.7400, 3.9111, 3.0191,-0.4486, 4.6448,-3.9585,-2.3537, 4.1666, 2.5318,-3.6555,-2.3834
 0.0889, 2.2175, 1.3658, 3.6772, 1.9152,-2.3095, 1.9125, 1.6466,-2.7680, 3.8807, 3.0503, 0.6362, 1.9593,-4.1932, 0.9549,-2.9302, 1.8384, 4.5034,-1.2734,-0.2284,-4.0016, 3.6602,-2.5762,-4.5026, 4.7949, 1.8546, 3.0694,-2.0456, 2.7407,-0.1639,-2.3534,-0.3664, 0.5892,-4.0063, 4.3538,-2.5622,-0.8463,-0.1422, 3.6753, 2.9538,-2.7710,-1.2337,-2.3513,-4.6397,-1.6987, 2.2074, 4.2672, 0.2499, 3.9711,-4.3112
-1.2619,-0.8936,-4.2671, 1.7287,-1.3354,-4.9004, 4.3000, 3.0669,-1.0592,-4.5229,-2.5072,-4.2558, 2.4917, 3.3906, 3.0836,-3.0684,-1.6973, 1.1349,-1.6504,-3.8021,-2.3591, 1.2668,-2.3600,-1.8529, 1.7201, 4.4391, 2.4578, 2.8762,-0.6058, 0.5074,-2.2925, 0.8036, 4.0443,-4.2849, 1.1871, 0.4207, 2.8638,-2.4962,-3.9155,-3.4452, 2.0525,-3.9643,-0.3948, 0.2122,-2.0647,-1.7949, 2.7852, 2.1517, 3.0632,-2.7929
-3.9232,-4.1073,-0.8964, 0.8333,-0.7737, 4.5009, 4.5899,-3.2746, 2.5639,-3.4181, 4.1235, 1.7950,-1.8809, 2.9686, 4.8083, 0.5160, 0.0588, 3.1780, 2.2057, 3.7331,-4.7538, 4.8887, 1.5391,-1.9928, 0.8321,-3.1078,-2.8228,-3.5509,-3.8070, 4.3443, 2.7574, 2.8129,-1.9397, 0.7313,-2.9647,-0.8551, 3.4392, 4.0030,-3.1414, 2.1566, 3.4432,-4.1647,-1.3667,-0.6325,-4.3757, 1.0176,-3.7578,-4.8881, 0.2504, 3.2958
-3.4813,-3.4957,-1.2409,-4.1587,-3.3004,-3.7652,-3.7239, 2.5955, 2.7604, 2.3939, 1.8785, 2.9754,-0.4989, 1.5614,-4.9546,-4.7810, 4.9973,-4.6427,-0.6168, 1.4741, 2.6075, 0.3604,-1.8642, 3.8592,-0.4704, 0.1986,-0.9819, 4.5926, 3.6547, 4.3803,-4.7823, 2.2562,-4.7283,-1.9277, 2.0308, 0.9953,-0.9904, 0.5718,-2.1296, 2.6086,-4.8955, 3.1564,-2.5505,-4.5866, 1.8885,-3.2469, 0.9628,-2.9205,-0.7379, 2.6900
-2.0693, 2.9227, 3.5821, 1.2101, 4.6931,-2.4013, 4.9152,-0.2763,-1.8796, 1.9080, 1.6179, 2.6769, 2.9223, 0.9206, 2.9432, 4.0623,-2.5450,-2.3309,-2.8478,-2.0268,-2.8017,-1.1549, 3.9414,-4.3665,-4.0566,-2.0356, 1.4513,-4.5659, 3.2558,-0.9989,-1.4558,-4.7658, 2.3398,-1.0638,-2.3829,-0.1721,-2.2565, 0.4573, 3.4296,-0.2426,-3.0295,-3.2228,-1.8958,-3.2472, 4.8539, 3.2269, 3.8816, 2.5600,-0.8192, 3.2950
-0.3487,-2.9657,-4.8995,-0.3904,-0.2847,-3.8480,-4.6409,-2.8103,-1.2516, 1.4139, 1.0096, 0.5870, 3.0894,-1.5929,-3.4393, 2.8820,-1.7242, 4.9170,-2.8094, 4.8880,-4.9220, 2.6026, 2.9097, 4.1348, 4.9501, 1.3754, 1.5137, 3.9772,-4.6318, 3.0142,-1.4044, 4.9581,-2.4779,-0.6536, 4.8289,-4.2067, 2.6382, 1.3619, 4.0125, 3.7329,-3.6516,-4.0418, 4.0061,-4.6212, 2.8274, 3.1453, 2.2054,-3.6013,-1.8919,-4.8793
-1.5925,-4.2714,-4.3751, 0.1676,-3.7377,-2.9470,-4.2031,-0.3337,-3.8044, 3.0641, 2.2508,-0.2996, 0.6046,-0.1182,-1.1832, 3.3636, 4.7367, 3.6859,-1.7288, 1.4749, 0.7602,-4.2519,-1.7050, 4.3459, 1.4012,-4.3538, 0.3864, 0.6406, 2.2425,-0.4504,-2.2056, 0.1784,-1.5449, 4.9961, 2.3570, 0.9067,-0.7820, 1.2928,-1.3262,-0.9003,-1.1970,-0.1680,-2.9086, 1.5397, 4.1887,-2.8668,-2.4385,-2.3162,-3.4205,-1.2163
-2.2608,-4.8494, 3.2625,-4.0049,-1.2860,-4.0672, 1.2484, 2.9411,-1.9648, 3.7791, 3.7234,-2.5774,-2.8697, 1.6551, 2.3662, 4.1023,-2.4054,-2.1907, 3.4347, 3.8802, 3.2535, 3.4312, 0.7570,-4.9801, 2.1631, 3.5314,-1.2762,-3.6913, 1.3692,-1.0058,-0.8548,-1.7079,-4.3934,-4.1293,-2.1073,-0.7260,-3.0476,-0.8435,-1.0133,-2.1683,-2.3042,-3.3191, 0.3245, 1.2618, 2.5959,-3.7276, 3.8940,-3.3665, 3.5476, 0.7313
 1.1835, 0.3068,-2.7727,-4.2522, 3.3584, 3.1966,-4.3170,-1.2183, 0.5978, 4.6417, 4.7383,-0.9933, 2.2695, 1.1676,-1.2649,-3.2947, 3.5534,-3.4101,-0.5109, 1.2227, 4.1230, 1.5535,-4.1548, 4.3616,-2.2619, 4.9309, 2.2157,-3.5581, 4.3580, 0.0927, 4.8690,-4.8511,-2.9808,-1.1504,-0.3665,-2.0485,-0.4056,-4.5035, 2.2116,-1.7486, 3.5808, 3.6321, 2.6655, 4.2597, 3.3470, 4.2861,-1.4516,-4.0005, 4.3938, 4.7144
 0.8605, 2.8258,-3.3803,-3.9574, 2.8747,-3.7224,-0.2350, 3.8208, 1.9533, 1.4685,-3.6812, 3.5852,-0.2117, 3.6740,-0.3074, 0.7352, 0.2845, 0.3816,-4.7312,-1.4288, 0.2535, 2.7096, 4.5153, 2.8226, 4.9964,-2.0132, 1.2717,-2.0805,-0.4903,-3.8700,-4.1863, 0.0832,-1.2986,-3.8526,-0.5667, 0.6691,-4.9057,-0.7301, 0.6427, 4.3657,-3.6821, 0.5005, 2.3208,-2.3807, 2.5066,-2.2095,-4.0331,-2.6046,-0.6072, 4.6935
-3.6368,-0.9054,-3.9771, 0.4872,-0.1052,-0.1708, 2.3295, 1.0785, 1.6525,-3.8457,-1.2411,-3.4570, 1.3610, 3.5623, 3.1229, 2.5348,-4.6381,-1.2505,-0.1884,-4.2855, 1.7108,-1.2306,-4.3756,-4.0325,-3.9250,-2.0397, 2.0192,-0.3940, 1.6448, 4.7381,-4.1825,-3.0844,-1.6184,-4.8342, 1.9582, 1.0360, 4.0974,-4.7218,-2.7159,-1.3468,-4.6924, 0.9648, 2.6226, 0.3325,-2.8931,-2.9854, 4.2859, 4.9394,-0.0071,-1.0034
-4.7952, 3.5234,-0.4894,-1.1175, 2.5192,-4.7822, 3.7949, 4.2006,-1.5637, 4.3945,-4.5555, 0.8984,-4.1671, 1.5343,-4.4142, 3.2608, 3.8927,-4.9279, 1.1789, 2.7894, 1.0954,-1.0756,-4.9429,-2.8762, 3.5498, 4.0746, 4.2456, 0.9356,-1.9620,-1.4805,-4.5393,-2.8759, 0.0260,-4.4288,-1.8656, 1.9280, 3.4736,-0.3013,-0.7196,-4.4976, 2.2522, 0.9755,-2.1916,-0.8062,-3.8691,-4.0179,-3.1925,-3.6038, 3.6234, 2.0668
 1.8472, 0.8054,-0.3273, 4.2216, 2.2871,-3.3683,-4.5209,-1.5642,-1.0596,-3.5435,-3.4956, 1.6990,-3.1062, 1.0055,-4.1761, 4.6464, 3.3384,-3.4758,-3.6135, 3.5883, 3.9863, 0.4340,-4.3985,-3.8635, 0.1406, 1.9563,-2.7196,-1.5588, 1.8513,-1.7651,-0.2955, 2.5609,-2.6635,-2.8389,-3.3455,-1.6348, 3.1483, 0.7210,-4.1631,-0.9915, 4.9365, 3.5494,-3.8345, 0.8801, 0.0845,-3.4485, 1.6861, 0.5607,-3.2310,-1.2234
-0.1101,-2.1035, 4.2826, 3.2042, 1.9068,-4.9702,-0.4417, 0.6458,-3.5348, 0.1632,-0.8329, 3.3591, 3.2938,-3.6598, 4.5585, 4.2817, 2.0301,-3.7182,-4.2207,-3.8185,-1.1889,-1.1295, 3.4660, 2.1002,-4.2941, 3.4690, 4.7662,-2.5151,-1.3382, 4.2548,-3.0453, 3.9774,-2.6902,-3.4323, 0.0094,-4.1701,-2.6023, 1.6246, 0.6467,-0.1523,-3.8762,-0.3125, 4.5798,-1.8738, 4.0909, 3.8185,-3.9145, 1.7215, 2.0461,-1.0593
 4.3313,-1.0790,-0.0692, 1.6404, 3.4414, 0.2209, 2.6506, 0.8787,-4.3437,-0.7207, 4.3596,-1.7206, 1.4350,-0.4542, 1.6215,-4.9162, 3.5998,-2.3792,-3.2058,-3.9876,-2.2863,-0.0798, 1.4465,-3.8178, 2.6529, 4.3772,-1.3073, 1.2828, 3.8410, 2.8396, 0.9353,-0.5374, 0.0490, 0.5265, 2.2511,-1.7142, 1.6518,-2.0465,-0.2590, 2.8018,-1.8731, 4.0566,-3.7554, 2.0067, 0.5377,-3.7233,-3.8789,-2.8004,-3.9428,-0.9165
 3.8775,-4.5353, 0.3846, 4.8985, 3.0366, 4.9357,-1.6415, 2.4419,-3.3639, 3.3535, 0.4816, 0.3769, 0.9952,-1.8312,-1.7586, 2.7203,-2.1259, 1.6092,-1.8849,-1.7719,-3.2516, 4.8908, 2.4712,-0.4793, 0.9068, 4.0789, 1.5790,-2.7802,-0.4137, 0.6600,-1.1068, 1.9167, 3.5545, 1.7781, 3.2707, 2.6368, 4.8571, 1.5022,-4.1176,-4.0758, 3.0020,-3.8075,-2.4150,-1.1466,-3.7933, 0.3436,-3.1874, 1.9059,-2.0288, 0.3953
-3.9424, 2.0138, 2.3422, 0.6395,-1.1604,-2.2183, 1.3597,-3.3554, 3.0210, 3.5359,-0.4831,-4.8655, 4.5400,-0.7887, 4.6089,-2.6690,-1.3738, 4.9932,-4.3604, 1.2189,-2.1365,-4.8251,-0.0181,-4.3874,-4.9224,-1.0895,-1.7871,-3.1261,-4.7516, 4.9690,-2.7778,-1.9076, 1.7572,-0.8174, 0.2191,-1.1490, 3.1991, 3.2475, 3.9550, 3.7795,-3.6698,-1.6774, 0.5523,-2.3720, 1.2182,-1.1548,-3.8681,-2.9190,-3.3514,-4.2431
-1.1663,-4.9726,-3.0746,-4.3934, 4.4062,-1.9054,-2.2673, 0.3734, 4.1817, 1.0289, 4.8979,-0.1319, 0.4317,-0.8611,-3.7193, 2.5607,-2.2994, 1.7252, 4.7155,-3.1911, 3.0321,-4.3557,-3.7633,-1.5387,-3.7170, 4.6084, 2.6554,-3.7814,-3.0339, 1.1435, 2.7146,-3.0626,-4.5500, 3.5602,-3.0592, 4.8092, 0.2409,-0.5591,-0.7219,-4.5301,-0.3328,-4.6584,-2.2711,-4.8846,-2.0738, 2.9253, 4.7128,-4.7882, 2.3814, 1.2583
 3.1162, 4.7528, 0.5532,-0.2927, 0.0194,-3.9462,-4.3593, 4.3653, 0.3442,-2.6398, 0.7142,-2.6678, 3.6970, 0.5125, 4.8582,-2.1672, 2.3290,-4.2829, 0.7077,-3.7951, 0.8086,-3.0760,-4.0008,-2.5815,-0.3253,-2.5448, 0.3551,-1.4621,-4.7773,-2.1108,-3.6330, 2.2211, 1.2185,-0.3501, 4.3487,-0.1572,-2.3326,-4.7175, 3.1347,-0.7777, 4.9138, 1.9430, 4.7024, 1.5874, 2.6941, 4.3068, 3.2621,-3.3559, 0.9092, 1.4216
-2.6546, 0.5715,-1.3847, 1.3715, 2.8537,-0.2099, 1.8577,-1.5444,-0.3925,-2.1372,-4.5886, 2.1984,-4.3754,-4.4340,-0.1562,-1.8705,-3.4991, 4.6826, 3.2133, 3.7941,-4.3621,-2.9196,-4.2292,-1.1258, 0.5731,-0.1963,-0.5735, 2.4510, 0.3433,-1.0643,-0.3518,-1.3205,-3.3446, 0.4691, 4.1877,-0.5252, 4.7058,-3.1396,-1.2612,-2.5050,-1.4728,-1.3281, 0.6289,-1.0198, 4.8429, 4.6203, 4.7684, 1.1266,-3.4195, 1.7048
-2.0954, 1.0915, 1.8384,-2.4057,-2.5247, 0.4098,-0.4484, 2.7253, 3.0298, 2.9358,-1.7611,-3.8687, 1.8854, 2.6917, 4.2554, 2.9158, 3.8751,-4.0443,-1.9446,-0.0434, 2.3652, 3.6235, 2.3996, 2.2419,-3.1654,-4.9410, 2.2208, 3.8984, 2.2942,-1.6148,-4.4407, 4.8188, 2.5357,-1.1622, 2.4044,-3.6671, 2.4275, 0.1536,-4.4877,-0.1013, 4.4751,-3.6797,-2.3062, 3.9691,-0.2915, 4.8584, 1.3462, 1.7091, 1.4522,-4.6348
 1.7670,-0.8464, 1.5970,-4.0417,-2.3275,-3.0202,-2.7874,-2.2495,-1.9269,-3.9009,-2.0611, 0.5856, 4.3661, 1.3186,-4.8024, 2.8667, 2.3940,-3.4659,-2.0392, 2.3407,-3.4468,-1.7764, 1.6284, 3.9607, 1.8164,-2.9163,-1.9733, 1.4961, 1.8811, 3.1493,-2.0229, 3.1442,-3.4738, 4.7096,-4.8258,-3.0461, 3.1807,-2.5348,-2.9088,-1.8360, 2.5653, 3.2330, 1.0137, 3.7002, 4.6187, 2.0307,-2.4516,-0.5715, 2.5035,-2.5836
 4.6159, 4.5139, 0.9127, 2.9114, 0.0552,-1.8523,-0.6203,-1.7116, 1.5643, 2.1086,-3.3848, 3.1185,-2.2414, 4.1027,-4.8420,-4.1384,-2.4219, 0.4297, 3.8922, 4.9470, 4.6241, 3.7651, 4.4552,-4.4291,-1.5939, 2.4120, 3.0134, 4.1647,-3.9765,-2.9624,-0.3326, 0.6311, 3.1363,-3.4630,-2.3280,-2.8513,-4.7178, 3.6516, 3.3029, 2.4875, 1.2993,-2.7082,-3.5993,-0.1638,-4.6309, 0.4449,-3.0746, 0.5773, 2.7069, 1.7676
 3.1140,-3.8413,-1.2220,-0.6665,-1.0803,-0.9255, 3.9668, 0.7101, 3.8298,-1.5973,-0.0543,-4.3847,-1.3006, 4.4114, 4.6663,-0.5050,-0.6842, 1.9244,-0.5660,-3.2879, 3.9425, 3.8548,-0.5077,-2.4444, 1.9549,-3.7636,-1.8333, 3.3392,-2.9997, 0.6751, 0.3316, 2.3592, 2.8688,-4.7323,-4.3701, 2.6929,-4.8044,-2.5229,-2.0738,-3.3033, 3.0110,-3.3771, 2.5087, 4.7390,-3.8394,-3.6571,-1.0703, 4.5777,-0.6286,-0.4620
 4.2674,-1.9482, 1.1900,-2.7881,-1.9264, 1.2416,-3.8045, 4.0513,-4.3927, 0.2386,-2.6386, 2.0405, 0.3409, 3.2495,-3.7824,-0.7486, 3.3052,-2.5622,-4.0636,-0.0884, 1.9423,-1.5749, 0.8828, 1.3271, 4.4162, 2.8129, 0.6265, 3.2272,-1.7008,-1.9347,-0.1773, 3.7075, 2.7376,-3.5314, 0.9631, 0.7944, 0.2331, 1.3053,-2.6157,-0.5839, 0.1103,-0.5865,-1.6414, 1.7222, 1.9453,-1.2601,-2.6502, 4.1381, 1.0088,-1.2347
 4.0981,-1.3358, 1.7766, 0.4888,-3.9761,-1.3266, 2.6706, 1.8038, 1.2389, 3.7251,-2.9938,-1.1400, 1.8748, 0.8800, 4.5473,-0.3507, 1.6034,-4.0160, 1.3551, 0.0265, 2.8113, 0.0119, 2.3124, 1.0628, 4.0071,-4.3130, 4.7591, 2.5244,-4.2332, 1.8588,-2.8295, 3.5470,-3.6018,-0.1187, 1.7560,-1.2368, 4.5281, 1.2630,-0.1901, 3.4658,-2.8145, 3.4106,-1.7677, 0.9197, 2.4519, 2.9203, 1.2043, 1.5716, 2.6235,-1.2556
 4.1420, 1.2843,-1.0193,-3.3037,-4.1711, 1.7403, 4.7396,-4.2035,-3.5792,-4.0435, 0.8920,-2.6220,-3.6052,-1.2008, 1.7645,-2.3494,-0.9835,-3.0132, 0.5196,-4.0585,-3.2211,-4.0804,-1.8644, 2.6144,-3.6995,-0.7243, 4.1847,-2.2502,-4.3404,-0.4307, 4.2307,-1.9113,-2.1051,-2.9719,-3.7090, 4.4196, 3.6897,-3.8617,-4.1384, 0.8056, 1.9040,-0.6010,-2.0331, 4.7083, 0.2219, 3.8118,-3.4302,-4.7750, 4.5312,-1.8917
 2.4176,-2.4062,-3.4418,-4.4918,-4.2244, 4.3396,-2.3924,-2.8944,-0.6446,-2.1465, 2.4027, 0.9479, 4.9688, 3.1875,-4.9436, 4.1585, 1.4569, 0.1780, 0.3048,-4.6874, 3.0413,-4.8322,-2.5749,-2.0685,-2.5580,-0.4078,-0.3544, 2.6418,-3.1453, 0.2391,-1.9900, 0.7575, 1.0069, 0.3264, 3.8002,-4.5563,-2.5774, 2.7123, 2.9787, 3.8201,-4.4481,-2.0687,-2.1619, 3.9041,-3.1282, 4.8400, 0.0809,-3.1408, 3.0570, 3.9010
 4.0612,-0.0140, 2.9953,-3.9573,-3.8770,-1.4087,-4.7481, 2.4685,-0.2865, 2.3803,-3.0646, 3.0157,-4.0840, 4.1057,-2.5049,-1.1779, 4.1190, 2.8593,-4.1037,-2.1244,-0.1989,-0.7834,-2.1699,-1.1971, 2.4162, 0.8999,-1.2141, 4.6433,-4.6728,-1.7495, 4.1831,-1.0845, 0.0142, 4.1407,-3.3477,-3.8925,-3.8042,-2.8616,-3.7514,-0.2349,-0.7422,-0.1447,-2.0478, 1.0124, 2.2972,-3.9375, 1.7360,-2.0203, 2.7376,-2.8274
-3.5770, 2.9285, 3.0214, 4.4820, 2.8423, 0.0657,-1.3215, 2.6185,-2.4887, 0.1698,-0.2684,-2.3484,-1.4416,-2.9762,-0.2900, 0.9066,-4.6399,-4.2308, 2.1443,-3.6721, 4.6578,-2.8240,-3.3067,-0.0262,-0.2726,-2.0159, 1.4916,-0.3413, 0.7301, 0.3367, 0.6670, 0.1449,-2.0361,-2.1634, 2.1783,-1.9097,-4.5350,-0.8108,-4.5110, 0.3696, 2.9403, 0.0665,-0.0864, 4.9270,-3.1407,-3.5750, 0.8353, 3.9025, 3.2357, 2.0864
-4.0108,-3.8055, 0.0383, 4.4337, 4.1992,-2.2992, 4.9203,-2.8356,-4.9460,-0.3395, 4.7561,-0.0562, 4.8445,-2.5467,-3.9694, 0.3714, 0.3507, 0.4368,-0.7521,-0.8309, 4.0808,-2.8355, 2.5802,-0.7822,-1.1139,-1.7363,-2.7287,-4.2692, 4.9303, 1.9689, 3.4755, 1.4724, 1.6063,-1.8063, 2.3252,-0.7271, 1.8632, 4.8570,-2.7570,-4.1195, 1.6943,-4.4126,-3.3332,-3.9093, 0.8057,-0.8621,-1.7440, 4.1396, 3.2942,-2.3046
-4.2810, 0.0219,-1.3885,-0.9088, 1.5232,-3.5280, 3.7139, 3.6946,-2.4827,-3.7047,-3.6859,-3.1495, 2.8719, 4.9435,-1.6599,-4.8243, 4.7539, 0.1012,-3.1845, 3.9321, 0.6234,-4.2812,-4.8610, 3.2618,-1.8774, 3.9340,-2.2432,-0.2731, 3.4225,-0.7407, 4.4132,-4.9353,-0.1962, 2.5537, 2.0733,-4.3050,-0.9583, 1.6149,-0.5534,-2.6456,-0.4583,-2.6988, 1.1087, 0.6350, 0.4013, 2.2409,-1.8603,-3.1847,-0.7812,-0.5631
 0.7002,-1.6260, 1.8226, 1.2884, 0.8115,-2.6986, 2.3361, 3.4292, 4.2603,-2.0676, 2.9167, 3.7350, 1.7825,-1.6615, 0.1325,-0.5825,-4.8829,-2.5995,-0.9615,-0.9744, 0.6377, 3.1348,-0.6763,-0.3667,-4.9061,-4.0749, 4.4023,-4.2474,-1.6717, 3.8109, 0.8853,-1.9305, 3.0930,-2.7637,-1.3820, 2.1698,-0.5295, 4.0734,-1.1455, 0.2852,-1.8157,-2.7909, 1.7701, 0.8527,-2.4309,-4.5372,-0.7171,-2.9340,-1.5444, 1.5520
 2.8638, 4.5213,-2.7260, 1.0006,-1.3878, 2.8390,-1.5186, 2.0651,-1.0878, 2.2450,-0.6978,-0.7515,-2.1759, 2.2464,-2.0237, 4.0209, 3.1076, 2.1414,-3.2862,-4.3926,-2.8366,-4.7408, 0.6503, 0.1502,-2.0706, 4.2312, 3.0280, 3.0557, 2.6310, 3.6135,-4.9172,-3.1430, 0.9696,-1.9079, 1.0102, 2.0879,-2.8746, 2.6795, 4.7116, 4.3974, 2.0699, 3.8205,-3.1514, 2.7130,-1.0324, 0.5631,-1.7724,-4.7201, 1.2914, 2.6125
 2.6297, 0.7443, 0.8935,-2.6475,-0.8075, 4.8821, 1.6803, 1.9960, 3.4990,-3.3431, 4.0470,-4.6581,-4.9345,-0.1755,-2.8262, 2.2436, 2.9735,-1.9735, 3.1096, 1.1742,-1.7322,-2.1682,-2.7639,-1.6266, 2.2812,-2.1238,-1.9483,-0.2025, 2.2298,-2.8085,-4.5411,-1.7104, 0.3712, 1.0272, 3.3156, 1.1811,-0.2144, 1.2920,-4.9485, 1.8076, 0.9787,-4.2028,-2.8554,-4.9073, 3.2766,-4.4807,-2.7443, 3.6512, 4.0742,-4.9551
 2.0163, 1.3068, 4.9575,-0.6450,-2.6993,-2.4509, 0.0909,-3.0654,-1.1797, 3.3992,-0.9604,-4.0989, 2.9275, 0.5045, 2.2869, 4.9010, 2.8275,-2.1258,-1.9670,-1.9982,-0.2869,-2.9879,-1.1511,-3.3784,-3.2424,-1.8536,-1.5126, 4.4409,-0.5244,-0.9442, 2.3951,-1.2905,-2.0328, 2.9954,-4.0944, 4.3432, 1.0422,-1.7337,-2.3595,-0.4532,-4.4009, 1.8073,-1.2522, 3.7870, 2.2943, 1.7990,-3.5883,-1.3604,-4.6398,-2.5301
 4.9896,-0.3132,-0.9578,-0.9790,-2.6564, 4.0361, 2.5611,-0.8032,-4.5810, 3.5337, 1.2788,-1.6181, 4.9137,-0.4936,-3.5993,-1.9419, 3.1359, 3.0800,-1.0328,-0.9706,-4.5485,-1.1800,-0.7562,-3.7313, 2.9768,-3.2497, 3.6161, 0.8513,-3.4127, 2.2582, 2.2001,-3.0908, 4.0229, 4.5662,-0.6480,-4.1134, 3.8144,-1.3655, 2.4171,-4.7464, 3.9277, 4.5948, 0.8762, 2.4927,-1.4557,-1.7407, 0.5567,-1.1270, 4.9305, 0.3748
-1.0225,-0.8258,-2.7836,-3.5967,-3.4557,-1.2257, 1.2215, 1.8538,-4.5219, 2.7685,-4.4196, 4.2286, 4.7669,-4.2599,-0.2607, 2.5542,-0.1854,-2.8913,-2.5034, 4.1904, 3.0446, 3.9308,-3.7111,-0.5054, 0.7537,-4.2972, 2.2177,-4.9537, 4.8055,-2.0824, 2.6303, 2.3039,-1.8527, 0.7603, 2.4997,-3.4681,-2.2597, 2.3612, 4.8903,-1.5051, 0.8483, 2.5271,-0.1182, 2.3069, 0.6723, 1.9373,-4.4425,-4.7521,-2.4797, 2.3928
-1.0609, 0.2604,-1.4239, 0.8159, 4.8036, 0.3303,-3.4695, 1.4164,-0.8599, 3.1476, 2.3624,-3.2462, 0.9425,-4.9970,-3.7014, 3.8099,-0.5731, 4.5020, 1.1606,-4.2129,-3.9911, 2.9407, 3.4525, 3.6057, 1.2110,-2.4723,-3.5863,-2.3755, 0.4350, 1.9554,-1.4458, 2.7680,-2.8884, 0.7029, 3.8338,-3.0031, 4.2703, 1.2207,-3.4267,-1.6136,-4.4792,-0.2508, 1.4000, 4.9808,-0.3999,-0.7881, 3.6097,-1.2593, 2.3654, 1.5746
 1.7930,-2.4621,-4.9013, 3.3530, 4.5178, 3.7764,-4.3311, 0.2081, 4.7261, 2.6902, 1.6373,-2.6428,-1.4520,-4.2670, 0.5260,-2.5724,-2.5938,-3.8601, 1.2211,-4.0567, 4.9807, 0.7207,-0.0283,-2.7271, 3.7794,-0.5505,-2.1311,-1.9133,-2.0320, 0.1900,-0.9434, 1.8996,-2.7059,-0.8803, 4.6508, 4.9629,-2.6584, 1.6983,-2.1830, 0.8770, 4.1120,-1.0211,-2.1099, 1.5565, 3.1420, 2.1051,-4.8578, 2.5805,-1.2133,-3.4529
-4.5603, 1.0506,-4.5364, 3.6632,-2.4861, 2.4370, 4.6335,-4.2399, 1.9600, 2.0983,-0.8036,-4.0302,-0.3398, 0.6914,-1.9674,-0.7419,-1.1200,-0.6879,-4.7828, 4.1593, 2.4356,-3.2972, 3.0854,-4.9677,-3.5245, 4.9587, 2.6190,-0.1818,-0.2624,-4.2648,-2.8857, 1.2310,-0.4177,-0.9647,-4.1233,-3.9514, 1.4481,-3.6308,-1.0963,-2.0121, 4.3129, 1.3465,-0.1361, 1.0224, 2.7274,-3.2250,-4.0458, 0.5362,-2.7018,-4.4009
-2.7804, 1.3281, 2.6953,-2.4028,-3.6149, 1.2162,-2.7803,-0.2721, 0.3690,-3.5601,-3.9429, 3.4913,-2.2555,-4.6120, 1.2137, 2.3151,-2.4518,-2.0440,-0.3563, 0.4121, 4.6108,-0.0551,-3.6093,-4.2122, 2.6878,-1.1356,-3.9632,-1.5892, 4.7442,-4.1043, 2.2451,-4.2955,-0.9128, 4.3753,-4.3903,-4.5085, 1.6685, 4.4168,-2.2826, 2.5084, 3.9648,-3.2205,-2.5665, 3.3840,-0.5453,-1.8201,-4.7636,-1.3524,-0.7875, 1.3785
-4.4269,-2.2685,-2.5172, 0.9678, 3.9471, 4.6228,-0.4876, 2.5262,-4.1683, 4.6716,-0.8018, 2.6370, 0.0368,-1.6845, 2.0825, 1.9041,-3.9931, 3.3999,-3.8145,-2.8512,-3.3715, 1.3310, 2.0376,-4.7232,-1.6406,-3.2973, 1.1847,-1.2000, 4.3445, 3.3260,-3.4375,-0.9453, 4.6287,-4.4803,-1.9773, 4.9731, 0.8609,-3.4667, 4.9866, 4.6662, 0.8620,-4.4533,-1.7533,-4.1012, 1.4624,-3.2392, 1.5214,-1.5169,-1.4840, 4.5281
 0.2130, 3.3991, 1.2344, 1.6656,-3.0955,-2.4058, 3.2688,-1.9129, 2.2309, 1.9906,-2.0426,-2.6544,-0.9306, 3.5416, 3.5546,-0.6353,-2.0941,-4.8950, 3.2562,-4.5150, 4.8380,-2.8035, 0.2448,-4.4723,-4.5340, 3.5353,-2.8198,-3.1097, 1.6992, 0.0115,-3.7270, 1.5061,-1.3113,-1.4412, 1.0839, 1.4035,-2.5407, 1.1039, 4.7558,-1.7206, 2.7689,-1.6701,-2.9289,-2.6124, 2.3792, 4.2438,-2.3591, 3.9194,-1.2207, 0.3292
-4.6538, 1.6243, 4.7956, 1.4202, 3.2306, 3.3635,-4.2686, 4.6496, 2.6515, 0.6531,-2.2219, 0.1062,-4.0914,-4.4564, 4.0981, 4.6291, 1.2780,-0.5380, 2.0713,-2.9520,-2.4785, 1.8572,-3.7525,-2.3071, 3.9320, 2.4260,-2.3367, 2.3694, 2.8361,-4.2200, 0.0861,-4.4884,-3.0768, 2.6415, 3.0531,-1.1041, 2.4047,-1.1332,-1.4628,-3.3903, 2.2599,-1.4029, 2.2541, 2.6446,-1.5505,-3.2220,-1.2031,-3.8595,-3.7950,-1.7150
 0.8002,-1.3827, 1.7743,-3.0853,-1.4371,-3.6887,-2.0188,-0.6198,-0.9006, 1.1003,-1.6230, 0.2512, 1.7761, 1.2820, 1.3177, 3.0924, 3.9122, 4.9713,-3.2063,-3.8336,-1.7818,-0.1609,-1.7356, 3.5613,-4.5685,-3.9935,-3.8625,-3.3305,-4.4262, 3.5793,-2.3569, 1.8300,-0.4978, 3.1975, 0.7969, 1.5389,-0.9139, 2.4667,-2.2498, 4.4454,-0.8114,-1.1576, 0.2176, 3.3763, 0.5050,-0.0446,-3.9052, 3.0054,-1.2971, 3.2422
-1.2479, 2.5201, 2.7360, 3.3346,-1.1754,-2.7503, 1.1129,-4.9896,-2.8326,-4.9304,-3.1514,-0.8035, 1.6809, 3.0821, 0.0556, 0.0884, 0.0726, 3.7615, 1.4823,-3.1296, 0.1731,-2.9845, 0.1775,-1.9595,-1.8168,-2.7400, 1.3027,-4.3918,-2.8224,-1.7409,-3.1692,-1.2573,-1.4844, 3.0096,-0.2168, 0.3355,-4.5042, 2.9790, 0.6925, 3.0626, 2.0370,-2.8350, 3.4829, 1.7256, 0.7926,-0.1692, 0.8263,-4.0834, 3.0177, 2.0617
-1.7360, 1.4571, 1.5509,-3.5628, 2.0820,-0.8010,-2.8212,-4.2541, 0.9747, 1.3450,-2.7660,-4.7374,-3.6077, 1.7908,-1.7675,-3.0696, 4.5832, 0.1160, 3.0203, 4.9980, 3.2820, 1.7171,-3.0369, 2.3663, 0.0348,-0.9246, 1.5563,-1.8161, 0.7628, 0.8031,-4.2561, 0.9166,-4.7067,-2.8930,-0.9964,-2.1012,-2.0585, 2.3734, 4.5139, 0.8769,-2.7041,-3.6549, 3.6072, 4.6637,-4.9326, 4.0996, 4.3111, 3.7128,-3.2331,-1.7715
-3.1455,-4.3247,-2.2651,-0.6013, 4.5960,-2.5559, 3.7952, 4.5681, 0.2572,-0.0582, 4.2217, 4.0488, 3.7074, 4.8854,-4.9803,-1.3696,-3.9509,-3.8176, 3.6128,-1.9468, 3.3960,-0.3488,-0.0651, 1.4037, 2.3870, 4.3183,-4.7241, 3.9355, 0.4396, 3.6638, 2.1844, 4.7720,-1.6812, 0.6040, 3.8435,-0.8526, 3.1186,-0.9858,-3.6241, 4.4408, 4.7372, 0.0396, 0.3128,-2.0694,-4.6921,-2.2127,-2.2954, 4.3870,-4.9548,-3.2844
-4.8435,-0.4883,-0.3102,-3.8127, 3.1754,-1.3118,-1.0925, 4.4973,-4.2960,-0.8847,-4.0407,-1.8291,-4.5700, 2.9188,-4.3549, 1.6504,-2.9688,-1.8898,-1.1908, 3.5592, 4.7253,-3.7100,-4.2055,-4.7207, 3.0780,-1.8828, 3.3222,-4.9653,-3.7207, 4.5151, 1.9771, 4.6498, 2.5529, 1.7373,-4.3175, 0.6814,-3.3642,-3.7341, 3.2053,-1.8042, 0.8944, 3.7608,-0.8902,-2.7602, 4.1988, 1.1707, 4.3235,-2.8414, 2.5716, 1.6442
-0.1652,-0.1321,-3.6090, 1.5291,-2.0199,-0.8860,-0.5670,-3.5076,-0.5541, 0.7377,-4.0205, 2.5581,-0.5908,-4.6066, 1.6911, 4.3557,-4.5841,-0.4621, 1.9550,-1.7112, 4.7265,-4.0177, 3.1623, 3.9908, 3.9119,-2.6507, 4.1709, 1.0110, 3.0944,-0.6818,-2.9712, 4.9025, 3.6211,-2.4778, 1.5687,-2.8926, 2.9829, 2.7772, 3.4606, 3.7345,-1.2149, 0.8616, 2.2888,-1.9613, 3.6953, 2.9887,-1.5639,-4.2027, 4.4669,-3.3233
-0.8308,-4.6985, 4.4072,-0.2241, 1.7458,-3.8234, 2.0034,-1.5745,-2.2373,-4.2641,-4.9615, 3.8133,-2.2785, 1.1909,-0.5200,-1.2709, 4.5671,-0.6933, 3.6044, 3.0632, 3.8759, 4.6579,-3.7134,-4.9431,-0.8286,-1.4832, 2.1004, 2.6789, 4.2064, 4.8945,-2.0475,-1.0522,-0.5549,-2.1891, 3.1543, 0.4571, 0.1376,-1.8651, 4.0712,-1.4399, 1.4280, 3.0221, 3.0402,-2.3368,-2.8826,-4.1414,-2.1626,-1.2465,-3.5663,-4.7305
 3.8841, 4.0761, 4.8902, 1.2347, 4.1276, 4.2883, 3.3476, 0.7218, 2.7298,-2.9601,-0.6359, 3.6726,-4.2956, 3.6507, 0.2743, 4.6311,-4.0293, 4.1559, 2.6412, 4.8177, 0.7278, 4.0192, 2.1664, 1.2096,-1.2634,-4.7393,-0.9992,-4.9601,-2.3397,-2.3547,-4.5887,-4.9564, 3.6433,-3.5617,-3.7275, 4.5966, 0.8982,-4.9686, 3.0581, 3.7109,-4.3660, 3.1808,-4.6191, 3.2360, 3.6845,-0.1919, 4.8541,-3.1716,-0.8021,-2.6823
 1.4726, 4.0522,-3.5062, 0.4493,-2.0894,-0.4818, 2.2694,-4.3401, 3.8277,-1.6841, 0.7858,-1.0160,-1.2635, 0.8299, 3.0193,-3.8343,-0.8607,-1.9662,-1.4290, 1.7101,-2.2318, 3.9056,-0.4609,-0.2807,-1.7344,-4.0189, 3.8650, 0.2050,-1.8933,-0.8856,-4.5122,-2.4803, 2.9277,-2.5783, 1.9932, 2.9881, 0.9004, 0.1753, 4.2334, 2.6117, 4.8762,-0.6345,-2.3897, 0.1228,-2.6636, 4.6272,-3.7564, 1.7271, 4.3033, 3.7467
-1.4955,-0.2115,-0.3420, 1.2880,-0.5011, 2.0578,-0.0851, 3.6693, 4.7101, 0.9090, 3.3627,-1.6027,-1.0162, 3.4038,-1.4398, 3.8669, 0.0969, 4.8299,-3.1741, 1.2762,-0.8261,-0.3382,-4.4132, 3.8796,-1.5856,-2.2940, 2.4266, 2.2895,-2.1622, 4.0298, 4.1442,-4.6173, 3.6590, 4.2115,-0.3526, 3.1875, 4.9597, 0.9975,-0.4329,-4.6097, 4.1871, 0.9058,-4.0653,-4.2576,-0.8490, 2.2364, 1.5121,-4.5522,-1.1911, 1.7242
-1.8513,-4.0128, 1.2730, 0.1391, 1.1893,-1.0074, 2.4228, 1.0525, 1.6488, 1.2960, 0.5796,-3.2836, 0.1923,-4.7791,-2.5335,-4.2966, 4.4008,-3.9286,-2.0000, 4.9432,-3.7418, 2.8496, 0.0892, 4.7567,-1.8552, 1.3466, 1.2338, 4.7238, 1.6573,-1.0890, 2.7092, 1.2316,-3.9577,-3.5149,-0.3096, 2.1007, 4.4189,-2.9995, 4.5965,-1.9056,-1.9061,-2.5162,-3.8354,-4.7174, 4.7307,-3.6426,-4.3793, 3.3130, 3.7825,-2.6706
-0.3029, 4.8676, 4.7563, 0.4115, 4.9505, 4.5048, 1.8379, 2.7656, 2.1256, 2.7326, 2.2427, 2.9407, 4.9684, 2.5412,-2.1738, 2.4221, 1.2060, 2.1624,-2.2860,-2.3858, 2.5187,-2.5844, 4.7028, 1.8787, 4.2907,-1.8817,-1.9317,-2.2600, 1.6583, 0.3301,-1.6516, 0.7660,-1.4837, 1.0321,-3.1529,-0.6662, 0.1752, 0.2765, 3.6418,-1.5128,-1.6901,-4.5201, 3.4837, 4.5724, 4.9020,-1.4333, 2.7100, 1.3161, 1.7446,-4.5008
 2.0295, 3.0819, 1.2800, 0.2154, 1.1504, 3.8879,-2.8575,-1.9076,-0.0553, 2.9326,-3.0990, 1.1435,-3.8367, 3.3352,-4.1634, 0.1319, 3.9074, 1.4335,-1.3065, 4.0041,-4.7241, 0.6053,-2.6612,-4.3323, 0.0094,-0.1151, 1.8874,-4.2788,-4.2333, 0.0770,-1.4119, 3.1301,-1.3681, 2.7346, 4.4651, 1.4275,-0.2083, 0.8887,-2.7128, 1.3722,-2.4686,-0.7380,-2.9183,-0.0299,-2.1341, 2.2183, 0.7556, 0.6715, 2.2325, 1.4146
 2.6596, 2.0242,-3.8442, 1.9270,-0.2984, 1.8449,-0.0594, 0.7228, 0.4552, 4.7868,-0.8821,-0.0589, 0.3024, 0.5328, 2.9833, 3.2904,-0.0042, 0.4964,-3.7555,-0.8235,-2.0709, 1.3028, 4.2063, 3.4639,-2.1634, 2.0935, 1.0899, 0.6928,-3.8077, 2.2321,-2.4478,-3.5951, 1.6237,-2.8569, 4.8074, 0.1396,-0.3003, 3.0832, 2.3605,-2.4095,-2.4821,-2.9827, 2.4359,-2.0897,-2.7356,-0.8016, 2.6907, 3.2241,-0.9561, 4.9594
 0.6667,-0.1200, 4.5915,-4.8353,-0.0840,-0.8485,-0.9891, 0.3818,-4.3359,-1.9508,-1.6892,-4.8641,-0.3113, 0.3435, 4.8423,-1.2428, 2.4435, 0.5460,-4.4093, 2.5638, 0.3514, 3.8405,-0.7675, 2.3604, 1.7153, 4.7619,-1.1320, 2.7695, 0.1632, 0.4576, 2.8985,-3.9122,-4.5674,-4.0299,-1.0393, 0.5035,-3.6487,-1.7374, 0.8833, 0.3102,-0.4429,-1.0651,-2.7177,-2.9136, 3.2052,-4.1396, 1.2523, 1.1963, 1.8655,-0.7617
-3.3685, 2.0373, 3.0282, 2.5498, 0.6782,-2.1852, 1.9587, 2.9393,-3.4447, 0.0140, 3.5902, 3.2496,-3.2241, 4.1691, 1.3539, 2.7252, 1.0415,-2.4403, 1.8177, 4.1420, 0.7353,-0.1544, 2.2092,-2.8687,-1.9808, 4.4428,-0.5761, 1.9622, 2.8194, 0.4880, 0.9199,-3.9894, 0.8458,-3.4341, 0.7356, 1.1747, 2.7308, 2.9023, 4.1322, 4.5329,-3.1235, 4.0241,-1.0168, 2.6534,-1.3290,-1.5395,-4.3280, 4.4736, 4.4320, 4.5497
 2.1209, 0.9514,-2.9873,-2.9278,-4.5403,-2.2097, 2.1350, 3.8446, 2.1313, 0.5292,-3.2491, 2.8638,-2.1478,-2.2015,-4.2596,-2.4487, 4.4804, 2.5516,-3.1486,-4.4130,-0.7353,-1.7898,-1.7127, 0.9141,-4.4633, 3.2968, 2.6587,-0.8334,-1.8175,-2.4925,-1.7141, 0.2658,-1.8713,-4.4230, 0.3671,-3.3987,-2.3274,-4.1532, 2.5842,-1.9013,-4.5950, 0.1401,-3.1041,-0.8963,-1.6872,-0.8196, 0.9331,-3.1738, 0.9295,-2.7849
 0.1652, 3.7480, 1.3779, 0.7873, 0.2545,-1.2521, 1.5091, 4.4992, 2.0271, 2.3834,-0.8140, 2.0560, 1.9051,-3.8810,-1.9226, 3.6652,-2.6556,-4.3380,-2.5950, 1.1573, 3.0976,-3.6016,-2.8695,-2.1146, 3.9604, 4.9198, 1.7271,-2.2325, 2.3317, 3.3776,-3.2934, 4.9961,-0.2017,-4.0966,-2.1060,-3.7652,-1.9755,-3.9994, 3.8620, 4.1722,-3.5198,-3.0534,-4.0728, 1.3881,-4.7459, 0.9236,-0.9144, 1.7345,-4.9248, 0.1758
-1.0751,-3.9669, 1.9393,-3.1088, 4.4987, 0.9433, 4.9906,-3.8044, 0.9233, 0.2159,-2.9201, 3.6902, 0.0912,-0.9015,-0.3431, 4.9637,-3.1442,-2.8070, 0.8812, 0.5954,-1.6718,-2.2853,-2.1221, 0.1505,-4.4533,-1.8131,-3.6885,-2.4751, 1.4634,-1.6165, 1.9189,-2.7754, 1.2835, 1.3731, 3.2580,-3.1293,-3.5401, 3.7328, 0.1657,-4.0382,-4.0769,-2.6714,-4.7636, 2.4110,-4.6986,-1.5838,-1.8145,-3.3681,-1.4967, 1.3956
-1.8371,-2.9241, 3.1246,-4.3256, 4.6335, 3.4867,-3.3985,-4.0295,-1.1941, 1.3884,-0.4920,-0.3908, 3.6434,-1.8253,-1.1115,-2.5472,-0.0367,-0.7355,-4.7671, 1.8168,-0.2126, 3.1077,-4.5380,-3.0484, 0.7961, 2.0483, 0.8915, 3.1859, 4.1227,-3.3732,-0.9596, 2.1718, 4.7738,-0.2078, 0.3897,-2.9842, 1.4532, 2.4047, 1.6009, 0.5369,-4.1560, 3.2836,-1.0217, 0.1360,-4.5631, 2.8076,-0.5281, 4.2307, 2.7391,-3.1792
 3.0753, 2.1383,-0.3663, 2.6387, 4.5944, 0.4737,-4.6934,-2.2175, 1.6134, 2.0472, 4.6922, 3.7209, 2.7741, 0.8954, 2.8532, 1.8480, 1.1945,-0.0788,-3.3033,-1.1668,-1.4496,-3.2546,-2.2318,-4.5131,-0.0477, 3.6796, 1.9998,-4.9292, 1.2258,-0.0855,-1.5533,-3.0069,-3.1412, 1.3968,-3.9930, 2.9275,-3.1110, 3.1809,-0.0150,-2.3814, 0.5316, 3.7261, 1.7929, 0.4950, 4.2520, 0.4195,-4.8715,-2.9221, 2.4099,-1.9263
 3.5106, 0.3412, 0.1246,-1.9090,-2.4581, 4.7768, 0.3990,-1.9100, 2.9326,-1.9182,-0.0534, 4.3801, 2.0665, 0.5377, 0.5912,-1.8744,-3.1148, 4.6613,-1.1369, 3.5351, 1.4086, 0.2623,-2.7857,-0.3309, 4.2183, 1.1980,-3.0292,-0.7038,-4.8247, 3.0536, 0.5500, 3.3142, 1.3936, 1.6698, 1.7559, 3.8231,-2.3256,-2.3553, 4.6072,-2.9391,-2.9419,-2.8259,-0.8933,-4.1789,-1.0379, 1.1814, 2.8797,-1.2834,-4.8615,-1.1872
-4.2144, 3.9124, 0.3711, 0.2226, 4.4273,-0.3396, 1.6042,-0.5580,-3.7643,-2.5096,-3.2926, 2.0351,-0.5603,-2.6762,-1.7322, 0.2286,-3.4815, 4.6076, 4.8133, 4.7736, 4.9442,-1.1574, 0.0178,-1.6585, 4.9325, 2.4778,-2.2504, 0.3975, 0.3871,-4.5453, 1.3237, 3.1726, 2.6176,-3.6644, 1.3658,-2.7735, 2.4655,-2.1694, 3.9132,-0.6798, 3.9109,-4.0214,-0.8375, 0.0831, 3.6186, 3.0016, 3.3731,-2.3783,-2.9541,-2.7583
-4.3296, 2.8142,-1.6292, 4.5199,-3.7559,-2.2528,-0.8759,-2.5992, 3.6036,-4.7637, 2.6554, 0.7995, 4.2977,-1.3715,-2.6771, 0.8727,-1.2040, 0.6523,-2.1413, 4.8282,-2.2976, 0.9452,-0.1618,-1.4919,-3.5284, 4.9561,-3.3154,-0.7434, 1.2642,-3.2691, 0.0209, 2.2937, 3.1071,-3.9843,-1.3294, 1.4304, 1.4800,-2.7611,-3.4503,-1.5472, 1.1490, 1.9497, 3.7365, 3.4384, 1.7281,-0.6901, 0.3846,-3.4942, 4.2878, 3.7288
 3.3186, 4.0461, 3.7429, 3.9786,-4.5039, 0.0974,-4.1417,-3.8019, 1.7317, 3.2618, 2.8292, 3.7055, 3.7076,-3.7159,-1.8271, 0.4052, 0.5958, 3.6668, 4.2558,-1.4819, 1.1273, 3.9954, 4.5608, 2.0088, 3.2022,-4.9543, 3.4760, 0.1580,-4.8518,-2.7015,-4.5374,-3.0454, 1.3947, 0.7724,-4.0215,-0.3060,-2.2829,-1.0246,-2.8174, 0.8970,-1.3947,-1.4820,-0.8076, 2.4297,-1.2378,-1.2504, 2.7983, 2.4579,-3.4842,-0.0151
-2.2506, 2.4615, 3.9864, 1.2885,-1.4600,-4.5459,-2.9202, 4.0034,-0.9021,-0.2878, 2.4893, 0.4827, 1.4297, 2.4084, 2.4764, 1.1877,-1.5512,-3.3792,-0.5263, 3.5415, 1.5018, 4.6890, 4.2257, 0.8318,-1.8093,-0.0268, 2.4446, 3.9287, 3.4732,-4.9494,-3.1680,-1.3990,-3.7485,-2.9613,-2.1927,-4.4994, 4.1173,-4.1114, 2.5398,-0.0272, 1.2456, 3.5024, 2.9508, 1.5534, 4.1923, 3.5401,-4.6964,-2.2242,-2.8036, 3.8745
 4.0105,-3.1999,-0.7961, 3.1623, 3.5668,-1.9406,-3.6366,-4.3370, 2.6640, 0.9539, 4.8524,-0.6533, 0.0726, 2.3116,-1.0968,-0.8453,-4.3384,-1.9610,-4.8606,-0.1701, 1.8493,-2.0934, 0.3144, 2.3180, 0.0005,-1.5619, 4.6981, 4.9946,-4.6041,-0.4572, 0.8340,-0.6119, 4.7069, 0.7572, 4.8355, 0.9400, 0.5183,-2.8572,-1.5960,-3.5220,-0.0949,-0.9861, 0.8879,-4.8254,-3.6762,-1.5839,-4.7332, 4.2198, 3.0506, 0.0594
-2.2194, 2.7570,-4.9435, 0.8558,-1.8847,-4.6468, 4.2552,-4.8945,-4.9124,-2.5342,-1.1488,-4.7231, 4.3455, 4.6221,-0.0191, 3.7867, 2.0110, 1.4679,-2.1568,-1.4717,-0.8031,-3.7151, 2.6892,-1.0831, 0.6409,-3.2098,-3.6675, 2.7951, 1.4919, 4.6804,-3.0521, 2.4865,-2.2432, 1.2437, 1.9634,-2.9923, 2.0546,-0.2589, 3.6879,-2.4428, 3.2997,-3.3145, 3.7551, 0.8796, 3.8743, 0.5252, 2.7230, 2.4987,-2.1669, 3.0968
 4.5428, 1.6937, 2.6184,-1.9626,-0.2454,-1.6186, 2.9784,-1.9452, 4.4785,-4.4661, 4.9040,-2.4961,-3.0704,-0.6109,-2.0581, 4.3123,-0.2385, 0.4249, 0.0851, 1.7923, 4.1650, 2.2518, 4.4215,-0.0909,-4.2812, 0.5691,-1.0457, 2.1807, 0.7125,-2.6395,-4.2622,-0.4944,-2.9698,-2.3140, 4.4218,-1.8395,-3.7388, 2.2766, 1.4034,-4.2952, 4.0730,-1.8107,-3.9119, 1.1117, 4.0801,-1.5008, 1.7640,-0.6762,-3.5589, 1.6988
 1.5645,-4.1958,-3.1697, 4.0240,-1.2909,-3.2231, 3.6557, 4.9511,-4.4416,-3.6780,-2.5014, 0.2661, 2.3896, 0.1872, 4.9889,-0.9861,-3.8674, 1.3616, 0.0500,-0.8647, 3.7979, 4.7051,-0.8299,-3.6111, 4.8800, 2.7377,-2.9051, 3.1611,-4.9767,-1.9902,-2.8647,-4.7960,-1.5158, 1.6289, 0.3640,-3.2726,-1.6114,-0.6321, 3.2639,-4.6739,-4.0227,-4.7942, 0.5668, 2.2418, 1.6958, 1.2832, 0.0187, 0.6227, 2.8992,-1.6594
-0.9471, 1.0896, 0.4818,-3.1442,-2.3669, 4.7296, 4.7204, 2.4435, 0.6295,-0.5106, 3.8464, 4.1357,-0.1209,-1.9683,-2.1307, 0.0199,-2.0118,-4.5059,-2.8664,-2.9960, 3.6004, 0.6936, 1.5364,-3.5905, 1.8947, 3.4158,-1.7133, 4.8636, 0.8158, 1.6723, 0.0876, 0.9431, 1.7615, 3.0248, 0.8248,-3.9058, 2.5947, 1.0466,-1.8066,-4.2862, 4.2948, 0.4674,-0.8808,-4.1296, 1.0756, 2.2866, 0.9425,-0.7494,-4.6079,-0.1172
 1.9981, 2.9257,-3.6680,-3.1274,-0.8930, 3.4462, 2.4390, 1.0841,-1.4851,-2.7030,-2.3707, 3.8612,-4.2565,-4.2895, 4.7112, 1.7567,-0.5501, 4.7931,-2.4170, 0.7651, 1.2243,-1.8255,-0.2004, 3.2991,-1.6685,-4.9103,-0.7537, 2.9017,-2.1418,-0.0886,-1.7605, 3.8201, 3.5349, 1.2246,-1.6887, 4.6284,-2.5479, 2.6521,-2.1742, 2.0105, 1.7409, 1.7923, 2.9530,-4.7882,-3.4261, 4.5307,-3.4168,-4.1002, 2.5973,-1.7016
-4.4884,-4.2872, 0.6075,-2.9633,-2.5193,-2.0676, 4.2770,-1.1492,-3.4200, 0.3938, 3.0830,-0.2132,-0.1874,-2.8882, 2.0913,-3.5429, 0.2240,-1.4642, 3.2470,-0.6022, 0.8350,-4.8075,-2.4471, 0.4320,-0.0419, 0.0992, 3.5960,-1.0606, 4.0501,-2.9085, 1.0953, 4.8881, 1.2442,-2.0240,-4.7353,-1.7759,-3.1176, 3.6007, 2.8803,-4.3401, 0.7915, 1.3104,-1.9550,-1.4531,-4.8804, 0.6263,-2.8868,-2.2238,-0.1444,-2.3289
