 2.4972, 3.8949, 1.7775, 4.6947, 1.5463, 4.3817,-2.4694, 4.7872, 3.1718,-0.0097, 2.5237, 1.6412, 3.1330, 2.5144,-0.1542, 1.6311, 0.3372,-1.4056, 3.3233, 3.2879,-4.2711,-0.4527,-3.4480,-1.3810, 1.2087, 3.6625, 3.5132,-4.2821,-1.1935,-1.4680,-1.2545, 4.2008, 3.1259, 0.3518, 4.4225, 4.8572, 3.6573,-2.4882,-1.6407,-1.6756,-3.3537,-3.0529,-2.8006,-4.9940,-1.1446, 0.7891,-4.0311,-4.5122, 0.4049,-1.5160
 4.9704,-3.9123, 2.7828, 1.9906,-0.2359,-1.4215,-1.6939, 1.3872, 4.2938, 2.2556,-3.8767,-2.0191, 2.6860,-3.2853, 3.0367, 2.0919,-1.2367, 1.5533, 1.6192,-3.6994,-3.9444, 4.4054, 1.3782,-0.9833,-3.0139,-2.1582, 2.5972,-4.6161,-4.0697, 1.9819, 4.6936,-3.9538,-0.3908,-1.0331, 4.7221, 2.7874,-0.7707,-4.0690, 1.9316,-1.8371, 3.7724, 1.9590, 1.3142, 1.6032,-3.7286,-4.6821, 3.2801, 4.3941, 2.0824,-4.8861
 1.0347, 0.0158, 4.9888,-2.1659, 2.9099,-3.1507, 2.1975,-3.0280,-1.8722, 0.4668,-4.7910, 1.7773, 2.3209,-3.6543, 1.2353, 2.2630,-1.1532, 0.9720,-4.7646,-1.7374, 2.3540,-3.3371, 4.0032,-3.1217,-0.1638,-1.5165, 2.1289,-1.5919,-2.2361, 4.5472,-1.1731, 1.0235,-2.1172,-3.1305,-3.9541,-0.1891,-3.0009,-0.3694,-2.5864,-2.3063,-3.1100,-0.9106, 4.0333, 2.7424, 2.4584, 3.6836, 3.4750,-3.4743,-4.3345,-1.8573
 3.9594, 4.3715, 1.0529, 0.4423, 0.4626, 0.4068,-3.7458,-3.3955,-0.8756,-0.9460, 2.1391, 0.2120, 2.6729,-2.2403, 3.2731,-1.1407,-4.1731, 3.3651,-3.3119, 0.4946,-0.9464,-4.4122,-4.7388,-0.9462, 3.2662,-1.9188, 4.3652,-1.8216,-0.8501, 2.7862, 3.2830, 4.2023, 4.9123,-2.0416,-2.5142, 4.5222,-2.2360, 0.4728,-2.3209,-0.9645, 0.7580, 1.1521,-3.7901,-4.3594,-0.6345, 0.0211, 2.4828, 3.1449, 1.1857,-2.6428
-0.6262,-3.1886,-4.4304, 2.7962, 0.2861, 2.1278, 4.0724,-3.7790,-2.4339,-0.8046, 3.0354,-3.5399, 2.8350, 4.7685, 1.2225, 2.9753, 3.7367,-4.2171,-0.2571, 0.1439, 1.9494,-3.5190,-2.8027, 3.2184, 2.4010,-2.1499, 4.3419, 2.9875,-1.9916, 1.0115, 3.2481,-4.5079,-2.1200,-3.4244,-1.7878,-0.5208,-2.7808,-2.7973,-1.8068, 1.1994, 0.8205,-3.1536, 2.3841,-2.7312,-4.4728, 1.4708,-4.1920, 1.7457,-1.4762, 1.1210
 3.9145, 0.2218, 4.7119, 2.6060,-3.1817, 3.6431,-0.3828,-1.7481,-2.0966, 1.9233,-2.5500, 3.9991,-0.2639,-2.2637,-1.3810,-1.6882,-0.6366,-3.2191,-3.8783,-2.4598, 4.4498,-3.3526,-2.7701, 4.7991,-2.4180,-1.4221, 4.3347, 2.5818, 0.8496,-3.1128, 3.6201,-3.6898, 2.3306, 0.6122, 2.2725, 3.1886,-1.5750,-1.0282, 3.9278, 1.0841,-3.9915,-3.4336,-1.9343,-2.4737, 3.8068, 0.4951,-3.6944, 4.7735,-2.5158, 1.4646
 3.4284, 0.9522, 1.2990, 2.5432, 1.0672,-1.6993, 0.7837, 0.5296,-3.3220, 3.1412,-2.4360,-3.6960,-1.3900,-3.7946, 1.3143, 1.3026, 2.3556,-0.4336, 4.8059, 0.5711, 2.9344,-0.7905,-3.5435, 1.1048, 0.7576, 4.3896,-0.6747,-2.9992,-4.3111, 1.9032, 1.8397, 4.0199, 1.4614, 2.9576, 0.9617,-3.7190,-4.7612,-0.8756,-0.1451,-4.6311,-1.3658, 3.4856,-2.3927, 4.5193,-4.7493,-1.9529,-3.7992,-2.6508,-1.8149,-2.7102
-1.2389, 2.1576, 1.1024, 0.0690,-4.3799, 4.1640, 3.7034,-0.0436, 3.8851, 4.5566,-0.3945, 0.0486, 4.1161,-0.7707, 2.4937,-3.3239,-4.6007, 4.0885,-0.4099,-0.5062, 1.9532, 0.1718, 0.3749, 1.6277,-3.4299,-1.6175, 3.1729, 1.5167, 1.1202, 4.2713,-0.2768, 2.6667, 1.1323, 1.9868, 3.4671,-0.5638,-3.8974,-1.7984,-2.3006,-0.4024, 2.4518,-4.9776, 2.9392, 1.0698,-4.8927,-0.3925, 2.8345,-3.8585, 2.7770, 4.9976
-1.2797, 1.2543,-1.5785, 1.2430,-4.4876, 2.9328,-1.5324,-0.5554,-3.8109, 4.9378,-4.8987, 3.1756,-4.7951, 4.4500, 3.5493, 0.7877, 1.2583, 4.1717, 1.2453,-3.0533, 1.1995,-2.2611,-2.9994, 3.9458, 2.9744,-2.0998,-4.0864,-0.4982, 4.8556,-0.8788, 1.0123,-3.6230, 0.6922, 2.5160, 3.6726,-4.7614,-3.1677, 3.9003,-4.5824, 4.3756, 4.7772,-0.3236, 1.8508, 1.6142,-1.3979, 0.8881, 1.9244,-1.5205, 0.2859, 0.7441
-1.4698,-0.2733, 0.2569,-0.9225,-3.3375, 1.6524,-4.9097, 1.9883, 4.4348,-0.3859, 0.9558,-2.4910, 3.2547,-3.6453,-1.3381, 2.9899,-2.6358,-1.7721, 4.8046, 2.5218,-4.8809,-3.3671, 2.7843, 4.8047, 2.9353,-4.0793,-3.2315,-0.4737, 1.9502, 4.3840, 0.5870,-0.5276, 4.0206,-3.7015,-4.9571,-1.8906,-0.1310, 1.2908, 2.5527,-3.3495, 4.0360, 3.8798, 4.0220,-1.0727,-0.6841,-2.1873,-4.6096,-0.0314, 0.8078, 3.5452
 0.4092, 0.5161,-0.7784,-3.9292,-0.6516, 3.5413,-2.5168, 4.0860, 4.8387, 0.5795, 3.6934, 0.0934, 1.8064,-3.3225, 2.8506,-1.0663, 4.2699, 1.1545,-3.6662,-1.9346,-0.8151,-3.2400, 3.6651,-4.5583, 1.4219, 3.7582, 1.1155,-0.3174,-0.8762,-4.2655, 1.2021,-2.8259, 3.2909, 2.7649,-2.9346,-1.1485, 4.8381,-4.4431, 2.3603, 1.1564,-4.7359, 3.2991,-2.2075,-4.4890, 2.2241, 2.3722, 3.0050, 0.8755, 2.7352,-1.0563
-4.8846,-0.9895, 4.6070, 2.4928,-3.3992,-4.5575, 0.9752,-3.3871, 1.1264,-2.8904, 1.8943, 4.6689,-4.6762, 2.6894, 4.2084, 2.1351,-1.2571,-4.6336,-1.7777, 0.2746,-3.5353, 1.9924,-2.0483, 4.3638, 1.0185,-4.0110,-3.9506, 4.0694,-2.2709,-4.4080,-3.9879, 4.0765,-4.9127, 1.3311, 0.8776, 3.1496,-1.7000, 1.8204,-1.6130,-2.6015,-0.1010,-0.9284,-2.1004,-1.7880,-1.1228,-0.0521,-4.5576, 1.0112, 1.5003,-3.0690
-3.0736, 0.1127,-2.6633, 2.6379,-3.5523,-4.6281,-4.1568,-4.6036,-3.0777, 3.4537, 4.3799,-3.6873,-2.9137, 1.5206, 0.8544, 0.4760, 0.3291, 4.9639,-2.3689, 3.2080, 2.3708, 2.7292, 3.5131, 3.9636, 0.3485, 2.1589, 4.1704,-1.3132, 1.7605,-0.9163,-0.5782, 0.6146, 3.3135,-3.8323,-1.2888,-0.1134, 1.9558,-2.9436, 1.3063,-4.9522, 2.7702,-3.5579, 1.0148,-1.6171, 2.2687, 3.8007,-2.9360, 0.7377, 0.4223,-3.8164
 3.1513,-0.2075, 0.4241, 2.5594,-1.6344, 2.1168,-2.5277, 0.0980, 4.1407, 2.2868,-3.4288, 4.4282, 2.9546,-4.9982,-0.2884, 2.7923, 2.2401,-1.9346, 1.0265, 4.8260,-0.3594,-4.3536, 1.2780,-4.8798,-3.3357, 0.5184, 1.0424, 2.6162, 2.0052, 4.9275, 0.1577,-4.5478,-3.1304,-1.2434, 1.6745,-3.1794,-3.7302, 3.2770,-2.9767, 1.7463,-4.4284,-0.9117,-0.4247, 4.7024, 1.2727,-0.2274, 0.1002,-1.2076,-3.6183,-1.1453
-4.6578, 2.5624, 1.0880,-3.6896,-2.9737, 1.5892,-0.1671,-1.0623,-4.0639,-3.6251, 2.1119, 2.7986, 3.8007, 3.0320,-2.1532, 3.2183,-0.6229, 3.8093,-3.6929, 1.5362,-0.2669, 3.7217,-2.8071,-1.3488,-2.1848,-4.5447, 2.7817, 3.0165,-3.5565, 2.3830, 0.1030,-1.6289, 2.6901,-2.1006, 1.4881,-3.9450,-0.5967, 0.3712,-0.4707,-3.4590, 2.9379,-0.2706, 1.0942, 3.4152, 1.2143,-4.7229, 3.6382, 1.6090, 4.0835,-3.1111
-4.2792,-4.9264, 4.5664, 3.2285,-0.0478,-0.8460,-4.6979, 3.0387,-4.5246,-2.2100,-3.5256,-0.0589,-2.8057,-1.1768,-2.5845,-4.2041,-2.4294, 2.3994,-3.0322,-2.8479,-3.9399, 3.3828, 1.4172, 4.4635, 2.6004,-1.3989,-3.4968,-2.1559,-2.2165,-3.9373,-1.8565, 1.9268, 4.0523,-1.2784,-3.4448, 3.1660, 4.7005,-1.6573, 1.8077,-2.6207,-3.8259, 2.3739, 4.8480,-1.2536, 2.7468, 4.0021, 3.2221, 2.9462,-0.3638,-4.9536
 4.1743,-4.2845, 0.6792, 0.1778, 2.1452,-0.4870,-2.3537, 0.9423, 0.4314,-2.5573,-2.2823, 1.0469, 1.9215,-1.0854,-4.6343, 4.0677,-0.5334, 4.7449, 4.3348,-0.5182,-1.6806,-4.4876, 0.5748, 2.6055, 0.2101, 1.9445,-2.0953, 1.6123,-3.6236,-2.8183,-4.2959, 4.5665,-1.6936, 4.5152, 1.4668,-0.6833,-3.9510, 2.8088,-2.1076, 3.2718,-0.6513, 3.0564,-4.3320,-4.3638, 3.5903, 4.8334,-4.1161,-4.5637,-3.5409, 0.7775
-3.3000, 3.2114, 1.4415,-3.2314, 3.1863,-4.9358,-4.6731, 0.5676,-0.0369,-3.2823, 0.1532,-1.3124, 4.0903,-1.2573,-4.2841,-3.4707, 1.4710, 4.9304,-2.2045,-4.3680, 0.0401, 4.6604,-3.6265,-3.7148, 0.6362,-2.4988, 4.7514,-1.8931,-1.2291,-1.4187,-2.8642, 1.5992,-3.2200, 1.1512, 0.6157,-3.5380,-0.4854,-3.4090, 1.7921, 2.2014, 2.7480,-0.2901, 4.8061,-1.5085,-0.7357, 3.4137, 3.4333, 3.5532,-0.0167,-4.8229
 3.5161, 2.1962,-0.2950, 2.6441,-1.1071,-2.6682, 4.7620, 1.1919,-1.2797, 4.9103,-2.0244,-3.8406,-1.2151,-1.5800,-4.5155,-3.0551,-1.6487,-1.5707, 3.8809, 4.5730,-4.6546, 1.8856, 4.5573,-3.1539, 0.1559, 2.2597,-0.6855,-4.3026, 4.8458,-1.6155, 4.0849,-1.6447,-4.0884, 4.4058,-0.6172,-0.1352, 2.9055, 1.4854,-2.6010,-0.1748,-4.4474,-1.8648, 3.8384, 3.4458, 3.6383, 0.5603, 4.9678,-0.4014, 1.1847,-0.8227
 2.0207,-4.6838,-3.2329,-3.4801,-3.9398,-0.9805,-1.3916, 3.4252,-4.4611, 0.5684, 0.2089,-1.7283,-1.4160, 2.7244,-0.9026,-2.6151,-0.9693, 3.2822,-2.1788, 0.0767,-1.2832,-4.1339, 3.7549,-0.8958, 3.8907, 0.1936,-3.9293,-0.2488,-3.8648,-2.3037, 3.7988,-3.5494, 0.0333,-2.2103,-3.7538,-2.2596, 0.3614, 4.3549,-1.7785, 0.1211, 3.1311, 2.5045,-3.1340, 4.8792, 3.6934,-1.7639,-1.1664, 2.9371,-3.4257, 2.1059
 2.7618,-3.4443,-1.4977, 0.0733,-3.3838,-3.1798, 3.6622,-4.8058,-4.6744,-0.5819,-0.5242,-1.5826, 3.3541, 2.6110, 0.7353, 3.9630,-3.2274,-2.5520,-3.1549, 3.0369, 0.6119, 4.2698, 2.5314,-1.1255,-4.2036, 2.5306, 0.7642, 3.7622, 1.8220, 0.7003, 4.3334, 4.4922, 1.0511, 3.7625,-2.1387,-0.0573, 0.7926,-4.7432,-2.7325, 0.9568, 3.6181,-3.1093,-3.8739,-4.0827, 0.8011, 2.3782,-4.2814,-3.6301,-0.6611,-2.5355
-3.2487, 3.1532, 0.8293,-3.8053, 2.5293,-1.2929,-1.7691, 1.8998,-4.2216,-2.2856,-0.9949, 3.5625,-3.3647, 0.9574,-2.8472, 2.6291,-0.4203,-3.6228,-4.1640,-4.4354,-2.3183, 2.5808, 4.2176, 4.5669,-0.6230,-4.6189,-3.1924,-2.6530,-4.3866,-2.4880,-0.3158, 0.2500,-3.3686, 0.5612,-2.9747, 1.4003,-4.6519, 0.4627, 2.0538, 3.6921, 4.0990, 0.8307, 1.1027,-4.0009, 4.2486, 1.2932, 2.4470,-1.6878,-4.9407,-2.1528
 1.6080,-4.2200,-1.6124,-0.7457, 0.7729,-0.8735,-2.8834, 1.6780,-1.1805, 3.7633,-0.0488,-3.1881, 1.8922,-4.1932, 4.1861, 1.5093,-3.5168,-1.0240, 3.2738, 1.0798,-0.2358, 3.6634, 3.7958, 1.2204, 1.5351,-2.5377,-0.5955,-3.0750, 4.8226,-4.0127,-2.3967,-0.9578, 4.6588, 4.8847,-1.7436, 3.8422, 1.5788,-3.9398,-2.0417, 1.4885,-4.3734, 2.3290,-4.3403, 0.9377, 1.7738, 4.2436, 0.1601,-2.4719, 4.8834, 3.9020
-2.4901,-0.0703,-0.6041,-4.6798,-4.0402,-1.3959, 1.0195,-3.3819, 2.2089, 3.8693, 0.4002, 1.8700,-4.5048,-4.0630,-1.7133, 4.4710,-3.7577, 3.2978, 2.7626, 0.1489, 0.1524,-0.6619,-1.8972,-2.3936,-1.7133,-0.2369,-0.1016,-3.5916, 0.6033, 4.1258,-3.8799, 4.3623,-1.5575,-0.3349, 3.7363, 2.6073,-3.7210, 2.5259,-1.9659, 3.9823,-2.9314, 3.8424, 2.1275,-3.0778,-4.7972,-2.1648,-0.3448,-1.0609,-3.9462,-4.4456
-4.4523, 1.7200,-1.2126,-0.8150, 3.9313, 0.8864, 1.5216, 1.7691, 2.4001,-1.2327, 4.9041, 2.5674, 3.8275, 3.2146,-4.7924, 0.5179,-3.9351,-1.1058, 4.5238,-2.3791,-3.4479,-2.7458, 2.9378, 1.6756,-2.8846, 1.4752,-1.5243,-4.1151,-0.5246,-4.5992, 3.6158,-4.7689,-3.9086,-0.3980, 4.8806, 3.8074, 2.8345,-4.8655, 0.1219,-2.1623,-1.3580, 4.2158, 3.6490,-2.5538, 4.2108, 0.6247, 3.5082,-2.8735, 2.4159, 1.6813
-0.5678, 1.6136, 0.2229,-1.3585,-4.7214,-3.9061, 2.7798, 3.5117,-1.7296, 3.8722, 2.2550, 2.1669,-4.5989,-4.2222,-3.2340, 1.7142,-4.7890,-2.3793, 1.2577, 0.3631, 4.5068,-1.1116, 4.1910,-3.9505, 2.9971, 3.9804,-1.2814, 1.4817, 0.9707,-0.5313, 2.6525,-0.0523,-4.7936,-0.1715, 3.2756, 2.5548, 0.0624, 3.3525,-1.4130,-0.1686, 3.7267,-0.7173, 3.2560, 1.9254,-4.8235,-4.2747,-1.6395,-1.6999, 2.7479,-4.3738
 3.3811,-1.5740, 1.9054,-2.3059, 2.9273, 0.5772, 0.3380,-0.8036, 3.7121,-0.4736, 4.0446,-2.9489,-4.7352, 0.9028,-4.9194,-4.3395,-2.5946,-1.5061,-4.2146, 4.4890, 4.1520, 3.8046,-3.7101,-0.5136, 0.7345, 4.3066,-1.7360,-1.2294,-3.2539,-1.1365,-2.0966,-1.8292,-4.3546, 2.9692, 0.6449,-0.5420, 0.2489,-3.6867,-4.8682,-1.8903,-1.7926, 0.8261,-3.3086, 3.8089,-0.0350, 0.0576,-4.0830, 1.2287,-0.7954,-1.5287
 1.2195, 3.0386, 1.9789, 0.8155, 0.8909, 0.6150,-0.2777,-2.3407, 4.3330,-3.5073, 3.6677, 2.9233,-3.2134,-4.0072,-4.1633,-0.5796,-0.1895, 2.4260,-3.4892,-3.1401, 4.5374, 1.9542, 3.7330, 4.7626, 1.6026, 0.4149, 0.0696,-3.1471, 0.4211,-3.5285, 4.3497,-2.4461,-0.7747, 0.2238,-3.1998,-0.6089, 2.2217,-3.0047, 3.3653, 3.5855, 2.4980,-3.5407, 1.0384, 4.7858,-0.1684, 2.3126,-3.0086,-2.4246,-3.2801, 4.3502
 1.3799,-2.5984, 4.0784, 2.3642,-1.0470,-3.0194, 1.6540, 4.2717,-0.2588,-4.3686,-3.1709, 0.7915,-4.8422,-2.2918,-2.1363,-3.4295,-3.6302, 2.5858,-0.9910, 1.7091, 4.4854, 3.8489,-1.5302,-3.2272,-4.4519, 0.4296,-0.4860,-0.2494, 1.5535, 2.9560,-2.1814, 2.9832, 0.7181,-1.7586,-0.0319, 2.3688, 0.7579, 4.9756, 3.8107,-1.1279, 4.7826,-4.3196,-3.6852, 4.6366, 2.6943, 2.0334,-4.8344, 1.5631, 2.8971,-2.0482
-0.8947,-2.9068, 2.1627,-2.9590, 2.1038, 3.8229, 1.7613,-4.6176,-0.4839, 3.8244,-3.7434,-3.5253, 0.3924, 1.6028, 2.7287,-3.8362,-0.0719,-4.4636, 3.4464,-3.0142,-3.8301, 1.9681,-0.1425,-4.7941,-4.2454,-4.6770,-0.3737, 2.8623, 1.9656, 0.1985, 2.0766, 3.0080,-4.1438,-1.3926,-2.6553,-1.9343,-4.8121, 3.6794, 3.6808,-1.8491,-1.2885,-3.2971, 0.6970,-2.0515, 0.2784, 3.6062,-3.8691,-3.8470,-4.1406,-2.4296
-4.4145, 4.8785,-1.0491,-2.5661,-2.3536,-3.8029,-3.5528, 1.7861, 4.4794, 3.5904,-2.1808,-3.6660, 3.6972,-4.9728,-0.1768,-0.9635,-2.2275,-2.2495, 4.7238, 4.4717, 4.3064,-4.4763,-2.6842,-1.9843, 4.3583, 2.7836,-1.5859, 3.7582,-1.3491,-0.4649,-2.2337,-2.2682, 4.6536,-4.2591,-0.7900, 1.4471,-3.3469, 0.6798, 4.0517,-2.0282, 3.6781, 0.1481,-2.3554, 4.6407,-2.1614, 2.5949,-4.6027, 1.8369, 2.4724, 1.9957
 4.3873,-0.1785, 3.0211,-1.1344,-4.4829,-3.3223,-3.2710,-2.6646, 3.7366, 0.5305,-3.1701, 4.6851,-1.5399,-3.8910,-0.8045, 3.2765, 0.2833,-2.4032, 2.0324, 2.1246,-0.4935,-4.9306, 2.0381, 2.3964, 3.0798,-2.4306, 1.3454,-1.9732, 2.6710, 0.3739, 1.5286,-3.0302,-3.5443, 3.7312, 1.4482,-3.9578,-4.4079, 1.4421,-0.0567, 0.9724,-3.2221, 0.4864, 4.6747, 2.3977,-3.8136,-4.6376,-2.6158,-3.0778, 1.1912,-0.6194
 1.2150,-3.2651,-1.6059, 1.2932, 0.9419,-3.6183, 4.2164, 1.2847,-4.3759, 4.8588, 1.9094,-0.5857, 4.6067, 1.3758, 2.5814, 3.5749, 1.8757, 1.1651,-3.8999,-2.4432, 3.6769, 3.0770,-2.7385, 1.7600, 3.0928,-3.2398,-3.6227,-1.0188,-3.5559,-3.1591, 4.8011, 0.2429, 0.2402,-2.6302,-0.7931,-3.9238, 3.3464, 2.7315,-0.5388,-0.6163, 2.9775, 1.6056, 2.3092,-4.9280,-4.3958, 0.6803, 4.4110, 1.6669,-3.9613, 2.4735
-3.0467,-4.0189,-0.5999,-0.1442, 0.7014, 2.6855,-4.7353,-3.5063,-3.9544, 2.9930,-3.0443, 1.5189, 1.6079, 2.0670,-2.9487, 0.2013,-3.2374,-3.7083,-0.6278,-4.0909, 1.9198,-2.8413,-3.9436, 2.8903, 2.0699,-3.5110,-0.1516,-4.0202,-0.0612,-3.1282,-0.6528,-2.6112, 2.5432,-1.0996,-4.6756,-4.5573,-1.5479, 0.8137, 1.9500, 3.3810,-0.6468, 3.7462, 4.4910,-2.1770,-2.6293, 4.8102, 3.4994, 2.7777,-3.3755,-1.0765
 2.8518,-2.1137,-4.7955, 3.6543,-1.0068, 2.7355,-0.7894, 3.2897, 1.7066,-2.9129,-1.1082, 3.5099, 1.9206,-2.9069, 1.2491, 1.6586, 3.6123, 3.9864,-4.4467,-0.7920,-4.6349,-0.9204,-3.4100, 3.6966,-4.7272,-4.6700,-1.9461,-1.8204,-1.4367, 1.3458, 0.2207, 1.1521, 3.3601, 3.9241, 0.9529,-4.7387,-4.6662, 4.1097,-0.0386,-1.8854, 1.9892, 4.4191, 3.6628,-1.5334,-3.3412, 1.4215,-0.8091, 1.2692,-0.1332, 1.8774
 4.5799,-3.0036, 1.6678,-1.1849, 2.4851,-1.3897, 1.9601, 1.5419, 1.1495, 0.6976,-0.1886, 1.1289,-2.8146, 2.2487,-0.3293,-0.7998,-4.6146,-3.8152,-0.1994,-4.8063,-2.6379,-2.2408, 4.8538, 0.9352,-4.6545,-2.2447, 0.4405,-4.5742, 4.7724,-2.1065,-4.4928,-4.9269, 4.4521, 3.6593, 3.0210,-1.4056, 1.1949, 4.7792,-3.9460, 4.5078, 1.5564, 3.2027, 1.3829,-1.1841, 1.2195, 0.4328, 0.9511, 4.7761, 0.7466, 4.8789
-1.9476,-0.4232, 0.4215,-2.6847, 0.7119,-3.8593, 4.3130,-2.5458, 1.2990,-3.3201,-0.6921, 2.9643, 1.9295,-0.8890,-1.3421,-4.5563, 2.1109, 3.3921, 4.4305,-3.9203,-2.4783,-3.9714,-3.5660,-2.6892,-4.4255, 1.3072, 2.4766, 2.6020, 0.9739,-4.4525, 2.0570, 0.4019, 0.3251, 1.2276, 3.2776, 3.3526,-3.1684, 0.0547,-3.3509,-4.1397,-1.1612,-4.3203,-4.1416, 0.1609,-0.3813, 2.4475,-0.4387,-2.6620, 2.8166,-1.9622
 4.0425,-1.0446,-2.7925, 3.2152, 4.4874, 3.7820,-3.4417,-4.7830,-1.8064, 4.4553,-3.6729,-4.0437, 0.1155, 0.9054, 3.7306,-1.8133, 4.1052,-4.2731, 3.4759, 1.6638,-0.0159,-4.7078, 3.5603,-4.2251,-4.0918, 0.1124, 3.7447, 0.4181,-4.3113, 3.6849,-3.1292, 0.0776, 3.9581,-4.1457, 4.4639, 3.4734, 0.4229,-2.9712, 2.3895, 0.7361, 4.2757,-2.1182, 3.4415, 3.8844, 0.9853, 0.2558,-1.9639, 0.1486, 1.4589, 1.8895
 2.4095,-1.2462,-0.2055,-3.3996,-1.3714,-4.8748,-4.5334,-3.1687, 2.2673, 4.8547, 0.7266, 3.9402, 4.8596, 1.3200, 1.4698,-1.4656, 2.8117,-3.2131,-3.7595,-4.4410,-4.7972, 1.3784, 0.0227,-2.3040,-3.4253,-0.9580, 1.7349, 1.1635,-4.2194, 4.9913, 0.9290, 0.3281, 4.1165,-3.3017, 3.1261,-0.4285, 1.0923, 4.7645, 1.5895, 1.6948,-1.2924,-3.9804, 4.0630,-1.3847, 1.9465, 2.9427, 3.1959,-3.6903, 2.6539, 0.5859
 4.0294, 3.9162, 0.8431,-0.5378,-2.2596, 4.4199,-2.5962,-1.9833, 1.4923,-0.9236,-4.6791, 3.1775,-1.9131, 0.7596,-1.9539,-2.4901, 0.7747,-3.3386,-2.8222,-2.9850, 0.7245,-1.5892, 0.8794,-1.5747, 3.2903, 3.2061, 3.1794, 2.4427, 4.9273,-1.4013,-3.9701,-4.9389,-0.8959, 0.1291,-3.9527,-3.2083, 1.3814,-4.0127,-3.8052,-0.5015,-4.5057, 1.1110, 2.0615, 2.3840,-1.6126,-0.0671,-3.6264,-2.4955,-0.3085, 2.7089
 3.4906, 1.7814,-1.5037, 0.0598, 1.3993, 0.8311,-2.7649,-4.6670, 2.5358,-0.1582, 0.0054, 4.3539, 4.3384, 0.8378,-2.2868, 0.1371,-2.3947, 2.0711, 2.2588,-2.8075,-0.5157,-3.1438, 3.7743,-1.2721,-0.2246, 3.3106,-1.4135,-3.4139, 1.7057,-1.3240,-0.7284, 0.2941,-2.5443, 2.7349, 4.4534, 1.9931,-1.6166,-0.3224, 3.3356,-0.1656, 1.1601, 2.8990,-3.2275,-4.0880,-4.3456, 4.1690,-3.6261,-3.2129, 0.8025,-3.3015
-2.7697, 3.3575,-0.2471,-1.6175,-4.6727,-2.3413,-1.5882, 1.2020,-2.7446, 4.8143,-1.0201, 3.5994, 0.3262,-0.5075, 3.1566, 4.9873,-2.6064, 0.9804, 3.8717, 1.0015, 4.3857, 4.4479, 4.3471,-1.2631,-1.6854,-2.7479, 0.5712,-3.7768,-3.1061, 4.2038,-0.8262, 1.0404, 0.7047, 4.9184,-4.8354, 0.9859, 4.3658, 0.9221,-0.5752,-1.9946, 1.0632,-3.1834,-2.7108,-3.2670,-0.8715,-3.4073,-2.4303, 1.1125,-3.6342,-4.9897
-1.2834, 0.5724,-0.7377, 4.2483, 0.1529,-3.0887,-4.5479, 0.7424,-1.8795,-1.9965, 4.3384,-0.3309, 1.4248, 0.1809,-0.4808, 1.4350,-4.0991, 3.5242,-3.3730, 0.7916, 0.3779,-4.9891,-4.2716, 4.3729,-2.2769, 4.8123,-1.1366, 3.3378, 2.2324, 3.6678, 4.7332, 3.8821, 3.7279, 4.6401, 4.3211,-4.2974, 1.1246,-0.4387, 3.0901, 3.0194, 1.5237,-0.1700, 3.3674, 0.5010, 1.5193, 2.1057, 1.0749, 3.1839,-0.9331, 4.9664
 4.0164, 0.4005, 2.0177,-0.1114, 2.3793, 0.4135, 2.8769, 1.9229,-4.9203,-3.2086,-1.4796, 1.0176,-0.3248,-4.5971,-3.1403, 0.2053, 4.2234, 1.4833,-2.4597,-2.1619, 4.8871, 3.2492,-4.5593, 3.7894, 0.0134,-4.6706, 4.3127,-4.8718, 2.4125, 3.3692,-4.3256,-1.7028, 1.1324, 0.6043, 3.1009, 0.2767,-2.6816,-1.1921, 4.5542, 4.5459, 3.2756, 1.0661, 3.6444,-3.9078,-0.2819, 2.4330, 0.4383,-4.2469,-0.5488, 0.9179
 3.3240, 4.3574,-0.1120, 4.2735, 3.7556, 0.7477, 3.6530,-0.0173, 0.5193, 0.7978,-4.4464,-0.7327,-1.0836, 2.2730, 3.9547,-0.9325,-0.4204,-4.9417, 0.7581,-2.6943,-1.1759, 0.4656,-4.0255, 0.5852,-1.6449, 1.7617,-4.6198,-2.2739,-2.5423, 4.0651,-2.3009,-4.9774,-4.9624, 3.8699, 3.5281, 1.1681, 3.3729, 3.5152, 1.5667, 0.5940,-3.0037, 3.1964,-3.3504,-2.0205,-3.5334, 2.0240, 4.0716, 1.0880, 2.8079, 2.5307
-4.7194,-4.0281,-4.4411,-4.2495,-2.0717,-3.9678, 4.1328,-2.0006, 3.5722,-0.3050,-0.6033,-2.9750, 3.7925,-1.7349,-3.5053,-1.3503,-4.1946, 4.2813,-0.8175, 4.4980, 3.0160,-1.1070,-3.0522,-4.9613, 1.5189, 4.2001, 0.7844, 1.0197, 2.4366, 0.2232, 0.5753, 2.0016,-0.3334,-0.5593, 0.8421, 3.2009, 2.5283, 2.4369,-3.1277, 3.3681,-1.3853, 4.8105, 3.8473, 2.8595, 0.3324, 4.7760,-0.3110,-0.9314, 2.2451,-4.9356
 4.1917, 0.4632, 2.9389, 2.4029, 0.9021,-1.2123, 1.1724,-2.1849,-3.4528,-0.7868,-0.7554, 2.2099,-0.8792, 0.9340,-4.7428,-1.8660, 0.2105,-3.6188, 3.7909, 3.3607,-2.3629, 3.7314, 0.4676, 0.5167,-0.0947, 3.8995, 2.8550, 4.7390,-4.0026, 4.3613, 1.7779, 0.9316,-4.2154,-0.1932,-2.9185,-1.8694, 3.5818, 0.3013, 2.6599,-1.6612,-2.0780, 3.3980, 1.3186, 0.6125, 4.4024,-0.9422, 2.4114,-0.0097, 1.9991, 2.6762
 2.9275, 1.2824,-2.9356,-1.4212, 0.5444,-1.9969, 4.8482, 0.6332,-2.1964, 3.5128,-2.8918, 4.3618, 2.3603,-4.8706,-3.2939,-4.7059,-3.9743,-3.6003,-2.5444, 2.8555, 3.9142,-4.5942,-2.0592,-4.6215, 1.7488, 2.6495, 1.1601,-1.3742,-1.8939, 2.6884, 0.1955, 1.9228,-4.9981, 2.8254, 2.9014, 2.9857,-1.3181,-4.0936, 2.5649,-3.8159,-0.8010,-3.1683,-3.6815,-3.5852,-0.2809,-3.5799,-0.5441,-4.5375,-4.7105,-0.9370
-0.2897, 4.2413, 1.0460, 0.7164,-1.5301, 3.7915,-2.6910, 1.6237, 4.7929, 0.9989,-3.7642, 3.5167, 0.2405,-4.0741, 2.2875,-1.8243, 2.8259, 1.7241,-2.1855,-1.6770, 2.9059, 3.7367, 2.0384,-1.2352, 0.9270, 2.7518, 0.0412,-0.6862,-0.4463,-2.2593,-0.1272, 4.3275, 4.3227, 3.8486,-3.0860, 3.7297, 4.5115,-0.1606, 1.5995,-1.7143,-0.6098, 2.8801,-0.3969,-4.9617, 2.6123, 4.1185,-4.0348,-4.6789,-1.8542,-3.3818
-2.6721,-3.0252, 3.9409,-4.5637, 1.7802,-2.6785, 2.2985,-4.9817,-4.9088, 1.5247, 0.8884,-3.0095,-4.9284,-4.5122,-2.2356, 1.6589, 1.2345, 3.2482, 3.7570,-4.9774,-3.2813,-4.5372, 4.8210,-1.7340, 3.8501,-4.8930,-3.5874, 4.1668, 0.3745,-1.4282,-0.8918, 4.0041, 1.0887,-1.0251, 0.7021,-2.7362,-4.6907,-1.8868, 0.0912,-1.2750,-0.6577, 1.2488,-1.9539, 0.7526,-2.5989,-0.1866, 1.1074,-1.5900, 3.8110, 2.7387
 0.4270, 1.0644,-3.1169,-2.2734, 4.8369,-4.4588,-3.0473,-2.8723, 4.7412, 3.2401,-1.0613,-3.8705, 1.3704,-1.4812, 3.7829,-2.7174,-4.3743,-3.7472,-0.8479,-3.5746,-2.5301, 3.4347, 0.6361, 2.2245,-4.1288,-3.3542, 3.8082, 0.4315, 0.2499,-3.9706,-3.3312, 1.0836, 2.0765, 1.4451,-3.4874,-3.5495,-1.3474,-3.0448,-0.2545, 2.5103,-0.1503, 1.0961,-4.5388,-4.8532, 2.7652, 0.3211, 0.3995, 3.4774, 4.3596, 2.7971
 1.7470, 1.8531, 0.0411,-0.3711,-3.2731,-0.4085,-0.2445, 1.0844, 1.1074, 3.7031, 3.3889, 3.9402, 4.6372, 0.1956, 1.9462, 2.6135,-1.8511,-2.3369, 1.9127, 0.6746,-1.0686, 3.2454, 0.1470, 4.8150, 0.0019,-2.0712,-1.6168,-0.9086, 0.3250,-3.5055, 1.7233, 1.0204,-1.6241, 2.7406,-3.3816, 3.9502, 3.9635, 0.7513,-4.7956,-0.0475, 0.3979,-2.6132,-2.5905, 2.0299, 4.6480,-3.6160, 1.0692, 3.4931, 3.5849,-3.6879
-0.8134,-4.5622,-1.4549, 1.0199,-2.1583,-3.9462,-4.8836,-4.6636, 1.6890,-1.9557,-1.7172, 4.8687, 2.5746, 4.3125,-4.6473, 4.5108,-1.3328,-0.1039,-3.9266, 3.4162,-4.4231,-3.1101,-2.7619, 0.6570, 4.5582, 3.4959,-1.2453,-1.9866,-3.5931, 1.4231,-0.6820,-2.5202,-3.3783,-2.0807,-2.0779,-1.9277,-0.3300, 1.8570,-0.8679, 2.6438,-1.6004, 2.6000,-0.5639, 4.2497, 4.3848, 1.9247, 1.3519,-1.4623,-3.2552,-1.4455
 2.5521,-2.3379, 0.1207, 0.4651, 3.5947,-1.7361,-3.3123,-2.4239, 4.9654, 1.9173, 2.3208,-2.5720, 4.4266,-0.8196, 4.1716,-2.8619, 2.7244,-2.2649, 3.5561, 4.9296, 1.0391, 4.0697, 4.1845,-4.5241,-1.7659, 2.9115, 0.3196, 2.3514,-1.9250, 4.5922, 0.3073,-3.5206, 0.5739, 4.8401, 2.5046,-0.4400, 1.1096,-1.3083, 4.9781, 0.2792,-2.1455,-3.6446, 3.1956, 1.1874, 1.5467, 3.7623,-3.2790, 4.8870, 4.9814,-1.3271
-0.6213,-0.2796,-0.1825, 4.7125,-2.2173,-3.4464,-3.4322,-4.5792,-4.8532,-0.9719,-2.3288, 2.8701, 3.6062,-2.9480, 4.1869,-1.4905,-1.7300,-3.5641, 1.5325, 3.4497, 2.2801,-4.5643, 2.4991, 0.2510, 4.9798,-3.2841, 1.6401,-2.6545, 0.1445,-1.7732,-4.1678,-4.3302, 2.2449, 4.4440,-1.5718,-3.1795, 2.9217,-3.9462, 0.2269,-3.9726, 4.2417,-0.6274,-3.1829, 0.4777,-4.4561,-1.3668, 3.9795, 4.7265,-4.4958, 2.2172
-4.0946, 1.8570, 1.8516, 2.8888,-4.4589,-3.3741,-1.8080,-3.3782, 3.0845,-2.5301,-1.0591, 1.4348,-0.7096,-3.4098,-1.8416, 2.0082,-1.7527,-2.0222, 2.3273,-0.9983,-0.1624,-3.1377,-4.5831, 0.3586, 1.4643, 2.7285,-0.7004,-0.6570,-0.0590, 2.1586,-3.2655, 2.8247, 4.1019,-0.8802, 2.1711, 1.3228, 2.8867,-3.8427,-0.6122, 3.9076,-2.8628, 2.0732, 1.9109, 3.3458,-3.2392, 0.6424,-4.1995,-2.0271, 1.1340,-1.3378
 4.2447,-0.3915, 3.6908,-3.1570, 2.5402, 4.9885, 3.3647, 0.7440,-4.6345, 4.3124, 0.5191, 0.4819, 2.8389,-4.7823,-2.6940,-4.1512, 2.7077,-4.3652, 0.7274,-3.7575,-1.3212,-1.4126, 1.1212,-3.3404, 2.8086, 4.1390, 4.5431,-1.5853,-0.9554,-3.4541, 3.4832, 0.3003, 0.1722,-3.5805,-2.1170,-0.5737, 0.8210,-0.9020,-3.8297,-4.8408, 1.5627,-3.4372, 3.1603, 1.2395, 0.6903,-0.0994,-1.0456,-0.2140,-0.2823,-1.3117
-1.4592, 2.1689, 1.5369,-4.7902, 4.6484, 4.7798, 4.9530,-4.6987,-2.4053, 0.7988,-0.2704,-1.3781, 4.9720,-3.9139, 2.3494,-1.4942, 0.5076, 1.2741, 4.7809, 2.1749,-2.6507,-4.4728,-0.3051, 4.9621, 2.2697,-0.0868, 1.3195,-0.3965, 1.0538,-4.5276,-4.1896,-3.0244,-1.4834,-3.3088,-2.4313, 4.7578,-2.3798,-0.8841,-4.0135, 2.4725, 1.0623,-2.6196,-0.0116, 0.9581,-2.8194, 0.4481,-4.8950, 1.1390, 4.4727,-3.5427
 1.3128,-4.2210,-2.2317, 0.5193, 2.2424, 4.5357, 2.0503,-0.0035,-2.9847, 1.4128, 4.0715, 3.8933,-1.8069, 0.8246, 4.2768, 1.2078, 4.2968,-0.9562,-1.0722,-3.2807, 3.4034,-0.5836,-4.3324, 1.3399, 4.8467, 0.8154, 1.8404, 3.4257, 4.9468,-3.7803,-3.1667,-3.3516,-1.0409,-0.0559,-4.8531,-4.9379, 1.2741,-4.0110,-4.2652,-0.0052, 0.5969, 2.8357,-3.2147,-1.5028,-0.2789,-1.7634, 4.4645,-2.5375, 1.1418, 2.6625
-1.4401, 1.9502, 4.9119,-2.8272,-0.6820, 1.2574, 3.7813,-1.5642, 2.8745, 1.3540,-1.3873, 4.5965,-1.1031,-3.0195,-0.8796,-4.0478,-0.9733, 2.3013,-1.3130,-0.0268, 3.6189, 4.2320,-0.1511,-4.4991, 0.4445,-4.4496,-1.8273, 3.4284,-0.2283,-1.4620, 2.9529,-1.1854,-0.1473,-3.8723,-4.6010,-4.5206,-1.5720,-0.2130, 3.9439,-0.8270,-0.4056, 2.5845,-4.5606, 1.5939,-0.4474,-0.7629, 0.0525, 4.3839, 3.6148, 0.9685
 3.3776,-3.6284, 3.5791,-1.8637, 2.1114, 4.1796, 2.0512, 1.8384, 3.3417, 0.1982,-2.9086, 1.4540, 4.2160,-2.1503,-3.5777, 4.9981,-1.0947,-2.2455, 1.2497, 1.6907, 4.8726, 4.7160, 2.7106, 3.5689,-4.7085, 3.1155,-4.3188, 3.5602,-0.4580,-0.8491,-2.1598, 2.0098,-0.6461,-2.0921, 0.7834, 0.7543, 1.1446,-4.7060, 2.4399,-0.5880, 0.0169, 1.5234, 3.9334,-3.3928,-4.6850,-2.2351,-3.1193,-4.8057, 0.8556, 3.7037
-2.9249, 0.4253,-2.4549,-2.5327,-2.1483,-2.0350,-3.6759,-2.4455, 4.7998, 1.5428, 1.8644,-0.0317,-4.9186, 1.2421,-4.9027, 4.2147, 0.6919, 1.1432,-2.1538, 0.9895, 0.3212, 1.5806, 0.0630, 3.6473,-1.0869, 2.4798, 0.6483,-4.0058, 0.6077,-4.0444, 1.3379,-0.7562, 4.7521, 1.8226,-1.1612, 1.4656, 3.2563, 1.2135,-1.2591,-2.0200, 3.0138,-4.6444,-2.2992, 0.6869, 2.2574,-2.3974, 4.4399,-3.6129, 0.1565, 0.7210
-4.9745, 0.9614,-1.4832,-4.3933,-1.7563,-4.6684,-2.4907,-4.5303,-1.6336, 1.9170,-2.6266, 0.7477, 1.1979, 3.2570, 4.6696, 1.0024, 0.7275, 0.6687, 3.7127, 4.1059,-1.3753,-0.4326,-3.9416,-0.6305,-4.2503,-4.9807, 4.4683, 0.3901,-3.8848, 4.5478, 0.1236, 1.7713, 2.4710, 0.4687,-2.7760,-1.6258, 2.7800, 0.1653, 0.6812,-0.8961, 2.2789, 0.7655, 2.1001,-4.9432, 0.1319,-2.7461,-0.4374,-1.2155,-0.5048, 3.7899
 3.7745,-1.1407, 4.4431,-4.3885,-0.0780, 2.5603, 1.0126, 0.0297,-4.2886, 3.7369, 0.9167,-2.8726, 3.3789,-4.6552,-4.6729, 2.3726, 3.2329,-0.4948,-0.8497,-4.2123, 2.1980,-3.3975,-4.2791, 0.4268,-1.8800, 0.2604,-2.4242, 0.2163, 2.0884, 4.7178, 1.8518,-0.8380,-2.9058,-3.4791,-0.1041, 2.4919, 2.2639,-4.0129,-0.7280,-2.8748,-4.8010, 2.8054,-4.9923, 1.4957,-4.7916, 0.6441, 4.1125,-3.8996, 3.3208, 3.2760
 3.9192,-2.6744,-4.0475, 3.5768, 0.1578, 4.8442,-0.0099,-2.3456,-4.8990, 4.0940,-3.5524, 3.8485, 0.8368,-1.9249,-1.7768, 3.0107,-3.8418, 1.3142,-3.4575,-3.2927,-0.6924, 1.2344, 4.2097,-4.1143, 3.5667, 4.9189,-0.7267,-2.9948,-2.5472, 1.0303, 1.5011, 4.0380, 2.9199,-3.6313, 3.1510, 0.9765,-2.0429, 1.8694, 0.9006, 4.6726, 0.9176,-2.4842,-1.8801, 2.3356, 2.0937, 0.6218,-3.4324, 1.9219,-0.1476, 4.9909
-3.4603,-3.8191, 2.7217,-1.5961,-4.0594, 3.4177, 1.7893,-2.2492,-3.6194, 0.1269,-3.0930,-2.8484,-1.7430, 1.0274,-1.0579, 3.5552,-1.3730,-2.5518, 0.2116,-3.5090, 0.9927, 2.3693, 1.6640, 0.6697, 4.9909, 2.4636,-3.1905,-1.6322, 0.9676,-1.0794,-0.9829, 3.3497,-3.7556, 2.0047,-2.1043, 3.9873, 2.7995, 3.7574,-3.5316,-3.3053, 1.8134,-4.7670,-1.1842,-4.9228, 2.3762,-3.4633, 1.2989,-4.4639, 0.2448, 0.3278
-4.7824,-3.8350,-2.3884, 2.1289,-0.0327, 4.1553, 2.5378,-2.0631,-2.4410, 1.8558, 3.1724,-0.2730, 2.9527,-3.2897, 0.4415, 0.6832, 4.6578, 3.4281,-2.3391,-4.8292,-2.0718,-1.0729, 0.0733, 0.3334,-0.4846,-1.7453,-3.1268, 2.0231,-1.7393, 0.5271,-2.5341,-2.9979, 4.4187,-3.5647, 4.5942,-3.6553, 3.1510, 4.6652,-4.0593, 4.4091, 2.9395, 1.6670, 0.2674,-2.8170,-1.3030,-3.3410, 0.7196, 2.1047, 2.1525, 4.3794
 1.2878,-2.1185, 1.5370, 4.8866,-4.8320,-2.0167, 3.5910,-4.8660, 2.4370, 4.8440,-4.1822, 4.2698,-2.2454,-2.5379,-4.9699, 0.2151,-4.2991, 2.4496, 3.4868, 0.9316, 3.8443,-3.3468,-2.1710, 2.5504,-2.2043,-3.5286,-1.3156,-4.2312,-3.8455, 0.3277, 4.3455, 1.1484,-1.0848, 4.5072,-2.5667,-2.2490,-2.6179, 2.8521, 0.1272, 2.3553,-3.9323, 2.1028, 3.8116,-3.1336,-0.1961, 1.7899, 2.1159, 1.9311, 4.6430,-2.7212
-1.6203,-2.7477, 3.0090,-1.0254,-2.5756,-4.3258, 1.2344, 0.9089,-2.6048, 0.9971, 1.2504, 3.4543,-3.9614, 2.8184, 0.5456, 1.9170,-1.9342, 2.9077,-1.6369, 1.9663, 3.4849,-1.8364,-1.7300,-0.8415,-0.8019,-4.8192,-2.8855, 4.3784, 1.5297, 0.0819, 2.0525, 3.9601, 2.1263,-1.9446,-3.6252,-4.5779,-1.3215, 2.7338, 1.1656, 3.8927, 3.9564, 4.0709,-1.1754, 0.5081,-0.4573,-1.6674,-4.4037, 0.7859,-1.7389, 3.3858
 2.1744,-1.2904, 2.5933,-2.9894,-4.5878,-2.4430, 0.5454, 2.5843, 0.9511, 1.7663,-3.7418, 4.4050,-2.7694,-2.2089,-2.2757,-1.4609,-2.6637,-2.8060, 1.7302, 2.8629,-4.5811,-1.4116, 3.7581,-1.1535, 0.7882, 1.4930, 0.2486,-2.7433,-1.9362, 3.2460, 4.2764,-4.2656,-4.9864,-2.9909,-1.9782,-4.1685, 1.2731,-1.6880,-1.6084, 4.0352,-3.2882,-4.0276, 4.8571,-3.0931,-3.9492, 2.3699,-1.0504,-4.3112, 0.6996, 3.6106
 3.1176, 1.4096, 2.6277,-0.2883,-3.4607,-0.8476,-3.5876,-0.9165, 1.2122, 4.6440,-0.1771, 4.7176,-0.7045, 1.1750, 4.9838, 4.6971, 1.7540, 0.3752,-2.2963,-4.1405, 2.6459, 1.2985,-3.5475, 0.2044, 0.8612,-0.2220,-3.7171,-3.3861,-2.2726,-1.6735, 2.1016, 3.2724, 3.7716, 1.6786,-2.6321, 0.5307, 3.5120,-2.1652, 1.6278, 2.1809, 2.8052, 4.0955, 0.5745,-1.2110,-3.3443, 4.2293,-2.7551, 1.3945,-3.1256, 3.5857
-1.6266, 3.4282, 0.9253,-2.3265,-3.3575,-2.4743,-1.9176, 0.0232, 2.4844, 3.4904, 1.1441,-1.2534,-4.7665,-1.7763,-2.8095,-2.2183,-2.9697,-1.5401,-1.9606,-2.2851, 4.0423,-0.7892,-4.7358,-2.9328, 2.6984, 1.8295, 2.9629, 2.2018, 1.6008, 0.2653,-2.9881, 0.8648, 0.7123,-1.6722,-3.1782,-3.6079,-0.6747, 3.3819,-2.3736, 3.6155,-4.8172,-1.1176,-0.4900, 3.6584,-3.0324,-2.2653,-2.7632,-2.3766, 4.2950,-0.6154
 3.4184,-0.5465,-1.4082,-3.3649,-1.2261,-1.6924,-1.0274, 4.7593,-2.3111, 0.4107, 2.7047, 2.8944,-1.3953,-2.6004, 2.1719, 3.8784, 1.8436, 2.1466, 0.4193,-2.8526, 3.9322,-3.6598, 3.3948, 2.7550, 2.5763,-0.0317, 0.5987, 4.4179,-1.3819, 3.0271, 4.0929, 2.2648,-2.8898,-2.2661, 2.0743, 2.4436,-1.9460,-0.9127, 3.8687, 3.9389,-3.5656,-0.1096, 1.2153, 3.2322, 2.8733,-3.0732, 3.3348,-1.8066, 2.8713, 0.2925
-2.8798,-1.3566, 2.1178, 0.0058, 1.5055, 2.3992, 2.4863,-1.3872, 1.7615,-1.3535,-1.6354,-4.3584,-2.6129,-1.2182,-2.6281, 0.4262, 0.3140, 0.1231,-4.4000, 4.1466,-0.2177,-0.4639,-2.9502, 4.7499,-2.7976, 2.4323, 2.4025,-2.0757, 2.8498, 2.4047, 1.7162,-4.4491,-4.9985, 2.6643, 2.6898,-2.5561, 2.6336,-3.8467, 3.9833,-4.9496,-4.0877, 0.1945,-4.9745,-1.7245,-4.7162,-1.4450,-3.4832,-0.4067, 4.3606, 1.0508
-4.2050,-1.6303,-1.8137, 2.0997,-3.6473,-1.0770, 2.7500,-1.7837, 4.8740,-4.5941, 2.3028, 1.1024, 4.5138,-0.6878,-0.7328, 4.7038, 1.8597, 2.7372,-2.2516, 4.3285, 0.0163, 3.9737, 4.2696, 2.5421, 1.3965, 0.7279,-0.1505, 1.2739,-0.1654,-0.4633, 1.9488,-1.3304, 4.4587, 3.3676, 0.9963,-2.7195, 3.5968,-2.2764, 4.9677,-0.2254, 2.4832, 1.1074, 2.1937, 1.3163,-4.5440, 4.6170, 3.1166,-3.2177, 1.7787, 0.9113
-1.2080, 1.1620, 1.9654,-3.1716, 0.9378, 2.6419,-2.3088,-2.0499,-2.5977,-4.9245,-2.6476,-0.9198, 1.7986,-4.5270,-1.9349, 2.2451, 1.5615,-1.0965,-2.9847,-4.0273,-1.9603, 1.7419, 0.4290, 0.0524, 1.8699, 3.1024,-2.5872,-2.9960,-0.5957,-2.1610,-0.4805,-3.4671, 1.4849, 2.9690, 4.4493,-4.8191, 0.7423,-3.6725,-3.3851, 3.3440,-0.8044, 0.6817,-0.2814, 3.8105, 4.0982,-4.9234, 2.3675, 4.4027,-0.8730, 4.2852
 1.0934,-3.2344, 1.0402, 3.4623,-4.9366, 3.5401, 1.9215, 0.8346,-3.0130,-2.1693,-3.4738,-1.8398,-2.1419, 4.3533, 0.8688,-1.7599, 1.2236,-1.0297,-3.4645, 4.9654, 2.3892,-4.8451,-4.0546, 0.5219,-0.8437, 4.6214, 3.7324,-3.2674,-4.8995,-2.8922, 4.6556, 2.9314, 1.0748,-4.9999, 4.4233,-4.3526, 3.9982, 0.1021,-2.9812,-1.7925, 0.1569,-4.4792,-1.0891, 2.6511,-3.5898, 1.8230, 0.2975, 4.0912,-3.7364, 1.8132
-1.6554, 1.7756,-1.3126,-2.0878, 0.0049,-1.2719, 2.1666, 4.1321,-1.8958, 4.3810,-4.1338, 4.7525,-2.4849,-1.1788,-1.7777,-0.2363, 2.7741, 1.3284, 0.5642,-0.9734, 4.2515, 2.6380,-0.4682, 1.1505, 1.3185,-0.1854, 1.5698, 3.1547, 0.1367, 0.3363, 2.5255,-1.7694, 0.5919, 4.9064,-3.4620,-0.3807, 1.3200,-1.7648, 4.6008,-4.4116,-0.9988, 0.9661, 4.6403,-3.2562, 0.8976,-0.1316, 0.3022,-0.8801, 2.6167,-2.5744
-3.3791, 0.9160, 1.1257,-4.0964, 3.4001, 4.9260, 4.8861, 1.1882,-2.1564,-2.4151, 1.0879, 2.7205,-3.6436,-2.5633,-2.8825,-1.5748, 3.7147,-2.9767,-1.6396,-2.0146,-2.8725,-4.4095, 4.1857,-3.0471,-0.7322,-3.5257, 1.1475, 0.4776,-2.4414, 1.8138,-2.2149, 0.2801,-3.9970, 2.5461, 4.4261, 0.5102, 0.3458, 1.0591,-4.4846, 1.6370,-2.9268, 1.2443,-4.3669, 0.2786, 0.0112,-1.1579,-3.3278,-3.4058,-0.4320,-0.3698
-2.7394,-1.3286, 1.0295,-0.3152,-0.3083, 2.9914,-3.1075, 2.2855,-2.2422,-2.1004,-1.7611,-4.2456,-3.4903, 3.7809, 3.7338, 4.4321,-2.4468,-2.3385,-1.0597,-0.1978,-4.7592, 4.6799, 1.9645, 3.1402,-0.7894,-4.5957, 4.3338, 3.5122, 3.1560, 0.7757, 4.4412,-3.3958,-1.3856, 1.5004, 2.1110,-0.9449, 2.3397,-3.6763,-1.9406,-4.2775,-3.1028, 2.2934,-4.7555, 3.7191,-2.1880, 3.0617,-0.3291, 1.2348,-1.9221, 0.0549
 1.9718, 2.0768, 0.0622, 0.8309,-1.5707,-0.1217, 4.8726, 1.6189, 3.0958,-4.9094,-3.2164,-2.2683, 3.1285, 0.3846, 4.8482, 0.3724, 3.2277,-3.1099,-4.4927,-2.2259,-0.9220, 2.9638, 1.6881, 2.2251,-4.5802, 4.2582,-2.3146,-3.0001,-1.6336, 2.2917, 1.8263, 3.1906,-4.3371, 3.5050,-4.9973,-1.1426, 0.7491, 2.6703, 1.1499, 2.4042,-4.3634, 1.0855, 1.3774, 2.9291, 3.0751, 0.0053, 4.9658, 4.2325,-3.7685,-3.6136
 3.5697,-2.3273,-2.7154, 3.2933,-1.0612,-4.9948,-4.1276,-3.1429, 3.1578,-4.3463, 0.2589, 0.5102,-4.3543, 3.2979,-1.1696, 2.3346, 1.7044,-0.8279, 2.6127, 2.9785, 2.1170, 3.2172,-0.5421,-4.8805, 4.3406, 2.6148, 3.1664, 4.0164, 4.2475, 0.4610,-3.9059, 1.6205, 4.5014,-2.0182, 4.6397,-2.8584,-1.2437, 4.1688,-3.9923,-3.2362,-2.1351,-0.8270, 1.8485, 4.5373,-2.2100,-2.1185,-2.0184, 3.3174,-0.6960,-2.9099
 4.9571,-1.9055, 3.1919, 1.5590,-0.6697, 1.5470, 0.1687,-0.6261, 3.8717,-4.5806,-4.3002, 4.3276, 0.9079, 4.1214, 0.1313, 2.7130, 3.0182, 2.2060, 1.0799,-1.7993,-2.2184,-2.6637,-1.6077,-2.3391,-4.4416, 2.0596, 3.1348,-2.1093, 4.1009, 4.8169,-1.5524,-3.2633, 1.2723,-2.4531,-3.1860,-4.8859,-4.9398,-0.6638,-4.7901,-1.1521, 1.3316,-0.4012, 0.5607, 4.4933,-4.3282,-1.2125, 3.1689,-0.2907,-2.0505,-0.3454
 1.0981,-4.5255, 3.0820,-2.8979, 1.4649,-0.1226, 2.3143,-1.5603, 0.6043,-1.6330,-4.2236, 2.1331,-4.9654,-4.8329,-3.9583,-0.4870, 4.5040,-1.6502,-1.5130, 1.2698, 0.3434,-1.8030,-0.7351,-2.6611, 2.4087, 1.3944,-4.5902, 1.8789,-4.5332,-2.6953,-4.4060, 3.2710, 2.9573,-4.1865,-1.8627,-1.6867,-3.5676,-4.4866, 3.0274, 0.8201,-3.0412, 0.0932,-4.5047,-2.3180,-4.7073, 0.5371, 3.0650, 2.5900, 3.8073,-1.7124
 0.1981, 2.3613,-1.5089,-4.8649,-1.9904, 0.1771,-0.2100, 0.9413, 4.9807,-4.6799, 1.5450,-0.7091,-3.3893,-0.1932,-3.4542,-2.2436, 3.3291,-0.6797, 0.7618,-0.1024,-3.1050, 1.7663, 1.4405, 3.7179,-0.2028,-1.8379, 2.9071,-0.6895, 0.2319, 3.3509, 1.9772,-0.6750, 3.9595, 1.9099,-1.2955, 3.1059,-1.2516, 1.6826, 0.0960,-4.9169, 3.4128,-4.0258, 2.1407, 0.5672, 1.3666,-0.3410,-4.8919, 1.1038,-0.8731,-1.8755
-0.2235, 2.6972,-2.7526, 4.2172, 3.4559,-4.8392,-2.1888, 0.0252,-0.6958,-2.6692,-1.0810,-3.5972, 2.0472,-3.8018, 2.8347, 0.7061, 2.0350, 4.2023, 0.1421,-2.6333, 3.5530, 1.8815,-3.8774, 0.4224,-1.3235, 3.1451, 4.3725,-3.9261, 1.9575, 0.4592, 1.9504, 3.2295, 0.1582,-4.8943,-2.5223,-1.7363, 3.7842,-1.8978, 4.5051, 1.3643, 2.5559, 2.6145, 1.0875, 0.2347, 2.2633,-0.4412, 4.8628,-4.1688,-4.0819,-4.7650
 4.4400,-3.7844, 4.5275,-4.3658,-0.6735, 0.5987, 2.7862, 3.4496, 2.1990,-1.6040, 0.7722, 0.8342,-1.5380, 3.0896,-3.3011, 2.7860,-2.7193, 3.6560,-3.2972, 3.9089, 3.9529,-2.7475, 3.5665, 4.3597, 4.3252, 1.0555,-1.2986, 2.4214,-1.3955,-0.9579,-0.1870,-2.4331, 1.6223,-4.0158, 2.8350,-0.1274,-4.5791, 1.2208,-0.4083,-1.1611,-4.9774,-1.0997,-4.6907, 0.6873, 4.4662, 0.6745,-4.5548, 2.9227, 1.3956,-3.6470
 4.7018,-2.6927, 2.6033,-4.3551, 2.8392, 1.1785,-2.6605, 2.5675, 0.7062, 4.6979,-3.0179,-1.2982, 2.6006,-0.7356, 3.8708, 3.6230, 2.8680,-0.8585, 2.1831,-4.3057, 1.4983, 3.9711,-2.3990,-2.2404, 0.8876,-1.0932,-0.3107,-1.3061, 3.3245, 4.4128, 0.2237, 0.4933, 4.5712, 2.0988,-4.3345,-0.3439, 2.6890, 4.0809,-3.3649, 3.0470,-4.6085, 0.8899, 1.5096,-2.5699, 0.0535,-0.7806, 4.5858,-3.5780,-2.7031,-3.3354
-3.1841,-1.1993,-2.0403,-3.8022,-4.9598,-2.5916, 3.4556, 3.8569, 2.5562,-4.0814, 0.5107, 0.5398, 0.3246, 2.8775,-4.1471,-1.1710, 4.2383, 0.0966,-2.4299,-0.2214, 1.2526, 4.7500, 0.4636, 0.1482,-4.5938,-4.5495,-1.5442,-2.1091, 4.8221, 2.2728, 2.7818, 0.0692, 1.5760, 2.8498,-4.6053,-4.9027, 3.6146, 2.3084, 2.2056,-2.2063, 4.2522,-4.2022, 2.5251, 1.2720, 0.6693,-4.1191,-2.0635, 0.4398,-3.6390,-1.0928
 1.6676,-0.7419,-4.6357,-2.4849,-3.5188,-1.1765,-4.5264,-0.4518,-4.6604, 2.5941, 1.4263, 3.2071,-2.4339, 1.8859,-4.9119,-4.0145,-0.0019,-0.5258,-3.5997,-3.1368,-0.8802,-2.8298,-2.0492, 3.7658,-2.6271, 2.3355,-3.6714,-2.4913,-4.8956,-1.2046, 2.7584,-1.8821, 2.2257,-1.5983, 2.9744, 3.4068,-3.2196,-4.1853,-2.3168,-3.5533,-3.5631, 0.6843, 1.6480, 0.5456,-1.3922,-2.0741,-2.2946,-1.5473, 1.0266,-4.1666
-1.3379,-2.7015, 3.8203,-0.1314, 4.1775, 1.6907, 1.7554,-1.7552, 0.3622, 1.4342, 0.6588, 1.3255, 4.3043, 0.7016, 0.0439, 4.7701, 3.8769, 0.4100,-1.5165,-2.8156,-4.9081, 2.5994, 0.7878, 0.6348, 1.9993,-4.1200,-0.0456,-4.8621,-3.0181, 3.2807, 3.3591,-0.0666,-0.3299, 2.1854,-4.8634,-0.0748,-3.6011, 0.5194, 3.6155,-2.5129,-0.9677, 1.3842, 2.7916,-0.4881, 2.5738, 4.6675, 1.3490,-0.4091, 3.7709,-4.1861
 3.9218,-3.0747, 2.9585,-1.9849, 0.2752,-0.5525, 3.0969,-1.5891,-0.0375,-2.1854, 3.8629, 0.6349, 2.9454, 0.5066, 2.4226, 3.2667,-0.1035, 2.4512,-0.0982,-0.4061, 0.9560, 1.5482,-2.9120, 3.9767,-1.6196, 3.9381,-0.5636, 1.6118, 3.7438, 4.2975,-1.2980,-0.3197,-1.9614, 3.7021,-4.5486,-2.7248, 3.7521,-0.5579,-0.6565,-3.4722, 3.8367, 4.5557, 4.9094, 1.9824, 2.8313, 2.3396,-3.7387, 4.8283,-3.0848, 2.5050
 2.0609,-1.2180, 4.7752, 4.7063, 3.5016,-0.6728,-3.2523, 4.5179,-3.0027, 2.5242, 1.7555,-1.5717,-0.7164, 4.7151,-2.6172,-2.7789, 2.0735, 3.6775, 3.0315,-3.2711,-1.6778, 0.3343, 4.7999,-1.1340, 1.2275,-3.7327, 0.2254, 0.4227,-2.5230,-0.9655, 4.5997,-3.2091, 3.7580, 2.4774,-0.0816, 4.6929, 1.1122,-3.6832, 0.9153,-3.1436, 4.6778,-4.6118,-2.7605,-1.0659, 2.2188,-1.3942,-3.2067,-0.0477, 1.1937,-0.8958
-0.8637, 0.9640, 0.6756,-2.0551, 4.5681, 0.2791, 1.1523,-1.3507,-2.0195, 3.4618, 1.2442,-4.1497,-1.4747,-0.7790, 2.7786, 2.2865, 2.6278, 1.1014, 2.6870, 4.7027, 2.0793,-2.5351, 3.9600, 1.9027,-1.2546,-4.7409, 2.8395, 4.5938,-1.9970,-3.1600, 3.7161,-0.3751,-4.4839,-3.4618, 3.0511,-1.0874,-4.0055,-1.2265,-3.0223,-4.1742, 4.9124, 3.8296,-4.4204,-0.6169,-0.2496, 2.3329, 3.8443,-1.2673, 0.2641, 1.9628
-0.0487,-2.0161,-2.6596,-4.1825, 1.5343,-0.0431,-0.1276,-2.1002,-4.4040,-2.7824, 1.7676, 3.8996, 2.6435, 1.5666,-4.4484, 1.8486,-0.9625, 0.7721, 4.5334,-1.7750,-0.7297,-4.2188, 1.3252, 3.9352,-3.1225,-1.4343, 1.2137,-0.3680, 2.3345, 1.8914,-3.1642, 2.5818, 4.9122,-3.0904, 1.4751, 2.2081,-0.5301, 2.2462, 1.4475, 3.3355,-1.7261,-4.3670, 0.2755, 2.7235, 1.2541, 3.7259,-4.4164,-4.6130, 3.9255, 1.8773
-0.0191, 3.5656, 3.8658,-4.4691,-0.4855, 4.1840, 1.3178,-3.3414,-1.4576,-2.6421, 4.4485,-3.7924,-1.0368, 0.1904,-1.0536,-3.7672,-1.0234, 4.2254,-0.4415, 3.1636, 4.0357,-0.8696,-4.3189, 1.7080,-3.0955, 1.2438, 2.6768,-2.7227, 1.1102, 4.4662,-2.2331,-0.5991, 0.7068,-0.6828,-0.1047,-3.9737,-4.7973,-4.5370, 3.6428,-3.6863,-1.8441,-3.4964, 1.7634,-4.5860, 4.1119, 4.9341,-4.7014, 0.3390, 3.8017, 3.2368
-2.6561,-4.8282, 1.8637,-2.1169,-1.5082, 2.4153,-3.2117,-3.9003,-2.4240,-4.0869, 0.0078,-1.7434,-2.5691, 1.6910,-0.6977,-3.3845, 1.1045, 3.8475,-0.7667, 3.7640,-1.4729, 2.4867,-3.9288, 0.2405, 2.8138,-1.0816,-1.7413, 0.6459,-4.1276, 3.4739,-4.4343, 3.9818, 1.5279,-3.8130, 1.4526, 1.1626, 1.7222,-0.5639,-1.1658,-0.1365,-4.0080, 4.3654,-2.8568, 1.6585,-4.1140,-4.3379, 2.7239,-0.7606,-4.5340, 2.4573
 3.9667,-0.7990, 3.3051,-2.0496,-0.5178,-4.0302,-3.2795,-0.6099, 4.6971,-0.1881, 2.3033, 3.3474,-0.2523,-4.0550, 0.9533, 3.6133, 2.0154, 4.3664, 4.5561, 4.6116,-1.7004,-1.6744,-3.6644,-4.5427,-4.1316,-4.4589, 4.1136,-1.4697, 2.9945, 0.6003, 3.8312,-2.4650, 1.7190,-4.5020, 1.7756, 0.8364, 3.2835,-2.4066, 2.9519,-2.7425,-3.7292,-3.6109, 4.0992,-1.5105, 1.4986, 2.8211, 1.8934, 1.0471, 2.5409, 1.7413
-3.4789,-0.5904,-1.6102, 2.8684,-0.0040,-4.0230,-4.1389, 0.9098, 2.7742,-0.8780, 0.8470,-3.4534, 3.4219, 3.4840,-4.1505, 2.6145,-2.6863,-0.8693, 0.9172,-4.0831, 4.8980,-0.7536, 0.7135, 3.7787,-2.3152,-4.6709, 3.6344,-4.6793,-3.4542, 3.6107,-1.9925, 3.1014,-1.9274, 2.9472, 0.7625, 0.1267, 2.9835,-3.9148,-0.8783, 4.7631,-4.2707, 0.2131,-3.1825,-2.7364,-4.9709,-4.5127, 1.6504,-0.9475, 0.2815,-3.9307
 2.6026,-2.9889,-0.5553, 0.5147,-1.7045, 0.1279, 4.6204,-3.7559,-3.1136, 1.3019,-3.4606,-0.8001,-2.0761, 1.9974, 0.4389,-4.3058, 1.8995,-2.6016,-0.4760, 3.3853,-1.1789, 0.9995,-3.7299,-2.0056, 0.9807,-0.9217, 0.1584, 4.1408, 1.8524, 3.9749,-0.0014, 4.5642, 0.1148,-2.0380,-3.0273,-0.9496,-0.4355,-0.2440,-3.2502,-3.1586, 2.3569,-0.5912,-2.6833, 0.2144,-2.6421,-2.3745, 2.0398,-2.3101, 4.9813, 1.6037
 3.8730, 3.5335, 0.7159, 4.3859, 2.9313,-1.3196,-1.3584,-3.5597, 1.8788, 2.0702,-3.5968, 4.4527, 3.9835,-2.7976, 4.7489, 3.8635,-3.2315, 4.5508, 3.1247,-0.3944,-4.7182, 4.1288, 0.7190, 1.4199,-2.2787, 0.7268, 0.0340,-1.6855,-1.5558,-2.1694, 1.5949,-3.8033,-3.8187,-3.2802, 3.9395, 0.2811, 1.4212, 0.4319,-0.1682, 4.9030,-4.2988, 3.0622,-4.6938, 2.2106, 4.9393, 0.3262,-4.9730, 0.6282,-4.0112,-3.8506
 3.1421,-2.8501,-1.1538, 4.9266, 2.1196, 0.2149,-1.0654,-0.4633,-4.7540, 3.7578, 3.0594, 3.3128,-1.5025, 3.4020,-2.9025, 0.5169,-3.4607, 2.7863,-4.4139,-3.3132, 1.8811,-2.8762,-0.5606,-1.6104,-2.7003,-2.4328, 0.9734,-0.3970, 3.7151, 0.2140,-0.3604, 3.1109, 2.9322, 0.3367,-2.4000, 3.8348,-1.6792, 4.0798,-0.8626,-1.4945, 3.6544,-2.3875,-4.9456,-3.7489,-4.2673, 1.4803, 3.3438, 1.6827, 2.2415,-2.6074
 0.8651,-3.6108,-4.0840,-3.6042,-4.9085, 0.2981,-2.9771, 3.1433,-1.2142, 0.6319,-0.9286,-1.5943,-4.9291,-4.2400,-4.2361,-1.0513, 1.4841, 0.9239,-0.9996, 3.6601,-1.5587, 0.1066, 1.9825, 4.1849,-3.4284,-2.4269,-2.5916, 0.2169, 3.1533, 3.8856, 1.4544,-3.4933, 2.3094,-2.4063, 3.2400,-3.7372,-2.2915,-0.1530,-2.8601, 2.3084, 2.4509,-3.8220,-4.4185,-2.2242, 2.4589,-2.4191,-1.7053, 1.4616,-0.2551,-2.3494
-4.1473,-4.5329,-0.5470, 3.2601, 3.9590,-2.2295,-2.2494, 2.8257,-4.0343,-2.6776, 1.5802, 2.4014,-2.3037, 2.8266, 2.8207, 4.0978, 1.8066,-1.2397,-2.8215,-1.1913, 1.1440, 0.2905,-4.1835, 0.7582,-4.3819, 0.0518,-1.5251,-2.1849,-1.3537, 2.0858,-2.6703,-4.5756, 4.7487,-1.7048, 2.1595,-0.7345,-1.3272, 1.3271,-2.4025, 4.9375,-2.2864,-1.3515, 4.3775, 3.1841, 4.1730, 1.1215,-1.4202,-4.6478,-1.8280, 2.8389
 2.8444, 0.5794, 0.8794, 3.2590, 1.6405, 4.9907,-3.8197, 1.3235,-2.4345,-4.1932, 4.9583,-1.1395, 0.5791, 1.8742,-2.3387, 3.3209,-1.3535,-1.8452,-1.8603,-0.3893,-1.2996,-0.3005,-2.1871, 4.8242, 3.0256,-2.2117, 3.9036, 4.6592, 4.4997, 1.3039,-4.3129, 2.1487, 2.5019,-3.6495, 3.1434, 3.7303, 0.3758, 0.7413, 4.0583, 3.8136, 3.4886, 3.5885, 1.1388,-3.6630,-0.2075,-2.7488,-0.8921, 2.5127,-3.1527,-4.5429
