 3.4299, 2.8917,-1.8802, 1.7630,-2.9149, 2.6642, 2.0771, 2.0092,-0.5359, 1.7023,-2.8248, 1.0772,-1.4000, 3.2722, 0.2077, 2.2229, 4.0720,-4.6652,-4.9879, 4.8503,-3.4377,-2.0778,-4.0444,-2.4000, 3.9587, 4.1076,-0.0063,-1.5489, 1.8657, 4.0784,-4.5907,-1.4169,-0.6793,-1.3950,-2.8548,-1.1690, 4.4275, 4.7258, 4.3195, 4.4940,-1.5775, 1.9627, 1.8527,-4.7344, 3.8385, 1.1204, 0.5471,-3.3335, 3.0165,-0.2619,-4.1291, 0.4305, 1.5449, 2.3726,-2.9804, 1.3032,-0.5890, 4.8466, 2.9994, 2.5254
-0.4887, 3.5152,-1.0054,-0.9870, 1.1368, 0.2350, 3.1801,-0.1678, 1.5919,-4.8706, 1.1899,-2.6023, 4.8928, 1.3655, 0.3471,-3.2840, 0.3171,-3.0437,-3.7846, 0.2675, 2.2875,-4.2042, 2.9632, 0.4877,-4.8088, 0.8778, 4.1070, 3.2648,-0.2322,-3.7302, 2.0244,-3.7360, 3.2846, 0.4635,-1.4256, 0.8660, 2.3001,-3.3849,-0.0072, 4.1859,-0.0463, 3.5050,-1.0618, 0.5695,-1.5470, 3.8638,-4.0345,-4.6731, 2.6073,-2.5020, 3.2199, 1.5750, 0.4769, 0.6413,-2.4633,-2.3033,-2.5364,-2.0784,-0.5592, 4.3729
 4.4231,-4.9098,-1.2548, 3.9072, 0.6845,-0.9535,-1.6578,-2.7016, 0.5122, 0.9302,-2.7592, 3.4159,-2.7974, 2.8421, 4.3585, 2.8723,-4.3300, 1.0285, 0.1086, 0.4243,-4.1612,-4.5760, 1.3491,-2.8671, 0.5100, 0.4950, 3.3792, 2.4312,-2.1175, 4.2461,-0.8106, 0.6354,-1.1514,-1.8852,-2.3076, 0.4437,-3.3793, 1.0702, 0.4735, 0.0220,-0.8006,-3.3032, 2.6945, 4.5228, 3.7786, 1.3679, 3.0835,-3.4596,-1.6393, 3.5597, 1.0796, 0.8440,-1.2606, 1.2086, 0.6104, 2.1254,-4.2431,-1.2292,-3.7552,-2.4293
 2.3049, 4.2404,-1.0547, 0.8516,-3.1274,-3.0236, 1.9423,-4.4200,-4.9951,-0.8029,-3.4941,-0.5650, 0.7217, 1.9655,-3.9088, 0.4549,-1.9287, 1.6023, 4.0294, 2.1527,-3.6780,-0.0116, 4.1611,-4.5918,-2.7656,-1.1338,-0.7912, 2.0209, 1.9430,-0.6400, 0.6023, 3.9001, 2.0128, 0.1043, 0.5745, 3.2756, 1.6513,-3.2678, 3.3452, 0.6559, 0.1843,-2.1610, 0.6852, 1.7813,-0.1653, 1.0798,-0.5182, 0.8832,-0.7001, 0.2515, 0.4043, 2.1170, 1.9620,-4.7715,-2.2316,-3.3154, 3.6042, 0.0311,-3.1092, 0.2154
-1.0422,-3.7754,-1.7975,-4.4654,-1.9226, 4.9951,-1.9112,-2.5832, 4.5553, 4.9822, 1.8492, 4.2881, 4.0867, 1.9752,-3.5621, 0.4979,-1.9141, 3.0365,-1.3358,-1.5093, 2.1746, 2.6722,-0.7643, 2.1716, 2.4299,-3.6557, 3.8684,-3.9811,-2.1079, 2.8249,-2.6030,-0.9561, 4.2263,-1.7881,-1.6878, 0.0583, 1.5753,-4.2349,-2.6032,-0.9102,-2.9028, 2.0913, 2.9678,-2.3882, 1.8558,-2.7870, 3.5970, 4.4793,-3.3679, 4.8247, 1.4369, 0.0443, 2.6116,-1.3418, 1.5858,-2.4224, 0.8232,-1.6567,-3.3186,-4.1313
 3.1869,-4.8766, 2.5976, 2.0188, 0.2973, 4.6962, 0.3554,-4.9840,-2.4724, 1.4917, 3.6501,-0.3689, 4.1976,-1.0775, 0.1807, 0.6256,-2.1800,-3.3941,-0.7708,-1.8829,-2.5631, 0.1359,-4.8752,-4.8828, 3.7511,-4.5198, 3.7330,-3.0493, 3.0015,-4.6381, 3.3049, 3.2376,-4.4557,-0.6816, 1.0106, 3.8543,-0.1828,-0.5010,-3.2817, 1.4855,-2.2012,-0.8494, 0.4792, 4.1628,-4.8314, 1.3738, 0.1835,-3.5266, 3.2968,-1.8086,-1.9646, 1.6882, 0.8717,-1.4231, 4.2740,-2.6439, 0.3066,-4.3477, 4.9199, 1.8398
 2.4328, 3.9950, 4.6459, 3.0775, 0.8471,-2.7425,-3.5404, 0.7573,-4.8245, 2.4000,-1.8088,-4.8888, 0.0079,-4.0685, 1.9457,-0.6748, 1.3842,-1.4950,-2.1032,-4.6879,-1.4107,-0.1657,-4.6023, 2.4905,-2.8620, 2.6317, 1.6107, 0.1769, 0.2793, 1.0889, 0.7527, 4.0260, 3.6962, 4.1435,-2.1801,-0.6463,-2.9863, 0.0311, 4.1988,-3.0165,-1.2869,-4.0164, 3.2202,-1.3445, 4.7735,-4.6780, 1.3497, 3.5994,-1.0920, 0.9848,-0.5322,-4.3527, 3.8833,-0.1847, 4.4623,-1.1732,-3.0021, 1.8495, 4.0305, 0.1237
-0.6864,-2.9784,-4.3725,-1.5371,-1.2462,-2.9222, 0.7935, 0.9985, 2.3696, 3.7727, 2.0105,-2.2249,-2.9611, 3.0831,-3.5607, 2.3590, 0.3014, 2.2252, 2.3484,-1.9333, 4.4676,-0.8346,-1.7194, 1.9148, 0.1749,-0.4448, 1.7491,-4.2886,-1.7455,-0.4738,-3.5399, 2.1689,-1.6813,-1.4652,-4.1579,-4.3813,-0.3950,-2.7827, 3.3519, 2.3319,-3.0445, 1.5499,-0.2627,-0.8504, 2.4211, 3.5440,-2.6028,-2.2222, 0.4801,-4.0800, 0.9233, 3.7575, 3.6471,-0.6656, 3.3631,-1.6153,-3.7009,-4.2382,-4.1777, 1.8498
-3.5445, 1.4104,-4.9546, 3.7496, 2.6749,-0.6463, 3.2556, 3.2556,-0.7646, 4.8100, 4.7767,-1.9064,-0.5014,-0.9852,-3.3813, 3.0539, 2.6345,-0.8148, 4.0227, 4.7829, 2.4427,-1.2645, 3.2808,-0.7295,-4.3551, 0.8843,-4.7570, 4.4411, 1.4827,-3.7743, 3.9330,-3.4243,-3.8907, 0.2863, 4.6141,-4.8120, 3.5361,-1.5838, 3.8565, 3.0762,-4.2257, 3.6251, 4.6327,-3.3362, 2.7589, 3.7651,-0.4207, 1.6879,-4.4365, 0.5123, 2.0454, 0.0627,-1.3634, 1.7907, 2.3444, 3.5509, 1.6011,-2.5641,-4.0538,-4.7798
-3.3565,-1.8514, 2.0871,-4.4693, 4.5800, 2.0238,-3.9895, 3.4391,-1.6477,-4.9120,-1.9447,-2.4300,-2.2731,-2.5735, 3.8005, 2.4215,-4.0846, 1.2088,-4.4889,-2.6550,-3.7580,-4.1470,-2.1832,-4.2888, 3.6358,-2.3561, 1.8017, 4.3761,-0.0141, 3.8325, 1.2410,-3.4567,-1.5686, 4.2144, 2.7389, 2.5606, 1.8482, 1.8745,-4.5188, 4.0382, 0.1086, 0.5870, 3.7127,-4.3456,-0.0388,-3.9789, 1.8154,-4.6057, 2.4432, 1.1721,-1.4279, 1.2885,-2.3980, 4.8516,-2.9223, 2.7185,-0.5603,-4.6175,-2.8571,-3.5701
 1.7660, 1.1032,-1.8967, 0.1279,-4.8244,-3.3990, 3.5287, 2.5115,-4.7590,-3.1445, 4.6884, 4.2430,-4.1824,-3.2809,-1.1362, 2.8255,-1.6011,-1.6995,-4.7325, 2.3992, 0.5811, 0.2746, 2.7407,-1.8901,-1.8636,-4.9058, 1.0356,-1.9785,-2.8873, 4.2875,-0.3230, 1.6182, 3.4922,-2.6881,-2.0093, 2.3715,-1.7952, 0.4677, 1.1412,-4.8313, 2.9932, 0.4703, 3.1004, 3.7793, 1.9142, 3.6033,-0.4674, 1.7213,-2.9361, 2.7691, 1.2933, 4.9693,-2.8750, 2.1086,-4.5459, 3.9266,-4.4805,-3.4497,-0.6636, 3.4509
 3.5963,-4.7886, 0.5104,-4.4368,-3.4963, 3.3528, 2.3682, 4.5801,-1.2323,-0.7985,-0.2440, 3.5471, 2.5738,-1.6166, 3.0727, 3.8792,-1.5808, 1.3654, 1.2673,-1.1306, 1.9907, 0.6758,-3.1845,-0.5100, 4.9764, 4.6726, 2.4775, 3.0561,-1.0155,-3.4873, 3.4167, 4.7579, 1.1807,-3.6358,-3.9405,-2.9042, 0.2387, 0.3493, 3.9277, 1.1610, 1.7744,-3.2763, 2.0470,-1.3405, 2.1251,-1.8488,-3.0614, 1.8060,-4.5585, 2.4478, 4.5961, 1.6352,-0.0487, 2.3968, 1.3108, 0.3177,-0.5672,-0.0824, 1.1220, 3.1835
 1.0700, 1.7983, 3.7566, 0.8022, 3.1925, 2.5698,-2.3674, 1.2968,-0.5941, 2.0689,-4.4840, 1.5531,-4.2895,-1.7796, 1.7282, 1.4333,-3.4430, 4.7443,-1.1890, 1.0099, 2.8484,-4.6251,-0.6001,-0.1036, 0.9172,-4.5793,-3.8274,-1.7453,-4.7834, 2.2868, 1.0597, 3.1951, 3.0407,-3.7236, 4.9357, 4.1158, 2.5298, 4.2322,-4.8009,-0.4340,-2.4202, 4.4071, 3.0682,-4.0344,-3.5390,-4.8004,-1.1433,-3.2681, 4.5399, 2.6336, 1.2278,-3.2412,-0.2915,-3.6094, 3.5359,-4.6450, 3.7299, 3.7944, 1.5811, 2.7783
 1.7861,-1.1746, 3.5829,-0.0366,-3.8893, 1.4314,-2.0217,-0.7080,-0.8855, 0.2600,-1.0577,-0.9806,-2.0900, 4.9788,-3.2093,-2.9947,-2.2230,-4.5052,-0.6126,-3.3685,-4.6501, 1.1788, 2.3952, 4.9771,-1.1193,-1.6416,-2.3779,-3.5960,-1.9740,-1.8100,-1.7310,-3.4775, 4.9931, 4.5341,-3.0048, 4.1994,-1.6352, 3.3710,-3.1865,-3.8037,-0.7936,-0.7242,-4.0596,-3.9979, 1.5385,-0.1190,-3.3525,-3.2607, 4.6775, 0.7226,-2.1619, 0.3366,-4.5976, 3.1992, 4.5051,-2.4815,-4.0174, 0.6978,-2.8090,-2.0875
 2.1156,-4.2071, 4.1144, 4.9752, 2.0191,-3.4258,-0.8596, 3.1854,-3.9955, 4.5591,-2.3286,-3.4680,-2.7752, 2.2901, 2.9360, 4.3601, 2.0973, 3.8660, 2.0922, 0.5672, 1.0565, 1.3335, 2.0276,-0.1053,-1.8261,-0.4926, 0.3566,-4.0380, 3.7496,-0.2932, 1.0056,-3.8716, 3.8467,-0.8870,-1.5630, 4.5132,-2.3645,-3.8687, 4.9979,-2.2685,-1.1645, 0.1657, 1.5656, 4.4359, 2.5994,-2.3713,-0.4166,-1.5137, 4.8113,-2.7031, 1.6170, 0.4593, 3.8703, 4.0253, 3.1478,-2.1343,-3.0487,-3.7226,-4.0611, 1.2211
-3.1159, 2.0757,-0.7115, 0.7549,-1.4557, 0.7221, 4.0431, 1.1406, 2.4288,-0.6598, 1.7909, 3.5328,-2.6190,-4.2086, 4.9547,-1.9013, 2.5140,-1.1370, 3.2257, 1.4173, 3.1649,-0.5081, 3.3988, 0.9731,-2.9079,-3.0603, 2.6596, 1.8572, 1.2800,-4.4434, 0.0237, 4.0670,-4.0872,-4.2903, 0.9735, 2.5795, 3.9911, 0.4780, 3.4853, 1.9216, 3.0567,-3.2905, 3.9982,-2.2354, 1.8930,-2.5455,-3.7358,-1.5253,-4.0981,-3.2046, 2.7621,-0.6872, 1.4171,-4.2364,-1.5887,-2.5836, 0.6178,-4.7263, 4.5157,-4.8072
 4.4343, 0.3192,-4.6651, 3.2154,-1.5072, 0.5663,-2.9308, 0.3128, 3.8602,-4.0197, 1.3798,-1.4975, 4.0472, 0.7422, 0.2933, 1.3299, 0.6429, 4.4208, 2.9011, 0.2208,-3.9174,-1.6624,-0.8476, 4.5588, 4.8752, 1.9825, 0.6400, 0.6601,-3.2471,-0.5807,-0.0260, 3.9818,-0.0783,-0.3483, 1.1124, 0.5821,-3.2144, 3.4418,-2.0236, 4.3354,-0.4640,-4.3369,-3.2530, 0.0691,-4.3382, 0.9606, 4.8860, 1.5645,-4.5953,-2.5142,-1.8994, 3.6285, 0.6268, 2.0333,-0.0428, 1.5192, 3.0292,-2.4928,-2.0942,-2.1757
 2.4796,-3.8169,-2.9295, 0.5967, 3.7824, 1.3560,-1.0308, 1.5516,-0.5030,-3.4961, 3.1773, 2.7505, 0.2815,-4.4852,-3.4157,-1.8655, 0.4059, 1.5622,-2.5985, 2.1895,-4.6496, 1.9838, 3.0523,-4.9582, 4.9370, 1.9524, 3.2316, 4.3435,-2.0885,-4.6010,-0.1539,-0.1025,-4.8803,-2.5397,-1.4583,-4.3752,-2.7146,-3.8110, 3.2069,-1.2919, 2.4273,-0.0299, 2.3633,-4.9929, 1.2810,-0.9895, 0.3851, 2.9637,-0.0237, 3.0570,-2.6426, 3.9595,-3.2286,-0.6376,-3.1276,-2.9869, 3.4439,-4.0496,-1.0453, 1.5459
-1.5454,-0.2717,-2.7772,-1.6845,-2.0821,-1.4542,-3.0447, 1.5101,-0.3260,-3.2988, 0.7255,-1.5353, 2.9923, 4.7964, 0.5506, 4.6957, 3.8550, 0.1814, 4.0319,-0.8166,-4.5883,-4.1816, 3.5666,-3.1755, 4.6563,-0.5888,-1.3982,-3.2448, 4.1975, 3.8106, 2.0557,-2.1425,-4.8886, 0.2349,-2.6884, 1.6787, 4.2524,-3.3517, 1.2018, 3.9287,-4.9924,-1.0773,-0.4853, 3.5347, 3.4815, 0.9115, 4.4058,-4.3660,-1.1906,-0.8780, 0.1088, 0.1296,-2.3548, 3.3962, 3.4983, 0.6581,-4.7401, 0.3728,-3.0201, 3.9560
-3.8397,-3.8463,-1.2745, 2.5732,-2.5015, 1.1609, 1.0568,-1.2010, 1.1947, 4.2063,-4.1305, 4.9656,-0.9613,-1.9836,-3.3098, 0.7819, 3.7732,-2.7598, 1.6537, 2.8749,-0.1548,-1.6120, 1.0188,-1.4633,-3.2826,-0.5688, 2.1022, 3.0013, 0.6357,-0.4612,-1.0199, 0.3119,-2.1903,-1.1487, 0.9149, 4.5553, 0.6876, 0.9191, 4.8806,-2.4153,-2.3231,-1.2368, 4.0024,-1.8397,-3.2434, 3.0923, 1.4616, 1.1959,-4.4326,-4.9618, 4.1449, 0.3028, 0.1300,-0.6119, 0.9617,-0.8572,-1.9858,-1.5075, 3.5997, 2.6906
 3.0591,-2.4994, 2.0888, 0.0968, 3.1406, 1.3068,-4.5176, 1.0404,-0.6208,-3.0216, 0.8979, 3.0359, 2.4550, 0.1141, 3.8462, 3.6161, 2.6745,-3.1112, 0.3094,-2.6355,-0.5876,-2.3158,-3.8937, 0.1149, 0.2220, 4.8824,-0.8902,-0.8005, 0.0016, 2.5561, 0.3803,-0.6869, 3.0094,-2.6939, 1.5356, 2.6096,-1.0779, 1.0480, 1.0503, 2.8043, 2.0374, 1.9659,-1.4771, 1.0949, 4.6442,-2.5435, 0.0138, 2.2304, 3.3624, 3.4564,-3.2264,-2.6923, 0.8552,-2.4801, 1.6936,-2.5128, 0.7641,-4.4480,-4.9231,-0.6738
-4.5346, 1.8985,-0.6682, 2.5674, 4.9130,-1.5041,-1.0928, 0.2925, 3.7385,-0.1043,-2.6821, 3.4420,-2.5953, 2.5638,-3.5214,-3.1045,-4.8403, 1.6520,-1.1277, 3.6051,-4.5209,-3.0219, 1.9778,-0.4707, 1.8800,-2.9990,-2.6198, 2.1545,-1.2648, 3.8527,-3.4590,-2.4032,-0.4947,-3.5799,-4.3209, 3.7326,-1.0227,-4.7006,-2.9329,-3.7233,-3.0157, 1.0049, 1.8173,-1.9115, 1.4914,-2.1486,-3.9232, 0.9065, 1.0962, 1.4651,-2.1922,-2.4623,-2.0525,-2.9079,-2.9796,-2.8900, 1.1988, 0.1412,-2.1032, 2.4886
 1.5977,-0.1785, 3.3366,-4.0659,-0.4203, 1.0433,-4.5574,-1.8768,-3.8018,-0.7638,-0.4938, 3.7877, 3.6247, 4.1263, 1.9733, 3.0100,-4.0878,-2.2708,-3.9045, 3.5927,-3.0675, 4.1476,-2.0624,-3.9406,-3.2224, 1.5047, 1.3952,-0.3727,-4.6449,-4.5836, 3.6248,-0.9146,-1.3499, 3.4648,-2.2646, 3.3409, 4.7519, 2.7677,-4.0401, 2.6091,-2.0176, 3.7619, 0.4357, 3.8971,-3.7074,-1.9674,-1.1882, 3.6807,-0.7842,-4.3342, 3.9789,-2.4109, 4.7777,-2.0827, 2.1603, 1.5251, 1.5963,-4.0968, 4.0930,-2.3272
 2.6452, 1.1381, 1.7840,-4.6268, 1.4539,-0.3607, 3.0897, 3.3709, 2.9121,-4.7125, 4.2851, 0.8348,-2.4080,-2.1663,-3.6007, 1.4396, 1.4900,-1.6678, 3.8810,-0.0556, 4.4546,-2.9109, 0.8540, 1.9837,-2.5142,-2.9920, 4.8880,-2.4440, 4.1004,-0.7894,-4.0979, 0.1843,-0.6120, 1.4303, 2.0485,-0.7360, 4.9491, 4.9619, 1.7094, 2.1862, 3.5666, 3.2987,-4.3012, 3.7125, 4.4853, 2.9969,-4.5788,-0.3672, 4.7243,-4.5747, 2.7741, 4.0093, 3.3228, 1.6844,-0.8756, 1.7066, 1.7298, 0.1773,-1.1986,-2.7218
 0.4867,-2.3525, 3.7705, 0.3990,-4.9889, 4.2656,-4.5060,-4.2138,-2.8094,-2.7173, 4.4115, 0.3574, 2.8594, 4.1242,-3.7828, 3.8922,-1.4556,-0.8444, 2.7530, 0.0624, 3.6919,-1.0275,-0.7426,-2.3302,-4.8722,-0.5361, 1.2678, 1.9089,-4.6312, 3.9228, 2.9562, 2.3275, 0.6755, 4.3575, 1.1870, 1.7274,-3.2074,-0.9311, 4.6867,-0.7750,-1.4347,-4.8244,-3.3202,-4.5912,-1.7849, 4.3810,-4.6632,-4.0567,-2.9588, 0.8430,-2.0164, 4.8208, 1.9528, 1.2488, 1.9124, 3.7826, 1.3319, 1.8351,-0.7060, 2.0535
 2.4508,-0.2608,-1.8913, 3.6025, 2.4222, 2.5571,-1.4072, 0.6765, 0.9561, 3.8079,-2.1367, 4.0472,-2.3676,-3.9761, 3.3747, 4.6769, 0.0237, 1.0910, 3.3396, 3.7959, 0.7242,-2.3853, 2.5415,-4.9885,-4.7331, 4.8050, 2.0662,-0.5648,-0.7875,-2.0140, 2.9734,-0.8426, 3.3381,-3.6045, 2.9494,-0.6774,-0.9951, 4.5242,-2.8129, 4.9152, 3.2503,-0.3780, 2.7283,-4.4012,-4.7550, 0.8192,-2.2049, 4.2066, 2.7932, 2.6425, 3.4576,-2.6537, 1.7854, 1.8240,-2.6542, 1.7693,-4.6159,-4.5106,-3.1730, 2.6625
-1.6513,-1.0238, 0.3842,-0.7788,-1.3726, 4.3545, 1.6047,-4.1300,-3.7147,-3.9930,-1.3978, 4.5835,-2.4421, 0.6432, 4.1647,-0.2671, 3.8410, 0.9828,-2.9501,-1.2649, 4.5282,-4.3171,-0.2646,-3.3414, 4.5875,-0.9196,-4.5905, 3.5433,-4.7681, 4.0108,-4.8192,-3.6846, 0.1458, 4.5317, 4.0755,-0.0994,-1.5486,-2.7929,-4.0607, 2.4518,-3.5391,-1.5501,-4.6845, 4.4649,-4.3980, 4.3865, 0.6878,-3.6402, 2.9573,-3.3442, 4.9728, 2.2633, 4.0130, 0.2099, 0.3370, 3.6607,-1.8547, 1.4563,-1.3118, 1.8681
-3.6590,-3.9933, 4.9048,-3.2007, 3.1256,-1.2713, 3.3694, 0.0902, 3.8316, 1.7278,-1.6506,-2.5821, 0.5421, 0.1069, 4.1098,-4.0249, 1.3631, 1.0934,-3.2298,-2.1618, 3.9101, 2.9893,-4.1513, 1.5476,-2.0690, 1.0821,-1.5162, 3.0842, 3.3275, 4.5897, 4.2822,-1.5951,-0.3769, 4.0415, 3.3437, 2.1338,-4.5505,-4.4223, 2.2985, 1.9120,-3.2956,-1.8172, 0.3053, 1.9615, 2.1946,-2.8227, 1.8403, 2.9558,-3.0234, 1.8307,-3.2843,-1.4167,-0.8807, 4.4066,-1.5698, 1.4425, 0.0702, 2.5249, 1.5634, 2.6848
 4.5521, 4.6470, 1.9252,-2.9059,-0.4732,-3.5529,-1.5611, 3.1740,-4.0717,-4.7311, 0.2034,-1.3757, 4.4161,-2.4885, 1.6731,-0.2866, 0.4700,-4.8620,-3.3620, 1.7802, 4.4765, 3.1499,-3.8524,-4.2726,-0.5592, 0.2638,-3.2996, 2.3556,-4.5702,-1.2718, 3.4581, 1.6331,-3.6694,-3.6221,-1.2987,-2.2686,-1.4715, 4.3609,-3.9458,-4.3437, 0.3785,-3.9328, 2.4683,-2.7626, 1.5598, 4.7760, 3.8298, 3.0728,-0.8873,-2.4599,-1.7351,-2.6567, 2.6616, 2.7778,-0.3126,-4.2126,-4.1950, 0.9846, 2.7544,-1.4011
-4.1607, 1.2501, 1.4115,-0.5917, 0.7770, 0.9854,-4.7259,-2.4885, 4.7798, 2.9142,-4.5177,-4.9701,-4.2184,-0.1905, 1.0918,-1.8149,-4.7993,-1.4372, 1.6117,-4.0984, 2.2725,-3.5970, 0.6366, 4.5724, 2.5576,-0.5681, 4.3005, 1.8204, 2.9858,-1.0912, 2.9807,-3.5187,-4.0529,-3.3127, 2.2026,-3.7828, 2.2789,-2.7954,-2.2066,-1.2740,-1.1101,-0.3212,-3.5705, 2.8958, 2.8668,-2.5131, 4.9588,-4.8915,-2.1382, 0.0377, 4.9474, 2.6329,-3.3787,-4.3368, 2.4411,-2.8206, 1.4705, 3.1098, 3.5719, 4.0983
-4.1360, 4.0731,-3.2460, 4.8831,-2.3773,-1.4815, 1.3093, 2.1288, 1.7648,-2.0247,-3.4810, 4.3775,-2.0129, 1.3257,-2.2591,-0.4079,-0.0275,-1.7467, 1.0993,-1.3556, 0.1319,-4.5971,-2.3427, 2.4355, 1.3222,-2.7651,-2.3397, 2.2650,-2.2566,-3.3271,-0.3207, 4.6914, 1.9823,-4.2247,-3.7429,-2.3794,-1.1731, 1.8451,-4.9312, 4.5532,-4.4604,-1.7944,-1.8936,-2.8328,-3.1855, 1.3115, 1.2811, 4.3216,-3.9165, 3.8848,-3.0204, 1.0047, 2.4557, 0.8360, 0.7763, 0.9303, 3.2075, 4.6829,-1.4106,-0.7241
-1.2454, 3.6074,-4.8726, 4.8309,-2.2232, 0.3214, 0.7177, 3.5832,-2.4637, 1.6182, 2.6193, 2.1775,-0.0205, 3.0987,-4.1570, 2.7598,-2.9364, 4.2354, 4.2536, 0.3188,-3.8908,-3.9794, 1.8777,-4.4067, 1.0250,-2.8425,-0.1700, 3.2690,-1.4777, 3.6990,-4.8704, 1.0211, 2.8209,-1.9612,-4.1946, 3.1250, 2.8744,-4.9658, 1.2075, 2.4890,-2.0539,-0.5169,-1.1744,-4.2120,-1.4342, 3.5593,-4.7655, 2.4088, 4.5607,-2.1184, 4.7205,-0.7247, 1.4591,-3.5677, 3.9954,-0.4850,-0.6730, 0.0220, 1.8170, 3.4679
 4.2769, 1.2821, 3.3064, 4.8873,-0.9248,-1.4667,-2.2848, 2.9482, 1.9394,-0.0082,-4.3619, 3.8987,-1.6226, 1.5837,-4.8353,-4.6722, 3.9545, 4.7166, 3.8442, 4.2210, 0.3466, 4.4620,-1.9725, 2.1077,-0.2060,-4.4109,-2.8297,-0.9067, 1.5236,-4.7681, 2.6490,-1.7312, 4.5728,-4.3075, 1.9784, 3.0477,-3.0344, 4.1983, 1.0629,-1.3185, 3.5223,-1.8798,-2.6188, 4.8380, 4.9339, 2.5541, 1.3519,-2.5692,-0.1596, 4.8265,-0.6655,-3.3691,-4.9596, 2.7465,-4.5454, 4.3103, 2.2095, 0.8519,-0.5028,-3.0387
-0.9404, 0.9849,-1.5767, 4.3907, 0.2777,-1.6664, 0.0844,-3.3504, 0.4668,-2.3346,-0.5203, 3.6567,-4.9033, 0.0189, 2.2946,-2.5946,-1.0069,-3.1403, 1.0606, 2.0198,-4.7401,-4.5720,-2.0149,-0.7671,-3.6999,-1.2819,-3.4731,-0.3990,-4.4334,-1.2123, 4.4673, 1.8331, 1.9620,-3.2890, 0.8999, 1.9803,-1.0893,-1.4422, 3.8951, 3.2051, 2.6792, 0.6534, 1.6916, 4.2296,-2.4824,-0.9418, 3.5527, 0.7230, 0.4673, 2.2492, 3.4379,-1.1838, 0.4561,-3.0615, 2.4666, 4.1301,-3.4405,-2.4135,-0.5596, 0.5092
 0.2250, 0.7019,-0.4465,-2.1191, 3.0366,-4.8016, 1.3511,-3.4073, 4.4153,-0.8402, 3.3581,-0.3357,-1.6401, 4.4361,-4.5052,-0.5177, 4.9025,-0.3066,-0.2139, 1.2712, 3.0875, 0.3284,-3.5826, 1.7582, 2.7312, 0.8581, 1.8517,-4.0587,-4.9750, 1.5471, 1.2968,-3.5157,-4.6301, 0.9639,-1.0863, 4.3197,-1.0442,-2.3477, 3.9040,-1.5386, 1.9459, 2.0942,-2.0104, 2.5717,-0.6868,-1.5449, 1.0936,-4.5290, 3.6143, 4.3788,-3.9670,-2.8580,-1.0847, 2.0017, 4.8248, 1.3938,-2.5017, 3.2923, 2.3037,-4.1380
-3.1280, 4.9019, 2.6362,-0.6487, 2.9853,-2.9687, 1.3463, 4.0128,-2.6859, 0.0036, 3.0101, 4.7712, 4.2602, 4.1610, 3.6970, 1.3495, 0.4529,-0.4719, 0.4828,-3.6284, 1.8995, 2.4216,-3.5946,-3.5961, 1.8319,-0.6637,-2.9090, 1.1696, 1.0393,-2.2733, 1.1266, 1.0660, 4.8248,-1.6481, 1.6481,-0.5357, 3.5169, 1.2200, 2.3407,-3.3642, 2.7785,-4.5561,-0.6237,-4.6574,-2.5528, 4.0612, 2.6161,-3.5686,-1.8738, 1.5735, 3.6445, 2.1509, 2.4978,-4.6111,-0.0274,-1.2451, 3.3168,-4.2437, 2.8674, 1.3156
 4.7101, 3.8494, 2.4543, 4.3937,-3.6817,-1.4460,-2.4340, 2.5104,-3.4353,-3.1731, 3.5400, 0.0057, 1.6549,-1.3393,-3.7893,-1.6520, 3.8991,-0.0996, 4.4025, 2.2113,-0.6439, 1.6325,-4.6992,-4.9870,-3.5841,-4.6048,-3.8476,-0.2049, 0.7341,-2.0214,-3.1900,-2.1263,-2.8301,-2.6406, 2.4760,-2.2524, 4.3578,-3.7324, 1.0568, 1.8426, 4.8659, 4.0531,-1.8354,-2.5378,-2.5113, 0.0035,-0.1078,-0.2272,-2.1481,-1.0236,-0.6462, 1.9419,-1.2448,-0.1975,-2.6504, 1.1508, 1.0202, 1.8412, 3.8504,-3.8120
-0.3639, 4.4142,-3.8650, 1.4034,-3.2875, 2.3983, 4.6362, 4.1678,-3.8312,-3.7130, 2.1863, 1.8652, 1.1175,-2.4494, 1.0711,-2.8544, 3.0920,-2.4819, 3.8229, 1.9130,-3.4188,-2.3287,-3.5380,-0.1666,-2.3135, 2.1850, 3.0590, 1.4437,-2.4731, 0.3663, 0.1269, 0.1374, 4.5943,-4.9841,-0.9156,-4.0809,-3.6260, 0.9547,-2.0457,-1.9838, 2.9290, 1.1765,-1.0449,-3.7314, 4.8442,-1.2108, 0.2786, 1.1172, 1.0951, 1.3325,-1.1887,-2.7463,-2.5639,-2.8307,-2.2969, 2.7135, 1.1885, 1.8372,-4.9775,-4.5859
-2.2237,-4.8090,-0.1709, 3.8240, 0.4512, 4.4376,-1.7249,-4.4064, 0.4141,-0.2571,-0.4460, 2.3990,-3.7239, 2.4803,-4.6155, 0.9489,-2.2754, 1.7891, 2.3485,-1.2761, 4.1078, 0.5262, 3.2586, 4.2398,-2.2286,-2.3282, 4.2541,-0.8797, 2.9242, 0.2683, 1.8027, 1.7736,-2.4550,-3.5979,-2.7538, 1.6727, 2.1615,-4.1415, 0.4967, 2.5530, 0.0709, 0.8713,-0.5518,-1.5505, 3.5733, 2.4505, 2.8196, 0.5693,-3.0262,-3.5185,-4.7845,-3.1672, 3.3460, 4.3885, 0.3752, 0.2616,-3.1235,-4.3423, 0.2857, 3.7877
-3.7621,-4.9437,-1.3623, 1.6047,-2.5393,-3.8507, 0.8614,-2.7373, 1.3308, 3.7008,-1.2832, 4.7009, 4.8751, 3.3705,-2.1940, 2.6568,-3.7350, 1.4207, 4.6320,-0.6493,-0.4865,-2.0717,-3.7246,-3.4326, 2.3640,-4.2185,-4.9947,-3.4890, 2.2730, 1.2332,-3.6059, 4.9349, 4.9145,-2.4288,-3.1139,-2.7412,-0.0156, 0.6027, 0.4359,-4.7987, 3.5637,-0.3313, 1.5150,-1.0412,-3.4562,-1.7584,-2.0008, 3.0123, 2.4193,-2.3886, 2.2506, 1.0030, 4.6132,-2.7048, 1.0505, 4.3983, 2.4401,-1.0709, 0.9666,-4.9235
 3.9543, 0.2752,-0.1904,-1.7708, 0.4351,-2.4937,-3.2773, 2.1023,-3.8087,-0.5262,-2.5908, 4.7577, 2.6485,-1.5894, 1.1349, 1.6417,-2.1665, 4.7872,-0.2580, 0.9688,-4.0118,-3.8561, 4.3596, 2.1385,-1.1323, 0.9051, 2.1017, 2.7950,-4.4934, 3.2556,-0.7771,-3.2498, 3.8896,-2.6107,-2.3415, 3.7316, 2.6658, 0.0937,-2.2682, 2.9060,-1.3300,-0.9491, 2.4884, 4.4983, 1.6602,-2.5133,-1.6057, 2.6791, 1.9079, 1.6514,-0.7011, 4.0244, 4.6109, 2.1462, 4.3329, 4.4491, 0.2961, 3.6454, 3.8284,-2.8231
 0.5426, 1.8426,-4.4914,-3.2665, 0.6682, 3.3584,-2.6564,-1.8928, 3.0519, 1.8628, 2.1072,-4.7851,-0.6334, 2.5852, 1.2782, 0.5855, 0.3116, 0.6868,-1.9047,-0.6967,-3.1220, 2.7383,-4.1819,-4.3464, 4.9931,-3.9139, 1.5473, 1.0390,-1.9582, 4.5753,-2.5283,-3.9825,-3.1533,-3.0494,-3.0338,-4.2125, 0.5671, 3.4817,-3.5916,-4.9469, 4.8246, 1.9052,-2.3839,-0.6058, 0.9493,-0.2708, 1.8549,-1.2875, 2.8784, 3.1336,-2.6664, 1.0307,-2.1319,-0.9389,-3.7550,-0.6935, 2.4422,-1.7694,-3.4916,-1.6294
 2.7653,-2.8857,-4.9146, 4.9169, 2.1900,-3.5502, 3.1089, 3.1733,-0.0542, 1.5849, 2.8546,-1.6637, 4.3310,-3.3463, 1.2782, 0.5078,-2.4646, 3.5584,-4.4986,-2.6165,-2.7951,-3.8055, 1.2518,-2.8940, 1.8103,-0.0786,-4.6644,-0.5322,-4.1063, 4.8789, 0.5829, 3.2215,-0.9072,-4.6183,-4.8405,-0.9554,-0.5829, 4.2616, 3.9404, 2.8375,-3.8528,-2.3553,-1.9114,-2.7993, 0.9097,-4.9610, 3.8626, 4.9176, 3.7539, 3.1587,-0.8334, 4.2930, 4.6320, 3.9713,-1.4934,-3.7952, 2.9434,-0.0157, 3.9459, 3.1992
 4.2161,-3.4075,-2.7216, 3.1504, 3.6441, 2.1292,-0.5908,-3.8063,-1.3399, 3.7645, 4.3750,-0.6798, 4.8357,-3.0085, 0.5134, 1.4811, 1.8193,-3.3181,-1.4541, 3.0461, 0.1206, 0.6524,-3.2027, 1.4873,-4.0219, 1.0131, 3.5995,-2.8264, 2.7216,-1.5857,-4.1142,-3.2434,-2.4479,-2.5450,-1.4899, 3.0225, 3.8947,-3.1882,-3.0363, 4.1493,-0.0343, 2.2966,-1.1656, 0.5451, 0.1101, 1.3791,-1.2524, 1.7281,-4.8281, 3.3789,-3.2608,-1.8120,-1.8120, 1.0180,-3.5439, 4.7810, 4.9425, 3.9587, 2.7264,-1.0462
-3.9261,-0.8568, 0.8623,-4.0214,-2.4857,-1.7964,-3.4558, 0.8428, 3.0008, 3.3265, 4.1798,-4.3105,-0.5919, 1.4362, 0.2864, 2.7055,-4.2820, 3.1327,-3.9560, 4.0483, 1.3668,-4.7221,-1.3166, 1.0522, 0.9192, 0.8340, 4.6277, 4.6686,-2.3608,-2.8149, 2.3545,-2.3776,-0.3221,-1.8601,-2.7206, 1.7489,-1.4945, 4.0016,-2.6011, 0.9478, 4.3004,-1.0006,-0.9774,-0.2235,-4.5229,-3.1169,-2.0903, 1.3023,-4.6930, 2.2249, 0.4658, 1.7011, 4.5715,-4.1856, 3.0316,-4.2292,-0.1025,-0.1669,-3.2369,-1.5433
-1.3448,-0.5304, 0.4971,-1.6297, 4.5769, 1.6503, 3.2597,-1.0243, 1.7889, 2.1709, 2.2875,-3.7249,-3.6571, 0.6108, 4.5846, 0.9020, 0.7127,-4.8044, 3.9849,-2.0365,-2.6627,-0.9144, 4.7502, 0.9514, 0.7478, 1.8398,-4.2915, 4.3670, 3.4025,-0.7825, 4.8665,-2.1067, 3.2669, 0.7338,-4.9539, 3.6793, 4.2810, 2.4216, 1.6291,-0.1902,-0.5171, 4.7150,-2.6949,-1.1712,-4.8728, 3.4712,-0.8377,-1.1244, 4.0414, 4.7519,-2.3182, 0.0509, 2.3633,-4.5810, 4.9773, 4.5105, 3.5589,-2.8531, 3.5848,-3.1756
-2.5219, 2.8605,-3.9944, 3.4863,-3.7385,-3.2074,-0.6216, 2.5280,-3.7362, 2.2929, 4.7074,-4.0900,-2.4287,-3.1462, 4.4627, 1.5133,-3.6395, 1.4847,-2.9673, 1.3749, 0.3581, 3.1582, 3.3920,-2.4361,-0.3720, 4.4108, 3.1362,-0.0292, 2.4088, 4.6357,-2.9139, 0.4696, 3.4518, 0.2990, 0.4788, 0.5416,-2.1822,-4.3219,-3.8378, 0.2994,-3.9007,-2.7932,-4.4801,-2.0458, 2.6750, 3.2284, 2.1847, 0.4038, 0.9530, 1.2439,-3.3241, 4.9185,-3.9898,-0.8006,-3.4165, 3.3185,-1.6436,-4.6126,-2.5102,-1.4860
 0.5700, 1.9174, 4.3619,-4.1614,-2.2005, 1.7891,-0.0523, 1.3284, 2.9739, 0.3448, 1.5752,-3.7181, 4.2856, 3.4332,-1.5869, 4.1672,-4.0411, 0.4507,-4.0814, 4.2161, 3.6347,-2.4523, 3.8510,-2.0727,-0.6795,-1.1213,-2.7433,-3.8622, 2.9869,-0.6069, 1.6263,-1.9913, 0.6815,-2.0247,-2.0993,-4.9106, 0.3941, 1.2539,-4.7404, 2.7908, 2.4320, 1.9228,-2.3236, 1.4607, 1.2358,-3.0128,-1.7619, 2.3427, 1.8775,-0.5330, 1.3042,-2.1318,-3.5916, 3.2228,-2.5828, 3.7787, 0.1670,-4.1924,-2.9909, 3.7234
-0.0939, 4.0131,-2.4500, 0.8650,-4.5738,-3.4309,-1.3569, 2.5790, 3.6318, 0.7713, 1.2119, 4.3579, 2.4302, 4.6112, 2.9107,-4.1108,-4.8573, 2.8809, 1.8821, 1.9975, 1.4250, 4.2669,-1.5177, 1.0828,-2.9151, 3.4986, 1.6633, 2.5989, 0.7992,-0.9029, 4.5849,-4.0040,-1.0883, 4.3507, 0.5105,-3.8877,-3.7833,-0.1593, 2.8112,-0.7488,-3.5735, 3.6621,-0.6343, 0.4970,-0.3255,-2.1330,-2.0975, 4.6059,-0.5450,-1.2076, 4.8155, 3.9748,-3.5832, 4.2572,-1.5028,-3.1677,-0.7348, 0.8215,-4.2045,-4.2688
-1.1295,-1.7142, 1.5309,-0.3972, 2.0188, 1.3516, 0.2743,-4.8610, 0.4690, 2.3174,-4.3637,-0.0131, 4.8891, 1.5186,-2.4843,-2.4860,-4.3662, 3.1129, 4.5120,-4.0318,-2.5946,-0.2590,-3.7540,-0.9694, 0.6131, 0.4627, 2.3961, 0.4365, 1.3929, 4.2985,-0.8496, 0.4307, 3.8045, 3.6045, 1.9680,-4.6007,-2.8877, 2.6075, 0.5263, 4.3995, 0.1502,-2.5594, 1.1324,-4.2683,-0.3776, 1.3253,-3.1285, 0.6763, 2.8050, 4.8529,-4.3382,-2.1425, 2.1334,-0.5302, 1.0048, 0.2198, 3.8055, 1.2137,-2.4717, 3.0221
 4.0656, 2.7918,-2.2919, 2.2919,-3.7028, 1.5773, 2.6813,-0.1386,-0.4112,-1.9136,-4.6961,-3.1494,-0.3400, 2.2953, 2.9270,-3.7760,-3.0833,-4.7649,-3.6169,-1.9222,-4.4803,-1.3371, 4.8512,-4.1987,-3.0764,-2.6632,-2.0970,-2.7290,-0.3301, 1.0154, 0.8063,-0.4599,-1.1817, 4.0028,-2.5970,-0.3015,-1.6831,-4.5996, 2.5687,-2.2736, 3.0846, 4.3699, 2.8972,-4.3652, 3.8128,-2.9694, 2.0538, 0.6070,-0.4648,-2.5694,-3.8018, 0.7047, 2.6161,-2.2307, 3.0636,-4.1537,-2.7877,-3.0948,-3.0434,-0.7882
 0.7633, 2.4192, 1.6721, 0.4077, 2.5364,-0.9173, 3.3796, 2.4798,-0.1285, 2.8432, 1.0443,-0.0528,-0.2964,-3.8281,-3.3897, 3.2851, 4.8043, 0.4962,-3.0559,-2.3650, 1.6909, 2.8262, 0.2778, 4.7167, 1.2148, 0.1820, 3.1950, 3.1813,-1.7581,-4.9903, 2.6917,-0.7989,-4.8807, 0.9628,-4.3300,-3.2148,-2.6409, 0.9440, 1.6514,-0.9706,-1.2613,-2.9366,-3.9164,-1.8267,-3.2734, 3.1564,-0.7538,-2.7437, 0.0133, 0.6158, 0.6133,-0.6285,-2.0916, 0.8938,-0.8470,-0.4155, 4.3160,-4.5966, 1.8821,-0.6306
 2.5654,-2.5293,-4.6299, 2.0109,-3.6309, 3.4241,-3.4686, 4.0222,-3.9732,-0.5749,-1.7847,-2.0262, 2.6381, 3.6252,-4.1485,-1.4638,-2.5886,-4.7175,-1.6231, 1.5469, 3.2465,-4.1071, 1.9496, 4.8991, 1.7901, 3.3869,-0.7695, 2.0250, 3.9518,-4.9036,-2.5414,-3.0928, 3.9414,-2.9402, 1.7510, 0.1800, 4.6904,-0.2510,-1.1522,-1.8913,-0.6152,-0.4103,-1.8594, 1.7238, 1.3544,-0.5837,-3.0014, 4.1484,-4.7116, 1.7451,-1.9927,-2.4439, 3.7909, 3.2189, 0.5268, 2.4405, 1.2663, 4.5363, 0.7138, 4.7352
-1.0033,-1.8327, 0.3664, 3.9692, 1.4755,-3.3665,-1.0591,-3.3061, 0.2345,-4.6066, 3.7272,-4.2052, 4.8193, 2.8520, 2.4253,-0.5186, 3.5339, 0.4905,-4.9671, 3.0161,-3.5527,-2.5722, 2.0222, 0.9455,-3.5800,-1.0947, 4.0151, 2.3208,-3.9930,-4.1131,-2.7632, 0.4020,-2.3981,-4.8143, 0.0605,-2.4953, 2.2428, 3.3981, 4.9899, 2.2749, 0.4399, 3.4415,-1.0972,-3.5096, 2.9425,-4.9650,-3.4372,-4.8425,-2.7585,-3.0823,-4.6149,-0.2032,-4.6327,-1.8919, 2.3982, 0.8815,-2.2454,-3.3557, 3.2585,-1.2112
 0.5160,-1.8799,-0.2678, 3.1804,-2.6201, 3.2109,-0.6718,-1.9870, 2.3867,-2.0281,-2.8321,-0.9821,-3.7297, 3.8209, 0.0240,-4.4391, 1.2244, 4.9482, 2.6669, 4.6440, 3.1507,-3.7730, 0.2737, 1.2713, 1.6699,-3.1102,-2.7944,-3.5773,-4.0861, 4.3904,-1.5004,-0.9962,-0.3119, 0.2755, 2.7478,-2.2936,-4.7375, 1.4137, 0.3558, 1.9318, 2.0573, 4.6088,-3.8227,-2.5024,-4.5077, 2.0017, 2.2053, 1.2520, 3.9922,-0.0539, 4.6347, 2.5890,-3.2285, 4.7234,-1.9289,-4.0887, 3.0142,-0.2579,-3.7555, 4.0323
 1.4593,-0.6638, 0.5431,-2.3311,-1.1044, 3.8806,-2.2605, 2.9162,-3.8995,-2.3460, 0.9629,-0.2648, 0.8832, 0.1468,-0.2270,-4.5819,-1.6179, 4.8317,-2.6850, 2.2283, 4.1253,-4.9194,-2.1265,-3.5753, 4.2946, 4.8997,-0.8560, 3.3629, 3.4748, 2.4447,-1.4476,-4.3874,-0.6738,-4.3481, 3.1190,-0.5840, 1.0060,-1.8792, 3.3824, 4.2334,-3.2717, 4.3894,-3.6089,-4.6862, 0.7025,-3.3098,-0.2366,-0.5310,-2.5586,-3.7002,-0.1027,-2.3519, 0.3473,-4.9391,-4.8312,-4.9514, 3.3064,-3.5294, 3.4324, 1.2576
-4.1589,-3.2759,-3.0514,-4.3514, 3.6662,-2.0659, 3.3417,-2.3797, 3.8799,-1.0801,-0.1965, 3.3733, 3.3696, 0.5084,-3.3475,-3.6098,-3.8996, 2.4854,-1.1077,-4.5873,-4.4827, 1.9052, 2.9978,-0.9786, 3.3316, 3.5007,-0.7049, 1.1739,-4.7247, 0.4219, 0.6482, 4.3039,-2.7227,-1.7846,-1.6336,-1.7036,-4.7833,-0.3138, 1.8131, 3.8226,-0.9390, 4.4921, 2.2812,-2.4995,-0.9337, 4.3488,-2.8798,-1.1998, 2.8607, 1.7158,-3.3960,-2.6562,-3.9061,-1.6127, 1.8148,-4.8626, 1.9978,-4.6717, 1.8564,-0.4875
-2.4663, 2.6814, 2.6836,-3.6076, 3.2346, 1.5883,-1.5818,-3.0794,-4.9659, 2.8227, 4.0089, 4.2485,-4.7625, 4.9612, 4.7159,-2.3346,-2.6474, 4.8730,-4.5591,-2.2374, 0.9001,-0.9668, 0.6390, 0.9113,-2.2607, 3.9103,-2.2118,-4.3665,-4.4507, 2.8187,-3.4967, 3.2690, 1.3831, 4.9245,-4.0974,-3.6356,-1.8575,-2.0906,-3.1005,-1.7354, 0.4195,-3.1628,-4.6690,-0.9281,-3.3651, 0.1648, 0.7465, 2.9263, 0.2320,-2.5699,-4.9745, 4.2200,-1.8339, 2.4555, 0.3429,-3.4937, 0.3220,-1.2373, 4.6671,-0.4387
-2.7644, 2.1660, 4.5285,-0.0385,-1.8060,-2.5541, 0.6766,-0.3043, 1.4228, 0.4533, 2.8323,-2.3057, 0.8886,-3.6385,-4.7837, 1.7348, 4.4643,-2.9104,-4.1741,-2.9449,-1.6435, 4.5809,-4.8531, 1.1501, 2.1909, 0.4536, 4.8058,-2.4356,-1.4469,-4.8689, 3.4095,-4.4535,-1.9119, 3.7207,-3.8178, 3.5962, 2.3742,-4.5181,-0.5935,-3.1315, 0.3621, 2.8908,-0.6649,-2.0566, 2.3225,-1.0835,-0.9721,-1.6011, 3.7260,-2.4949, 0.7744, 1.8671, 3.0904, 0.8286, 0.5440, 4.8725,-1.1663,-4.3515,-4.4301,-4.8548
-4.7519, 0.2457,-2.2971, 0.3662,-3.4608,-3.6307, 1.3371, 0.6385,-4.2259, 0.6251,-0.6448,-4.0775, 4.6695, 2.7575,-4.4879,-2.0982,-1.0020, 2.4200,-1.2199,-0.9702, 1.5068, 4.4835,-2.7599, 0.7033,-1.0997,-0.3697,-0.5868,-0.0436, 1.5957,-1.9125,-4.9045,-2.2862, 3.2727, 4.3689, 4.6662,-3.4664,-2.7084,-4.0951,-2.3036,-0.9918,-4.3293,-3.3032, 2.8918, 3.7875, 4.6470,-4.4085, 2.3629, 3.2931,-2.0634,-1.5219, 0.4361, 1.6315,-3.4208, 1.6414,-4.7483, 1.6937,-1.5519,-1.7975,-0.0674, 3.3378
-3.7112, 0.3143,-2.7353,-1.3554,-2.0705,-3.7556,-0.4329,-4.4669,-3.3971, 3.6742, 3.0482,-0.6503,-0.1397,-4.5085,-3.2888,-1.5317, 4.6685,-2.4952, 4.4482, 2.8262,-0.1952,-0.4180, 4.0895, 2.9855, 1.9415,-3.0922, 0.6899, 1.1276,-3.4894, 3.0193,-4.2591,-3.5947, 2.3278,-2.0327, 0.0583,-3.5019, 0.8749, 2.2785, 1.7048, 3.1711, 4.3788, 1.1136,-1.1209,-1.7018, 0.2872,-1.1359, 1.6094,-1.2704, 3.9187,-3.2165, 3.1212,-1.8608, 1.4501, 0.6459, 2.4918,-1.8307,-0.1318,-1.1244,-1.1416,-2.1330
 2.9055, 4.7545,-4.1508,-4.6596, 2.5878,-4.6225, 4.2097,-4.3925,-0.4000,-0.2853,-0.4210,-0.9396, 3.0223, 2.3675, 3.5514, 3.6009, 0.3476, 0.1696, 2.4248, 3.5504,-3.8314,-3.8055,-1.2579,-3.3770,-4.3041, 2.4811, 1.4934, 4.8280, 4.9100,-2.4649,-4.7657, 4.7189, 2.0209, 1.9556,-1.6640,-3.7487, 3.1957, 3.4317, 1.9085, 2.9452,-3.2230, 4.3043, 1.8001,-2.9319,-1.1638,-4.7534, 2.8130, 4.5281, 3.4772,-3.9460, 0.7113, 1.3203, 4.2230,-4.0027,-0.7643, 4.7343, 1.7958, 4.0989,-0.5054,-2.7594
 4.0275,-2.3449, 4.9752, 4.1482,-4.5224, 2.0026,-4.4075,-2.1805, 2.3025,-2.1825,-2.7430, 3.5398,-3.2393,-4.5989,-2.3262,-2.1058, 3.1728,-3.4586, 1.3604,-0.6999, 0.3603,-1.8858, 1.5216, 0.2768, 3.5365, 3.8380,-0.3868,-1.7528,-3.4786,-1.3419, 1.3718,-2.4886,-1.0907, 4.9522,-1.3489, 0.9072,-4.0551, 1.7290, 1.1049,-3.1445,-0.9124, 0.2222, 0.1789,-4.2897,-1.1386, 0.4070, 3.9414, 1.3928,-3.8342, 4.1001,-1.2257, 4.4608, 3.6657,-4.9309,-0.8029,-3.2048, 1.1102, 2.2515, 3.6936, 2.7584
 2.0802,-0.4305,-1.7397,-0.0448, 3.9925, 2.2437,-2.5336, 3.2777,-2.8426,-0.7121, 4.2600, 2.7368,-1.0353,-1.6863, 0.3963, 0.2811,-1.0571,-0.6976,-0.5905, 1.6702,-3.7414, 4.5737, 3.0229, 3.5145, 0.0797,-0.1430,-3.6597, 4.7367,-0.9869,-1.3108, 0.1856, 0.1883,-1.1973, 4.4881, 0.4881,-0.3793, 0.7715, 2.1116, 1.5012,-3.4683,-2.0339, 2.6015,-1.9053,-0.8754,-4.1532, 0.1386,-1.6117,-4.2172, 3.0501,-2.2576,-2.3768,-0.0999,-4.8901, 4.6662,-3.6382,-2.4952, 3.8758, 4.1366, 0.7669, 0.7775
-3.4941,-4.0816,-3.1323,-0.4825,-4.9614,-2.0124, 3.8812,-3.8225,-0.8318, 1.2533,-4.3938,-1.4713,-2.8846, 1.2085, 3.4580,-2.5162,-4.8790,-4.7260,-1.5936,-3.4284,-3.3397,-4.7529,-0.5253, 3.3460, 1.6194,-1.0962,-1.5104,-3.0747, 3.4009,-3.0324,-3.6947, 3.1264,-0.2493,-2.5421,-2.6749,-3.9415, 0.7913,-4.7138, 2.9803,-1.1443, 0.4661,-3.3202, 0.3679,-1.4324,-2.2366,-1.2394,-0.9754,-0.7190,-1.7776, 1.3495,-4.4818,-3.2518,-3.7385,-4.4920,-4.0204, 1.0116,-1.7660, 3.1861, 1.3767,-2.6813
-0.3393, 4.4971, 1.3158,-3.4613, 2.6341,-1.2145,-2.3273,-1.2325,-3.6626, 3.2816, 3.9809,-1.4555, 0.3808, 3.0945, 3.9073,-0.4892, 0.4738,-0.1152,-2.2134, 1.6173,-2.7735, 3.7620,-1.5873,-1.5833, 4.9560, 0.0044, 0.0575,-2.1711, 4.4273, 0.0249, 0.6678,-3.7121,-1.7205, 3.7181,-4.8896,-3.9496, 0.2313,-2.7787,-4.0535, 1.6254, 3.4700,-2.8739,-0.9643,-2.2619, 4.5831, 4.4647, 2.8223,-1.9701,-3.1228, 0.8876,-2.8656, 3.7849, 2.6248,-0.0522, 1.9316, 3.5506,-1.7158, 3.9541,-4.4722, 3.5086
-3.8957,-0.5633,-0.1459,-3.5330, 4.3148, 2.7247, 4.1846, 3.0009, 1.4740, 2.9518,-2.7015, 3.9209,-2.4823, 1.3626,-1.8390,-1.9218, 1.2779, 4.6607, 4.4776, 1.1051,-1.7820, 3.5344, 1.7810, 1.5004, 0.7623, 3.3553,-2.1806,-0.5333, 1.8219, 1.9032, 3.7051, 2.3573, 0.2805,-4.7436, 1.5808,-2.7602, 4.9947, 2.4440,-1.3574,-2.7509, 1.0126,-0.9262, 3.5530, 2.7372,-3.0937,-3.7873, 1.4476,-2.9237, 4.1281,-1.1503,-1.4367,-3.5074, 4.6794, 2.8667,-0.2090,-0.0733,-3.1007,-4.8497, 0.3578,-2.9651
 2.7448, 3.8779, 2.4446, 4.8715, 4.6796, 0.4738, 0.1101,-4.4261,-0.8613,-4.2994, 1.7014, 1.0924, 3.3885,-0.2865, 0.4734,-2.7330,-1.1179, 3.5750, 1.2973, 0.4726,-0.6708,-3.2366, 0.6172, 1.1234, 1.2441, 4.9548, 2.9198, 3.2859, 4.6502, 1.4698,-0.5426, 2.6721, 1.6627,-0.4284,-1.3760, 4.8169, 0.8449,-0.0808,-3.0449,-3.3785,-1.2149, 2.5473, 2.1884,-0.6013, 0.7390,-0.5069,-0.8808, 4.6164, 0.8912, 1.1021, 0.8257,-0.4456,-1.1748,-2.1060,-4.8348, 1.7058,-2.7596,-4.3510, 2.2678,-1.8352
 1.5596,-4.8385,-0.7836,-4.9630, 0.1247,-3.6937,-1.5277, 4.8039,-4.6519, 2.5201, 0.5408,-0.9798,-2.5333, 4.5371,-1.8524, 0.7693, 3.6518, 0.1635,-4.3846, 2.3875, 3.3159,-2.4305,-4.4464,-1.8990,-2.0661, 4.3728, 3.6999,-1.8465,-1.0431, 2.4143, 1.0120,-1.8951, 2.9720, 3.5328, 2.5100,-1.1930, 3.9886,-3.9158,-2.9273, 0.0730,-2.1686, 0.2117,-3.7522,-4.4693,-0.5458, 3.6253, 1.5399,-3.1035, 2.5924,-2.6263,-1.2289,-4.5226,-1.9692, 4.6054, 2.8382,-3.8697, 3.2716, 2.7302,-4.4935,-2.6118
-2.6761,-3.7182,-0.1576, 1.8070,-0.0366, 3.6262, 3.7740,-0.8151, 3.9643,-1.6151,-0.6283,-2.1215,-1.3120,-2.7186, 2.2733, 1.8558, 3.4288, 0.8638, 3.0417, 0.1129,-1.5368, 0.1699, 0.2679,-2.2633,-4.5232,-1.6244, 4.6922, 1.3272, 0.3977,-4.4146, 1.0263,-2.5282, 1.3741, 3.5929, 3.1892, 3.4478,-4.5891,-3.6116,-1.2250,-0.1178,-1.5911,-1.6111, 2.9666, 0.7774, 0.1622,-4.5217, 2.0323, 3.4791,-3.8208, 0.4429, 3.8036,-3.4826,-0.5263,-1.1117, 1.7024, 2.0778, 3.7974, 4.1818, 3.9638,-1.3773
 4.9801,-3.4035, 4.3538, 0.4315, 3.5834, 3.0649, 1.7526,-1.0999, 0.0452,-3.2846, 4.2716,-0.3087, 2.4510, 0.0856, 4.9201, 2.8784, 1.9059, 4.0095,-4.1813,-4.1835,-3.5709, 4.2293, 4.9197,-0.3131,-4.5719, 0.1268, 4.5861,-0.8293,-3.4866,-4.0124,-0.0183,-3.8945, 0.1116, 4.9067, 0.8385,-3.2969, 1.6390, 0.4834, 0.3630,-2.5723,-2.4336, 4.2897,-3.1947, 3.4453, 4.8427, 3.0173,-1.2131, 4.4235,-3.0423, 4.7982, 0.6983, 0.5034, 3.1214, 3.0832,-0.7713, 4.9623, 2.0670,-2.2525,-1.6368, 4.0421
 3.5489, 1.1689,-3.1930,-4.1031, 3.8030, 0.2402,-0.4626, 1.3150,-3.1845,-1.0054,-4.5897, 3.0633, 3.4445, 2.0677, 0.9921, 3.8033, 0.2954, 3.5969,-0.0560, 2.6491,-1.0795,-3.8342, 2.4346,-4.4406, 4.1735,-2.4694,-2.2221, 1.3094,-2.3312,-2.5407,-0.1159, 1.4257, 3.0815, 0.5527, 0.0389, 3.1439,-3.9636, 0.7683,-4.2100,-2.6083, 3.4601,-2.4994, 4.8357, 2.8900,-3.5123, 0.6069, 0.5866, 2.8743,-1.4834,-0.3616, 4.4157, 0.8957,-4.7609,-4.2009, 1.1196, 4.9257,-4.0311,-3.2626,-2.7535,-3.3374
-3.4336, 0.5074, 0.3436,-0.1803, 4.1124,-4.3112,-0.1847,-0.6632, 2.0461, 4.0166,-3.1645, 4.2576, 2.0566,-1.3773, 4.7059, 3.7645,-1.2970,-3.7337, 0.3683,-1.1009, 4.5895,-0.6381, 0.8841,-4.2216, 4.0406, 2.3689,-2.3268, 0.3742,-2.6297,-4.1443, 1.9394,-3.6133, 2.7629,-3.2517,-3.4514, 1.9007, 1.9618,-2.4102,-4.3752, 4.2018,-0.5826,-3.0558, 4.9990, 3.8097,-0.8810, 2.5724,-1.0226,-1.6583, 2.9825,-0.4509, 0.2911, 2.9721, 2.7450,-3.7254, 0.8229,-1.3629, 2.0143,-0.1496, 0.3352, 4.3457
 1.4029, 0.5651, 0.2110,-0.5037, 3.0198,-1.7663,-3.9015, 2.6957, 1.7829, 0.9904,-0.9725,-3.0461, 0.6965,-2.0936, 1.3255,-4.6091, 0.9763,-4.2816,-2.2410, 4.8670,-3.5413, 1.7918, 2.2337, 4.6799, 4.1963,-1.5140, 2.1236,-3.4965, 4.0607,-1.4792, 0.9646, 4.4324,-1.6456,-0.5392, 0.6178, 0.3528,-1.5483, 3.0129,-2.6362,-2.4074,-0.4838, 1.7827,-0.9898,-2.6439,-4.4740, 1.6187,-1.3201,-2.0314, 1.5478,-2.3933, 0.1815, 4.5695,-3.1052,-1.1411, 0.8431, 1.0999,-0.9990, 3.8243, 3.3578, 2.5555
 4.7648,-2.7387,-3.1768, 4.1846,-4.2961,-2.8105, 0.4057, 1.8509,-3.8912, 0.0556,-2.4672,-1.6926, 2.1041, 0.7689,-3.6952, 3.0478, 4.9102,-1.6589, 1.3622,-1.7468,-2.2856, 1.1545,-0.4614,-4.9565,-0.8918, 0.9854,-2.0998, 3.0733,-1.1505,-1.4296, 4.4682, 1.0159,-1.9953,-0.7207,-2.8621, 2.4637, 1.0729,-0.0596,-2.5899, 0.5680,-0.7561,-2.4659, 3.4151, 4.7915,-1.1378, 1.4796, 4.5749, 4.3565, 3.0015,-4.9232,-1.7369,-1.6525,-4.9919,-1.6750,-2.9193,-3.5268, 0.0571,-0.5166,-0.4954,-2.8011
 1.4317,-3.8466, 1.3241, 0.1479,-4.4331, 0.2459,-0.9929, 2.9255,-0.6070, 3.8378, 2.6945,-0.5852,-0.0097, 4.4768,-4.9954,-2.2539,-2.6777, 0.7941, 2.3652,-3.8603, 4.3425, 2.0336,-0.7933,-3.6753, 0.7555,-0.2545,-1.9264,-2.9188,-3.6204, 2.3699,-2.6297, 1.1743,-0.0191,-3.8635,-4.5809,-4.4270,-2.0987,-4.0972, 3.3925,-0.8539, 3.6608,-0.2811,-2.0207, 0.5857, 2.8230, 3.3668,-4.8693, 0.7305, 2.2156,-1.5885, 0.3535, 4.3387,-3.4000, 1.1400, 4.7882, 4.1487, 4.0837, 3.8045, 3.9459, 1.4514
 0.2667, 3.0008,-4.1000, 3.0529,-4.4860, 1.2552, 3.0909, 3.7858, 0.4485,-1.0592,-0.1044, 4.2036,-4.9610,-2.8193, 2.6025,-3.4983, 1.3901, 0.7449, 2.9370,-2.2761, 0.1566, 0.4435, 3.5434, 3.0532, 4.5153, 1.0843, 3.2839, 3.4893, 0.3512, 1.6276,-4.5478, 3.8765, 1.0364, 1.4860,-2.2778,-1.8690,-4.0253,-2.0360, 0.0755,-4.0018, 2.3315,-4.5031,-2.2879,-4.6284,-0.0486,-2.5533, 3.7138,-1.6099, 4.1687,-3.1447, 0.5707, 1.5665,-0.0077, 0.5056, 3.1523,-3.8135,-2.6000,-4.9691, 2.0729, 3.8403
-0.4049, 0.8664,-3.3468, 3.0417, 4.7127,-3.0566,-1.5097,-2.7262, 1.1558, 1.1083,-0.4055,-4.0061, 1.4729,-2.2965,-1.2912, 0.4428, 0.2925,-3.1062, 4.0579,-3.4809, 1.8038, 1.3334, 4.8771,-1.5599, 4.7879,-3.4752, 0.1717, 0.8318,-3.4069,-4.2817,-3.2082,-3.1523,-4.3415, 3.4483,-0.8857,-4.7820, 3.4562, 0.3158, 2.1008,-3.0371, 0.6608,-3.5330, 3.8716,-4.1804,-1.0665, 3.4719, 2.2098,-0.9839, 2.7014, 3.1673,-3.9083,-3.9193,-1.4210, 1.2330,-4.6038,-1.5550,-1.5464, 3.8032,-3.0189, 4.5255
-4.0274,-1.3754,-4.6341, 2.9907,-4.4255,-1.2500, 3.8220,-3.9005, 4.0715,-3.2451,-3.7904, 3.3388, 3.0445, 1.2954,-3.7386,-3.4071, 1.3507, 3.1179,-0.7485,-3.4342, 2.1075, 3.4949, 3.4042,-4.9124,-3.6316,-4.7709, 4.2455,-0.2090, 0.5786,-2.6135, 1.8099, 4.3480,-4.6113, 0.3869,-4.2088, 2.1284,-3.1090, 4.0997, 4.0979, 0.7714,-2.2286,-2.8154, 0.5943, 4.0514, 3.7060, 1.3364,-4.9234, 4.9898, 4.9301,-1.0443, 0.5689,-1.3348,-4.6991, 3.4115, 2.2226,-3.9692, 2.5127, 1.0706, 2.6855, 3.4861
 3.2842, 3.1269, 3.4752,-3.3211, 4.4707, 2.7632,-2.1467, 3.2874, 4.5277,-0.3627,-3.2018,-2.6985, 2.9111,-0.1146, 1.2947, 4.0131, 1.8817, 1.6719,-1.0536,-2.5576,-3.9946, 2.5114, 3.4410, 1.8200,-4.0902,-0.6896, 4.6058, 4.7913,-1.3067, 4.9784, 2.4761, 4.6358, 2.5826,-0.5595, 2.8567, 2.0661, 3.0022,-3.1747, 3.9493,-1.1956,-1.9169,-0.5008,-2.4890,-4.3215,-0.4248,-2.0957,-3.1859, 4.3578, 4.1247,-0.8343, 4.0661, 4.7431,-0.6663,-0.3008, 3.0135, 1.6574, 2.1017,-3.8190,-2.7932,-4.0747
-1.6481, 0.1237,-4.1401, 0.8960,-1.2475, 0.1806, 4.2002, 2.8465,-0.3944,-4.5067, 1.7197,-0.2483,-1.6457, 0.2939,-3.4434, 4.2537,-3.8392, 0.8199,-4.9148, 0.6898,-2.9906,-2.9375, 2.4013, 1.6915,-2.3808,-4.3615,-3.7727, 0.0872,-4.0485,-2.9995, 3.0456, 1.5566, 0.5161, 3.2402,-1.8627,-1.4433,-3.6355, 1.3573, 2.5246,-3.9026, 4.5742,-2.8179, 4.6660,-3.5362,-2.7469, 3.3077, 0.2571, 4.1785, 3.1842,-4.4033,-4.0184,-4.9505, 4.9394,-3.0390,-1.5343, 3.3607, 4.5010,-1.5698,-1.9904,-0.2803
-4.6185, 2.9039,-4.4676,-4.0072, 4.5568, 0.2867, 2.6569, 0.8258,-0.4094,-3.9206,-4.4458, 4.8605,-2.3005, 1.2104, 2.1398, 1.4305, 0.5603, 1.5318,-3.4457,-4.8581,-2.9645,-1.9776, 0.2897, 1.2244, 3.3127,-4.0166,-3.0032,-2.7235, 2.2153,-1.6578,-0.7929, 2.0824, 4.4700,-3.1844,-0.7180, 3.7479,-3.3076,-1.5805, 3.4946, 2.9920, 0.4438, 2.2636, 4.5272,-0.6032,-3.5354, 2.6129,-4.0425, 1.5012, 2.6267,-1.4177, 0.9804,-2.8046,-2.3355, 2.1261,-4.8724,-1.7219, 4.7170, 0.1764,-4.0411,-1.4798
 1.1858, 0.0170,-3.2929,-1.5842,-2.9874,-0.0728, 4.8189,-0.0162, 0.0150,-3.1084,-1.4160, 3.9468,-0.6642, 0.8461,-4.9959, 3.7506,-1.4617,-2.8559,-1.6493,-2.5687, 2.5897,-2.7438, 3.8155,-1.5365,-0.8709, 0.7105, 1.5797, 4.1920, 3.9953,-0.9590,-3.2086,-2.2777,-3.5181, 2.9818,-4.7658, 1.8842,-1.7027,-2.5232, 2.2368,-0.2229,-4.6798, 3.4839, 4.8570,-0.7780,-4.3443,-3.1325,-2.4460,-0.8263,-1.7832, 3.0357,-1.8601,-2.5196, 2.4131,-0.2697,-2.7039,-4.6341,-0.0063,-3.8394, 2.4166,-0.6141
-0.5856, 4.7250,-4.8431, 0.7173, 3.7952, 0.8732,-1.3135,-1.2736, 4.5907,-4.7315,-3.5137, 3.4959, 4.8900,-2.5348,-1.4193, 4.5533, 4.4178, 4.2975,-4.6793, 3.3209, 4.2980, 1.9614, 4.0474,-0.6218, 1.4898, 2.0456, 1.5940,-0.3568,-4.9454, 4.8907,-3.7833, 2.5286,-4.3809,-2.8333,-2.3872,-1.6303, 4.4868, 4.9821, 3.0668, 1.3546,-2.1222, 3.2218, 4.5759, 3.2943, 4.2991, 0.4503,-4.0801,-3.7358, 4.5280,-3.8308, 1.2149,-3.8869,-3.3392, 0.9837, 3.0147, 1.0481,-0.7378,-4.1134,-1.4878, 3.5503
-1.7613, 4.4785, 4.5786, 4.0648,-2.1151,-3.5376, 4.2238,-2.4904, 3.3919, 1.0632,-1.6573,-4.4027, 0.7790,-3.7316,-3.2147,-2.2624,-3.4561, 4.0857,-4.2578,-4.3266, 3.8353,-1.9073,-1.8409,-0.6291,-1.2491,-2.4088, 4.2637,-3.8023, 0.0703, 4.7073,-3.0844,-2.8184, 1.7528, 2.6312,-0.8711, 0.4760,-4.0069,-3.2968,-1.3006, 2.5184, 0.9538,-2.1022,-2.1593, 1.3514,-4.6042, 2.1601, 4.5421,-0.8014, 3.8382,-3.3881, 2.1468,-4.0526, 4.5498, 1.9769,-1.6437, 4.5370, 4.4550,-4.5032, 3.4465,-2.8339
 0.9160,-0.2859, 4.8017, 0.2093, 3.2058,-0.2743,-3.5610, 0.0060,-0.3272, 1.5179, 3.4433, 1.0340, 4.5878,-4.2436,-1.1195, 0.9402,-1.3972, 0.0128,-4.0215, 2.4490,-1.9671,-4.6512,-3.8619, 2.4971,-3.7612,-1.7738,-3.0985, 4.9943,-0.8029, 3.1730, 4.1150, 0.5264, 3.8601, 4.4459,-2.8668,-0.6198, 2.6218, 1.1553, 2.4899, 4.2614, 1.9938,-2.1759, 4.8819,-0.1026, 0.9494, 2.1000, 4.0218,-4.8025, 0.8092,-2.6194, 0.6497,-0.4796, 0.5355, 4.7417, 1.1463,-3.1385, 2.2055, 1.5518,-4.5615,-0.1709
 3.9768,-0.6781, 1.9760, 3.7451, 4.8349,-3.6842,-4.7544, 3.3364, 3.5506,-4.5608, 0.1834, 1.7140, 2.9249, 1.4604,-2.0395, 1.0846, 0.0389,-1.7828,-1.4910, 0.1398, 2.3602,-4.9163,-1.6248,-2.6223,-4.4432, 0.9268,-1.7893, 2.0230, 4.3490,-0.9500, 1.3653, 4.5277, 3.9553,-2.7291,-4.0881,-4.4762,-1.7002,-3.6962,-0.4419, 0.0213,-2.4786, 0.2923,-1.0239,-4.9097,-1.9728, 3.2576, 3.1656,-0.9789,-2.1702, 0.1173, 3.9978, 3.6017,-3.7048, 2.0862, 2.1302, 0.7869,-3.9860,-0.5362, 2.9443, 4.6217
 3.9426,-2.2025, 1.1680, 3.3123,-1.4979,-2.0180,-0.3307,-0.6048,-4.8902,-0.3632,-3.0617, 4.8405, 0.2311,-2.7424,-0.9518, 2.8060, 1.7965, 1.4635,-3.7465, 0.6293,-4.3982, 2.2335, 0.3226,-0.7292, 2.9900, 4.1491, 3.9659, 4.9754, 2.8954, 4.2469, 4.9266, 2.2464, 0.8185, 3.7276, 4.1992, 3.4071,-4.5935,-2.0607,-1.5202, 4.5495, 2.1410,-4.0245,-4.7951, 2.3684, 1.2856,-3.6073, 3.0395, 4.6937,-2.4424,-0.2174, 1.2634,-2.8673,-1.0695, 2.2401, 3.7490,-4.8357,-4.1303, 1.3198,-2.2817, 3.9529
 1.7693,-3.2954, 2.9437,-3.8443,-1.8562, 1.3481,-1.8725,-0.9442, 1.0401, 2.5992,-3.1606,-3.9428,-3.7326, 4.7322,-2.4416, 1.9843,-1.7055,-0.0302,-0.9311,-3.3654,-0.2202, 4.6187, 0.9743, 1.9898,-4.8373,-2.5935,-2.4904,-0.9982,-2.0554,-1.7884,-4.6562, 2.4592,-2.8676, 0.2251, 1.6140,-0.0545,-3.1610, 4.4844, 4.6149, 3.8842, 3.6734,-1.8880,-1.2309,-1.9823,-1.2352, 0.2497, 0.9109,-1.5862, 4.5832, 4.9604,-4.6650,-3.6483, 1.7638,-4.3532,-1.7142,-1.7841,-3.9693, 3.7325,-2.5083,-0.6903
 4.5278, 3.7816,-4.2773, 0.1432, 0.0735,-0.4349, 4.8453,-4.2239, 3.3989,-2.0556,-2.9873,-4.9472, 1.6541,-4.5020,-0.4443, 1.4660, 0.1892, 1.9085, 3.8338, 1.0849,-1.4492, 2.0649,-1.4273, 1.0305,-4.6301,-2.0466,-1.2730,-0.5241,-4.0367, 1.1461,-2.2606,-1.1850, 4.2093,-2.3515, 2.4915, 0.6375, 2.5566,-0.5435, 2.8795, 0.7059, 4.4601, 4.8752, 1.7461, 1.5917,-4.0617, 4.4211,-3.2459, 4.7160,-2.1951,-1.4558, 1.1136,-2.1854,-3.1640,-2.4486, 2.0785, 4.1169,-3.3738, 2.8490, 0.8604,-3.9533
-2.1090, 2.1066, 4.8960, 0.6280, 3.6658, 2.8299, 2.0142, 0.7006, 1.8967, 3.1882,-2.1042,-1.3485,-1.9637, 3.5883,-4.9973, 4.6278,-4.8590, 3.6824,-3.4785, 2.5384,-2.1133, 2.4739, 2.8973, 4.3614,-0.5126,-3.5987,-2.2887,-0.4955, 2.4633,-3.6248, 3.3803,-3.8603, 4.3953,-0.6814,-2.2104, 0.7180,-4.2183, 1.4116,-2.5869,-2.7979,-0.8271, 4.4832, 4.3189, 4.4511,-4.7471, 1.2534,-0.7482, 0.5408, 4.8454,-0.4403, 1.2136,-4.3785,-1.6167, 4.1041,-3.0394, 2.8402, 4.5485, 2.0391, 0.0826,-4.0365
-2.2100,-4.4832,-3.0136, 3.0975,-3.6846, 2.9824,-2.3906,-0.8077, 0.1747,-1.9710, 4.4275,-0.2046, 2.7456,-3.8243, 4.3294, 0.3239,-2.3259, 4.1298, 3.6832, 3.2395, 4.0377,-3.1106,-0.8163,-3.7460,-2.5355,-1.3389, 3.6822, 1.6564,-2.9379, 2.3894,-3.4832, 2.2710, 1.0200,-3.1124,-3.7714, 2.1563,-1.9616, 3.5442, 0.3047,-1.2531,-2.6151, 1.3704,-0.5444,-2.1285, 2.0655, 0.3777,-1.0840, 1.0455,-2.7483,-0.4852,-3.0574, 0.7330, 2.0872,-0.6860, 1.9108,-3.0654,-4.4378,-4.3030, 2.1486, 1.8254
-3.7163, 2.4340,-3.9620, 4.1620, 2.5912,-0.0446, 0.9381, 0.1444, 1.4197,-0.6305, 1.7028, 1.4015,-3.0508,-2.9561, 2.2544,-0.7172,-0.5799,-0.9920,-1.0153,-0.4141, 0.3090, 4.7446, 2.6076, 3.2133, 4.7457,-2.0540, 3.4644, 4.8961, 4.3062,-2.6709,-1.8192,-2.1449,-3.1286,-1.1584,-1.1927, 3.2530,-3.0056, 4.0815,-0.8410,-4.1284, 2.6445,-2.1818, 2.8753,-0.5540, 4.7059,-0.3698, 0.5853, 0.9114,-0.4922,-1.7782,-0.3864, 1.6767,-0.9243, 0.9150, 0.0469,-3.8363, 1.0796,-2.4097, 2.6719,-1.9059
 1.1054, 0.3734,-0.7014, 1.7733, 2.9397,-2.6202, 1.3251,-4.8311, 4.2515, 1.7563, 1.5384, 4.7645, 2.8150,-3.7376,-3.8099, 2.8205,-1.7983, 1.9958,-4.2724,-4.1259,-4.0149,-1.2149, 0.7337,-1.7949,-0.3090, 1.4560, 2.9215, 0.7908,-4.7485, 4.9201, 1.0477, 1.8963, 0.5851,-1.6682,-4.6291, 4.5777,-3.2411, 2.0064, 0.5211, 0.2706, 2.4004,-1.4492, 4.4369,-1.8359, 1.1500, 4.0219, 0.7332, 3.9617, 3.3479,-3.2409,-0.4523,-4.2821, 4.1361, 0.7553, 0.5710,-4.3248, 1.0050, 2.4181,-1.3724,-4.2553
-3.0186, 2.2613,-4.5568, 1.5882,-4.1708,-0.0364, 4.3470, 1.6253, 2.6819,-0.8921, 1.5090,-4.1759,-1.1927, 4.9006, 4.8451,-4.4597, 4.8360,-0.5562, 1.3945, 0.2865, 0.0567, 0.9999,-1.2001,-4.6900, 3.2846, 2.9818, 1.4347, 3.9083, 2.9952,-1.7632,-3.8017,-1.5879,-0.3104, 2.4499, 2.6781,-4.8887,-2.6342,-4.6722, 3.6879,-4.3495, 4.6930, 2.1977, 4.2756,-3.7663, 2.3011, 3.4496, 0.9801,-0.8592, 3.1249,-4.1061, 1.1787, 0.2560,-0.1793, 3.7454,-3.8852, 3.4341, 3.7168, 1.6060,-3.6488,-0.2699
-0.4984, 0.6762, 2.7487,-3.7936,-1.6890, 4.8062, 2.3251, 0.4009,-4.7836,-0.7851,-0.3558,-1.2624, 3.4258,-0.5547,-3.7890, 3.0341, 0.3309, 0.5001,-4.8925, 1.7778, 4.4668, 1.8435, 3.2628,-4.9616,-0.4414, 3.1723,-3.2648, 0.3105,-0.1242,-2.0852,-1.2575,-0.8297, 1.2242, 2.4483,-1.5463,-2.9715, 4.3605, 3.0220,-0.8999, 3.1947,-3.1859,-0.5508,-2.9114, 1.8837, 3.6003,-2.7248, 0.6065,-1.7383,-4.2250,-2.9841, 0.0197, 2.8310, 4.3094,-4.1008, 0.6027, 0.6313,-0.3576,-3.4679, 0.4610, 0.2051
-2.2038,-2.8866,-2.5831, 0.4557, 4.6674,-2.7978,-0.1164,-4.4978, 2.7035,-0.4786,-2.2536,-1.9405, 4.0303,-0.1675, 2.0691, 4.8177, 2.1233,-3.5087, 4.4808,-2.0276,-3.5043, 3.1578,-2.9462,-0.2730,-1.4387, 2.8055, 0.9176,-4.2020,-1.5591, 3.9562, 1.2578, 3.8051,-1.5243, 4.7831, 2.6612,-1.9009, 1.2511,-4.3428, 2.6305,-1.8253,-0.6957,-2.3157, 2.7188, 2.3486, 0.3758, 2.0663,-0.0953,-1.1432, 4.7766, 0.8532,-3.4852, 2.5548, 3.1897,-2.5042,-3.2725,-1.8412,-3.5015,-4.4352, 0.1042, 2.6468
-0.1142, 1.2884, 0.6656,-3.9107, 2.7131, 1.5739,-3.9752,-2.2146,-1.3973,-2.6905, 1.4242,-4.6654, 2.4462,-4.7831, 3.6351,-2.5842, 3.5026,-3.2166,-3.8396, 1.7077,-2.6303, 2.3563, 4.2672, 4.8177, 2.2569,-0.7293,-3.4570,-0.1521,-4.9630,-3.3160, 0.3909, 0.8910,-1.6150,-1.1636, 3.8864,-3.4352, 2.3720,-0.9125, 0.3155,-1.9884,-0.5944,-1.4584,-3.0508,-2.0187, 0.0441,-1.9344, 2.9487,-2.3652,-3.8721, 0.4360,-2.8750,-0.2243, 0.4845,-2.2490, 3.8802,-2.9861, 0.9525, 3.8083, 2.4828, 2.8382
 2.6184,-2.0311, 2.1119, 3.5230,-1.0822,-1.5216,-3.0664,-2.4785,-0.6028, 0.2605,-3.6938,-1.1051,-0.0280, 2.0275,-2.3020, 0.8078,-1.0378, 1.8312, 0.6582, 4.1172, 4.0422, 2.9126, 0.2310, 3.4865,-4.9116,-0.8494,-1.3194, 3.8801,-1.8907, 2.6612, 0.1120,-4.1223,-4.5692,-0.9829, 1.7733,-0.5199, 2.4466,-3.4625,-1.0948,-3.6450, 4.8820,-4.9545,-0.1162, 4.0356,-0.4416, 3.9633, 0.9676,-4.2879,-4.9317,-2.2961,-0.3787, 4.6018,-4.0162,-4.3565, 4.6585,-3.3048,-1.5611,-1.7590, 1.0778, 0.4237
 0.8186, 2.4843, 3.4499,-0.4862,-1.6767, 0.0669,-3.1221,-0.7472,-3.1514,-4.7992,-2.1328, 1.8247, 3.3354,-0.2974, 1.3877,-4.9675,-3.3938, 4.6036, 4.2880, 2.5742, 0.0730, 0.6405, 1.5259, 2.2534, 2.2715,-1.3694,-3.0752,-4.6144, 0.8293,-2.0030, 1.1046,-4.6531, 4.2221, 0.9455,-1.4204,-1.1892,-3.1783, 2.7337, 0.3772,-4.8619, 2.8674,-0.4621,-4.6789, 2.1469,-0.2063, 0.2817, 2.6813, 0.0955, 2.4618, 2.1602, 1.0626, 0.8964,-2.6930, 1.5871, 4.3557,-4.9393,-3.0861, 4.2597, 0.3901, 4.3772
 0.3538,-3.9404, 3.0452,-1.9306, 1.1393, 4.9782, 1.9229, 0.1525,-1.2502, 0.4198, 2.6669,-0.0416, 3.3527,-2.7926, 4.8911, 1.1773, 3.7601, 4.7894, 3.7083, 3.0861,-1.3598, 0.4376,-4.8045, 3.3513, 3.4133,-1.6495, 2.6128, 2.5937, 4.6317,-4.2138,-3.3057,-1.4633, 0.5500, 1.0654, 2.3362,-0.9818, 1.8430,-0.7146, 0.6007,-0.0998,-1.8409,-0.1451,-4.4519, 2.7869, 3.1077,-2.7210, 1.8657, 1.7547,-1.6724,-4.3760,-0.7326, 4.2860,-1.1422,-0.6411, 0.3748,-3.3925, 3.7403,-0.5428, 0.2300,-3.9217
 0.2292, 2.5413,-3.6240,-4.2182, 0.9715, 1.6669, 0.1219, 0.9525,-0.7318,-3.6917, 1.5383, 2.3519, 0.4856, 2.2834,-1.9492,-4.3018, 2.9168, 1.2995, 2.0678, 2.2288, 0.1925, 2.6596,-4.3226, 2.3529,-2.0877,-3.5364,-1.4865, 1.3416,-3.8460, 4.9259,-3.4534,-2.8220, 3.9323, 1.0697, 1.5000, 2.8889, 3.4441,-3.3623, 3.2418,-2.7476,-0.5680,-4.9622,-4.7263,-2.4837,-3.4106,-1.1857,-1.3842, 2.0602,-0.4214, 3.5521,-2.2273,-3.3032,-1.2768,-4.4619, 1.2976,-4.3316, 4.7275, 3.8026,-2.6429, 0.7799
-0.1782,-3.7313,-1.7723,-3.6491,-2.4049, 4.8707, 2.4571,-2.6077,-1.4796, 1.2019, 4.4619,-0.0322,-1.3789,-4.4183, 2.2613, 3.2518, 1.5329,-1.1668,-0.1523, 0.0478, 3.4303, 2.1746, 1.6981, 4.5081, 3.5881,-0.9427,-4.9252,-2.6661, 3.3829,-4.9387, 0.9607,-1.1013, 0.3941, 4.9994,-1.8207, 3.3567,-4.7099, 0.6777, 4.0734,-3.2723,-2.5199,-2.0992,-0.1322, 4.4996, 1.6236, 3.2180,-4.7302,-3.9309, 0.0783, 1.8848,-2.2512,-0.1081, 4.6959,-4.0929,-3.4501, 3.1213,-2.4384,-1.0572,-0.5273, 4.3941
 4.4600,-2.5327,-1.1188, 4.7594,-2.8373, 4.6925,-3.4920,-3.7750,-4.2583,-3.6586, 4.5377, 3.2434, 4.0097, 1.2887, 3.5404,-2.3808,-1.0781,-2.4819,-2.9444,-1.2509,-4.6206, 0.2963,-3.3910,-0.3433, 3.9676,-0.8503,-1.1475, 0.9114, 2.9298,-0.4610,-2.9008, 3.8765, 0.1871,-1.4831,-4.2905, 4.6089, 2.2754, 3.4148, 2.1287,-4.6524,-2.7016,-4.7922, 2.9866, 4.8656, 2.7446,-0.1680,-4.7005,-4.1836,-3.1709,-0.2394,-0.9051, 0.4663,-3.3348, 3.5756, 0.7954, 3.2331,-0.6743,-1.7382, 0.8071, 2.1197
-1.1757, 0.1761, 3.5326, 2.1379,-2.5203,-2.1633, 0.7805,-0.5858, 1.6965,-4.7057,-2.1896, 0.5750, 2.7275, 4.6228,-2.7251, 4.2608, 0.9959, 1.4712, 1.8076,-4.4455, 0.6934,-4.3579, 0.9682,-3.6182, 0.6591, 0.0369, 2.5967,-1.7695, 1.2754, 1.5398, 3.9264, 2.6853, 4.4713,-0.2936, 2.6999, 2.7387,-4.8439, 1.1773,-3.9113, 4.0554,-2.5141, 4.3923, 0.7460, 2.9346,-0.2148,-1.3572,-3.0614,-3.1482, 3.6911,-2.1008,-4.4717,-3.6118,-1.4433,-3.4179,-1.8787,-4.4748,-4.0706, 2.8252,-4.9168, 3.6698
