 1.2209, 0.4578, 2.3264,-4.1165,-2.9540, 1.8068,-1.4976, 2.6799,-2.7991, 0.7089, 2.5966,-0.4199, 3.4701, 3.4809,-0.0485,-0.8257,-4.7066, 3.1083,-3.8591, 2.6422, 2.7014,-3.3644,-4.9629,-4.2643, 0.0578, 1.6214, 0.5974,-0.3950, 2.2941, 0.5261, 3.6112, 1.8211,-2.0151,-2.6307,-1.8040,-3.0371,-2.8212, 0.2632, 2.5800, 0.2879, 1.3277, 0.1333, 4.8328,-0.4696, 2.7155,-2.9158, 3.8248, 3.9624, 1.5015,-3.1889, 1.1429, 2.4364,-4.5773,-2.3902,-1.1400, 0.2106,-1.2214, 4.7824, 3.8484,-2.7586
 2.1754, 3.5966,-1.7747,-3.4651,-2.1239, 3.6663,-4.9546, 4.9066, 0.7044,-1.8826,-3.2923,-0.6693, 3.7840, 1.4193,-0.3206,-1.6733,-2.8436, 0.9193,-0.3770,-0.3772,-0.9220,-1.3331,-4.9796, 4.6567, 1.9332, 1.1776, 3.1515, 0.1079, 4.4881, 4.5701,-4.9692, 3.9288,-1.1484, 3.3669,-2.8246,-1.5367,-3.1450,-1.1017,-4.3894,-3.1506,-1.9244,-2.6360,-0.3007, 1.4272,-2.4681, 0.1174,-0.7840,-4.9960, 3.6133, 3.6291,-2.4482,-4.1227,-1.6974, 3.0200, 4.6179,-0.6983,-0.4094, 4.4497, 3.8261,-1.5151
 1.3442,-4.6432, 4.1883,-4.5440,-1.5348,-1.2773,-3.1820, 0.9113, 3.0078, 1.9190,-0.9394, 3.5634,-1.4375, 4.2317,-0.3600,-0.9168, 0.4185,-3.0819, 3.6567, 3.9603,-0.1495, 3.7797,-3.3590, 4.8674,-2.4249,-1.6800, 2.1222, 4.4750, 3.6969,-1.2873,-3.8094,-2.6212, 4.1734, 4.5969,-3.2358, 4.7163,-1.6847,-3.7576,-3.2527, 4.8083, 0.6441, 1.8420, 0.9573, 3.6164,-3.0086, 1.0675,-1.5274,-4.8161, 4.0908, 1.5388, 4.3192, 3.0511, 3.5970, 4.3114,-2.8676, 2.8425, 4.8535, 0.5439,-3.3297,-2.2135
 2.5553, 1.0493,-2.3320, 3.9863, 4.3057, 1.0240, 1.9273, 1.6587,-3.0070, 4.0242, 0.3928,-4.3114, 2.9485,-2.1268,-3.6254, 2.2350, 0.7685,-4.4082,-4.4164, 1.6679, 2.9620,-3.2017, 0.3600,-0.7463, 4.5156, 3.7550, 0.8704,-4.5077, 0.3576, 1.6694, 4.1942, 2.4215, 3.6676, 0.3676,-3.8066, 1.4760, 1.5691, 2.4674, 1.9019, 2.3831, 2.3968, 1.2464, 4.2013, 0.5340, 0.9702, 3.6590,-3.3315,-3.6178,-3.3554, 4.8718,-4.9973, 1.7426,-4.7820,-3.2081, 0.2960,-3.0644, 4.4032, 2.3069,-1.5692, 1.6796
-4.0484,-2.3722, 1.2808,-4.7048,-2.5862, 0.2436,-3.6315,-3.9087,-4.1383,-2.1534, 1.4933, 0.3000,-4.7406,-2.7198,-4.9245, 0.6482,-2.8986, 4.4490, 3.2690,-1.7014, 0.7744, 3.7902,-4.3730,-0.4996, 3.4771,-4.1638,-4.7349,-4.5139,-0.7818,-1.8931, 2.4727, 1.9063, 3.5498,-3.7634,-2.5061, 3.3209,-3.6881, 0.6645,-0.6176, 2.5039,-1.2635,-3.6186, 1.7370, 2.6991,-2.3503,-4.4362,-4.7531,-0.6814, 2.6410,-1.7242, 3.1689,-0.3976, 0.0361, 2.1113, 3.8621,-4.5357,-2.3410,-0.3029,-4.2656, 3.2486
-1.4861,-3.5010,-4.4041, 4.4356,-0.4465, 1.0061, 2.3991, 1.2974,-0.8056, 3.3182, 4.9475, 2.2627, 2.2670, 1.9613,-3.5086,-3.4632, 4.3464, 0.6409,-3.8957, 2.0443, 1.1188, 3.9914,-0.4617,-4.0052, 3.6690, 1.4415,-4.9097, 0.4376,-0.1636,-3.6613, 1.1431, 1.5585,-2.0316, 0.5123, 3.2531,-4.7497,-2.4656,-4.0816,-0.5205,-4.2185, 2.2058,-1.3303,-4.2509,-1.5997, 0.4440, 2.0847, 0.7609, 2.7963,-4.9551, 1.7036,-1.7596, 3.1553, 1.7854,-0.4744, 3.6399,-0.9075,-4.7113,-2.0104,-2.2180, 1.1838
-4.4046,-0.7729,-1.3840,-1.9388,-0.3712, 3.8304,-4.2934, 0.6346,-4.5779,-2.6199, 0.7335,-0.5002, 2.0883,-4.1493,-3.6053,-3.0310,-4.2355,-1.2656,-2.3754, 0.4631, 1.9161,-1.9136,-2.4365, 0.9642, 3.4951, 4.0669,-2.5039, 1.1734,-1.7133,-4.7865,-3.4017,-1.4143, 1.9930, 0.6958,-2.9995, 1.3305,-0.5101, 4.2605,-3.5307,-0.6348,-3.8553,-0.3611,-3.5003,-3.5329, 4.1008, 0.2133,-3.6209, 4.4443,-4.4873, 2.5628, 3.1938,-0.3968, 0.5420,-0.0531,-2.1519,-0.1467, 0.1676,-2.5700,-2.8822,-0.4587
 1.0756,-0.5820, 2.3987, 1.3968, 2.1646, 0.2919,-2.0770, 1.1076,-3.8169,-1.5959,-2.5024,-2.9505, 0.7674,-0.4258,-4.3395, 2.0461, 3.0158, 1.1743, 4.4554,-4.1950, 2.7437, 1.7309, 0.6576, 1.1298,-1.7945, 2.1354, 3.2868, 0.6438,-1.5429,-2.8842, 0.5783, 0.6882, 3.7993, 3.0320,-3.4566, 3.2750, 1.4010,-0.0490,-2.2611,-4.6163, 3.7829,-1.8688, 2.8737,-4.1088,-0.3022, 0.3789, 3.2567,-3.5528,-2.6901,-4.4821, 4.7108,-3.2396,-0.8872,-2.8285,-0.9672,-0.5463, 4.9462,-4.1783,-0.5814,-1.3061
 3.4372, 1.5313,-3.0018,-3.9180,-3.6896, 4.1139,-1.9510, 0.8355,-3.0103,-2.6599,-4.9083, 3.3283, 1.5505,-1.3890,-1.6734,-4.1725, 3.6409,-3.3901, 1.7924, 1.7939, 4.4339, 2.3315, 1.7210, 3.7051,-4.5835, 3.0665,-4.4547, 4.9374,-2.2621, 1.6376,-4.8855, 3.6154,-2.0136,-2.8554, 1.3713,-3.8277,-4.3915, 2.6153, 3.9819,-0.6693,-1.3449,-0.1306, 1.9787,-4.8142, 1.4203,-0.9856, 4.5144,-3.7632, 0.2519, 4.6615, 4.2792, 4.0395, 3.4443,-3.4064, 3.4623, 1.6498, 3.6867, 1.1694,-3.9118,-1.8632
-0.1224,-0.4444, 0.3865, 0.0577,-2.0006,-4.1067,-2.6055,-2.6466,-2.3016, 4.5839,-0.1727, 1.7498,-3.9557,-2.5732, 0.7990,-1.4041, 3.1444,-0.6166,-1.1809,-3.1089,-0.6234,-1.9509,-4.7194, 4.8998,-2.2159, 0.0426,-0.0153,-3.6612,-4.4401, 4.0734, 4.7233, 3.6154,-0.2620, 3.6280, 0.3460, 4.7490, 0.9726, 1.9373, 0.4760,-3.9736,-0.7704, 3.2344,-3.6524, 1.1181,-4.1973, 1.3240,-2.8150,-2.7649, 1.4883, 1.2830,-0.0597, 2.8386,-4.5345,-0.7246,-3.6324, 4.2325, 3.6215,-4.2256,-1.7140,-2.9640
-2.6419, 1.5572, 0.6733,-2.2833, 1.6072, 2.2329, 4.4834, 0.3643, 2.8678, 2.3762, 2.2381, 2.1146,-4.7178, 3.0444,-4.8806, 2.0258,-2.0639,-3.8091,-4.3043,-2.9826, 3.3317, 4.3371, 1.3773, 3.3586,-3.4411,-0.0216, 0.2586,-1.7427, 3.0670, 0.2454,-4.9445,-0.2926, 1.5745,-0.9105, 3.4033, 0.2104,-4.1861, 3.9282,-2.6342,-0.2166,-2.1823, 1.5840, 3.6861,-1.2947,-3.1815,-1.4491,-4.0533,-1.6654,-3.0853,-2.4514, 1.3032,-2.2322, 3.3240,-4.0663,-2.1662,-1.4106,-0.2391, 0.4586,-1.8108,-4.7908
 3.4179,-2.5156, 2.1536,-1.9765,-1.3914, 1.6660, 1.4654,-0.9489,-4.1874, 1.6543, 4.7789, 0.7759,-0.6073,-4.6302, 0.8173, 3.4025, 1.7722,-0.1433,-3.0767,-2.3692, 4.5441, 3.4267, 1.5896, 4.6489,-4.8222, 1.9023, 3.1382, 0.9677,-2.6518,-1.0490, 1.6336,-2.5323,-3.6751,-3.6749, 4.8000,-4.4648,-2.3139,-1.5926,-3.8449,-2.2596, 0.5199, 2.9976, 4.5013, 2.6756,-0.8857,-2.0652, 4.6993, 0.0259,-4.2501,-0.1680,-1.6187, 1.7248, 0.3769, 3.0874, 2.7077,-1.0698,-2.9562, 1.7267,-0.8927,-2.7947
-0.9127,-1.1751, 0.3830,-3.9209, 2.9994, 3.5298, 4.3698,-2.4901,-4.9569, 2.9293,-4.4190,-0.3863, 0.5192, 0.3983,-2.6894, 3.7682,-2.8909, 4.6858, 3.2391, 1.6276, 4.0314, 0.3447, 1.5695,-2.1811,-4.3671,-4.2192, 1.3988, 2.5155, 3.0732,-3.0100, 2.2157, 4.8833,-3.6137,-1.9652, 0.5437, 1.0613,-4.9502, 3.6026, 0.0976,-2.3354,-4.7438,-3.3521, 2.6246,-2.8003, 4.1059, 1.7098, 3.0283, 1.6740,-4.2336, 0.8016, 0.2797,-1.2732, 1.0354,-1.8360, 2.8020,-3.2298,-1.0934,-2.9888, 3.3513,-3.8780
 3.0994,-3.5631,-4.6632,-4.4363,-0.1958,-4.1240, 2.6093, 4.1805,-3.1375, 1.1358, 3.6524, 4.2788, 1.7613,-2.9850,-0.5271,-3.8675,-4.1824, 2.6478, 0.1115,-4.3967, 4.9438, 0.4458, 1.4075,-0.5376,-2.8329,-1.9919, 3.9472, 4.0256,-4.2857, 4.7648, 3.1682, 4.7287, 1.4292,-0.8896,-0.7135, 3.4474, 0.3976, 0.5039,-3.6266,-2.9564,-3.3662, 1.6729,-2.5675, 3.9330,-4.9647, 3.4719, 1.8502, 0.7320, 2.9677,-0.9675, 2.7550, 2.7437,-1.8484, 3.1961,-1.3861, 3.4324, 1.2501,-1.4300,-3.6279,-3.9607
 3.8194, 1.7689, 1.8349,-2.6586,-2.6719, 4.6427,-3.5488, 2.2991,-4.1132, 2.0834, 0.4286, 4.4474,-1.1575,-1.0357,-2.4046, 3.8505, 1.4335,-0.3794, 2.8698,-1.4942,-2.3207, 0.0522,-0.1833, 1.1775,-4.6128,-4.3420,-2.1062, 3.9914,-1.0213,-1.9319, 4.7930,-0.3020,-2.2715,-3.5988,-0.6877, 3.4793,-3.5778, 3.4207, 0.4348,-2.7462, 3.1225,-4.0365, 0.9480,-3.2067,-4.3702, 0.4322, 3.3011, 1.7245, 2.1697, 4.8913,-0.3965,-2.2100, 1.2543, 1.3649,-1.8909, 0.3152,-1.3780, 0.4738,-4.9465,-4.3106
-1.2002,-0.6161,-2.7623,-0.7676,-2.9301,-1.5193, 1.3276,-0.8201, 3.0192, 0.9943, 0.0482, 1.3917, 1.3221, 4.3714, 4.4746,-3.4236, 2.7432,-1.9580,-4.5585,-2.0418, 2.6786,-1.5503,-2.9724, 0.2267, 3.9852,-3.9129,-1.8605, 2.2737,-1.6783, 3.5186, 4.0806, 0.8572, 4.3023,-2.2684,-3.5951,-1.0154, 4.5556,-3.4397,-4.8757,-3.5238,-3.7930,-2.4471, 3.3171, 2.7827,-3.7967, 0.0707,-0.4185, 2.1880,-1.5359,-0.1696,-4.8951, 4.9344,-3.4721, 4.3153,-3.4587, 1.0709,-3.6523,-1.9148, 4.7335,-4.8641
 4.5920, 3.9476,-2.5519, 0.3100,-3.8655, 1.7381,-1.7699, 0.1052,-3.9284, 0.5193,-3.5163, 1.5409, 3.3503,-4.1498,-0.7288,-4.4386,-1.5305,-3.1133,-2.0271,-3.8232, 3.1090,-0.2488, 4.7042, 1.1063, 2.1512, 4.8438, 2.3013,-1.5132,-3.8722,-3.8378, 0.0987, 2.3122, 0.6254, 3.0932,-0.2711, 0.6709, 3.3324, 1.6517, 1.3890, 2.6065,-3.5269,-0.5771, 4.5773,-3.8215, 3.9285, 2.5757, 3.9704,-2.6778,-4.2249,-3.7741, 0.5489,-3.8624, 3.3599,-3.1620,-2.9303, 2.4989, 4.9554,-3.8872, 0.3786,-3.9546
 3.5623, 4.4376, 0.8277, 3.3076, 3.8422,-1.3489,-1.6461,-1.1357,-4.9467, 4.0223,-2.0189, 0.8429,-0.6170, 0.4485,-1.8137, 0.5557, 2.1981, 4.8105, 2.6621, 1.8831,-0.3070,-4.8976,-3.6414,-1.1191,-0.2210,-0.0479,-1.5343, 2.0150, 4.6701, 0.0389,-0.1760,-4.2181,-4.3565,-0.6423, 2.1110,-3.9747,-1.9589,-1.5594,-0.0641,-1.0105, 1.1092,-3.8740,-1.7650,-1.1405,-0.2308, 2.0800, 3.7104, 1.5111,-4.3952, 4.9646, 0.7926, 0.5605, 1.0141, 4.1092,-4.0699,-1.1559,-1.1871, 4.7032,-3.4267, 4.5860
-4.8761,-4.7860, 2.4095, 4.0334, 1.5592, 2.6612,-0.9608, 0.8455,-4.0561,-1.1735,-4.4247, 2.9198,-0.7074, 4.5800,-0.6780,-4.0766,-1.4797, 0.1057, 0.2992,-3.2182, 2.2120, 4.0856, 4.6593, 0.9942, 1.8744,-2.4643, 0.6503,-1.0433,-1.9634,-0.4599,-4.3366,-2.1509, 4.8901,-2.6417,-2.8480,-2.7521,-1.9339,-4.7387, 0.2259,-3.6444,-2.7217, 0.0242,-0.4495, 0.2531, 2.1259,-1.0930,-1.7652, 0.9798, 0.7811,-0.2141, 3.2708, 3.5756, 2.2328, 1.3422, 2.2138, 4.2206,-1.6702,-1.5857,-4.9642,-3.6101
-0.2385,-0.8380, 4.4719,-0.2665, 4.9065,-1.9200, 1.0299, 3.5232,-4.3947,-2.8538,-0.6352, 3.2432,-3.3379, 1.3839,-4.4824, 0.2500,-1.8724, 2.5153,-3.2784,-2.2521, 2.1785,-4.8342, 1.7610,-2.4308,-4.5272,-4.4938,-2.4365, 0.3579,-1.8322,-3.2155, 0.3701, 1.9869, 0.4364,-4.4865,-0.8995,-0.8136,-4.7213,-4.5766,-3.2192, 1.6327, 0.0826, 3.3665,-4.5326, 0.0862, 4.7829, 3.2699, 0.4195,-1.8157,-1.6643, 0.9151, 4.8005, 0.0720, 4.3937, 1.9788,-1.6505, 3.0074, 2.9901,-3.4177,-0.9948, 2.3290
 4.3460,-2.6332,-2.9091, 0.9778, 0.2648, 2.4710,-3.0762, 4.1393, 2.3569,-1.5209,-2.5959,-4.0043, 0.4913, 1.2348, 0.7122,-2.6570,-0.2161, 0.3979, 3.2893,-1.0190,-0.9980,-0.2045, 2.7573, 1.8224,-3.7703,-4.5323, 3.1168, 0.3099, 1.6875, 0.7958, 2.1756, 1.6220, 2.5660, 2.0987,-1.4927,-3.6248,-2.3843,-3.0439, 0.1797,-2.7159,-3.4733, 0.8180,-3.7461,-1.4076,-0.2034, 1.5726,-2.1320,-0.9934, 3.8988,-4.9712,-3.7848, 4.8439, 3.7497, 1.1777,-4.8257,-2.3317,-2.2311,-3.0692,-0.8722,-3.7116
 1.6478, 2.2683, 0.3195, 1.6993, 0.8471,-2.9195,-4.0464,-0.9708, 4.5109,-3.0793,-4.4675, 2.2461, 4.6974, 0.9115, 0.2138,-3.4338, 3.1018,-0.1290,-2.4801,-2.1054, 3.0277, 0.4617,-4.1053, 4.4838, 3.3783, 1.9176,-1.2573,-2.2281, 0.7898, 4.9112, 2.5232, 3.0402, 1.6943, 1.2780, 3.1705, 2.8631,-1.2898, 2.3925,-0.9660,-3.8469,-3.1829, 2.8066,-1.9835,-0.7919,-0.2676,-1.2089, 2.8327, 1.4708, 3.2629, 1.2645, 4.4355, 1.4743,-2.3012, 1.0653,-1.5224,-1.1068, 1.0970,-2.9308,-1.3926, 0.5623
-3.6184,-4.1755,-2.4646,-2.6920, 0.2034, 4.5242,-2.8317, 2.7942, 2.6916,-4.3614,-0.0591,-2.1157, 4.3977, 2.3280,-0.4348, 4.4306,-4.8404,-1.7147, 3.7123,-3.6557, 2.8518,-2.9821,-4.6844, 0.0532,-1.6255, 1.1325,-0.8278,-3.5967, 2.4123, 0.0249,-4.7630,-2.2588,-1.2557, 1.6969,-3.0688, 4.9762, 0.3146, 4.7057,-4.0817, 0.0931, 3.9714,-0.4011, 0.3450,-3.4241, 0.7035, 1.0896,-4.6607,-3.5751,-4.8733,-4.0061, 0.1889,-3.2618, 0.8041,-4.6430,-3.5117, 4.9127,-4.2735, 4.7736,-0.2741,-4.4531
-2.4742,-4.0408, 1.8688, 1.2866,-3.6092, 1.0488, 1.2502, 4.9322,-1.7557,-0.2643,-2.8011,-4.4391,-1.0737,-4.4679,-1.1108, 3.5457,-1.2417,-0.6248, 0.6760,-1.8535,-3.5203,-1.0636,-3.5474, 2.3714, 1.8125, 1.2807,-4.9724, 4.7540, 4.3812,-2.6421,-1.8822,-3.0834, 1.9871,-2.2350,-3.7064,-4.0521,-0.5633,-0.9893,-4.6235,-4.0124, 4.6307, 2.5660, 3.1947,-1.1459, 2.6297, 2.8566,-0.5811,-3.6793, 4.5811,-1.8669,-4.7993,-2.1743,-3.4506, 0.2926, 1.5933, 0.6164,-0.5092,-1.2854,-0.2783, 1.9688
-4.8568, 2.5489,-4.3174,-1.6372, 0.3699,-1.3969, 3.8014,-1.4835,-1.8081, 3.4990,-2.8772, 2.7606, 4.7852,-2.2729,-0.6002,-3.8238, 1.2976,-3.1734,-1.2525, 1.6791,-4.0614,-4.3485, 0.5286,-1.6779,-0.6321,-1.6926,-0.4026,-0.3511,-3.6314,-1.5356,-0.8494,-3.0139, 0.0259,-2.4626,-0.5221, 4.2832, 0.4031,-0.8175, 1.8059, 1.0424,-1.4214, 3.7218, 4.5558, 0.6608,-0.3739, 4.6406, 4.7415, 1.8562,-3.6499, 3.2518, 0.3597,-0.3073,-1.6773,-1.0094,-4.6986,-1.9660,-2.9369, 2.2940, 0.0866, 0.0260
 2.3832,-1.5972, 1.3466, 2.7027, 1.8441,-4.2280,-4.9581,-2.0505,-0.8600, 1.4657,-1.9365,-4.4448,-2.4344,-3.9143,-0.7114,-0.1612,-4.8791, 3.2225, 3.5544,-1.9549, 0.5728,-4.8923, 2.1079,-4.9521, 1.5232, 0.4068, 2.6145, 3.7942,-3.7637, 3.7062, 2.0684, 4.0477, 3.3643, 1.8513, 3.9235, 3.9627,-1.8856,-0.7274,-0.6348, 3.0883, 0.2929, 1.6359,-2.4601,-1.8855, 4.5782,-3.6524, 3.8330, 4.8820,-0.0223, 1.6308,-3.9194,-0.4842, 0.0572, 0.2519,-2.9970, 3.2169, 4.7826, 4.6857, 4.8540, 4.5227
-2.3458, 3.4111, 3.3495,-2.8071,-0.7715,-4.7968,-0.0356, 4.3924,-3.4246,-0.5420, 3.2442, 0.7082,-3.6734,-1.1837, 0.1310, 1.7068, 3.8459, 4.7396,-1.8013,-3.2568, 4.4793, 0.7870,-0.2391, 4.3697, 0.1656,-2.3014,-1.2550, 1.9151,-1.7817,-0.3447,-4.0584, 4.0356, 2.9020, 1.8336,-1.6795,-3.3202, 1.3379,-4.7113,-0.9521,-4.4182, 3.8284, 4.8208, 0.9274, 2.4227,-3.0283,-4.8264, 1.4156,-0.0472,-0.5900, 4.4676,-2.6756,-4.7328,-4.1009, 1.2146, 3.1840,-4.6302, 2.9879, 2.0955,-0.6081, 0.2945
-2.8529,-1.6391, 3.6734, 3.1131,-3.7740, 4.8596,-2.6534,-0.6716,-4.5232, 0.5987, 3.9149, 2.3312, 4.2714, 4.9438, 0.6186,-3.3496, 4.6021, 0.5776,-3.4041, 1.9404,-2.4299,-3.4729, 3.0779,-2.2333,-2.4535,-0.1167, 4.1820, 2.2719, 3.3835,-0.6197,-4.1803, 4.3831, 1.5673,-2.7377,-4.1635,-3.6041,-2.3594, 3.4150, 3.1372, 2.4047, 3.2082, 0.2193, 2.4509,-0.3495, 3.3598, 3.3483, 2.0646,-0.2828, 4.9629, 4.0322,-0.4386,-2.7662, 4.4209,-3.8533, 3.5315, 4.5096,-0.9204,-3.7616, 2.1248, 0.9474
 2.3887,-4.3576,-3.6790,-4.1276, 0.5578,-0.7850, 0.8251, 1.2147, 3.5553,-3.3981, 3.5311, 0.0067,-0.2128, 0.0097, 1.2235, 3.1991,-1.3473, 2.8966,-0.3840, 1.4432,-3.4889,-2.6985, 2.8897, 0.2610, 0.8463,-4.5776,-2.7009,-2.8061, 4.9965, 3.8913, 0.0596,-3.9848, 0.3075, 0.9173, 0.9080,-4.7521, 0.9050, 2.8123, 2.1754, 0.8370,-0.6937,-0.1802,-4.4547,-1.9484,-1.4049, 0.9083,-1.3876,-1.4809, 2.9988, 2.4714, 1.2200, 2.9429, 2.9749,-3.3377,-2.5529,-0.3438, 2.2514,-2.4853, 3.7209,-0.8412
 1.3867,-0.8431,-3.8661,-3.2624, 3.2706,-1.1494, 2.4504, 4.3406,-2.5179, 2.9850,-3.3439,-4.6366,-4.6644, 4.8466, 1.3683, 4.1299, 0.5952,-1.2195,-4.7249,-4.4826, 4.1527,-3.3089, 4.0669, 1.5283, 2.5843,-3.9447, 2.9331,-4.8673, 3.4309,-4.9784,-2.7740,-1.8715, 4.8034,-0.3096, 2.2597,-3.2772, 0.0283, 1.1828, 2.9657,-4.7565,-4.9567,-0.1219, 4.8109, 2.5052,-4.6182, 0.0836,-4.6063,-3.9784, 3.9921, 3.5710, 1.6034,-2.8814, 4.3011,-2.7021,-0.1181,-2.2449,-2.1656,-1.8188,-3.3142, 2.3107
-0.8818,-3.6263,-3.8567, 1.6218, 2.7609, 3.1940,-1.5556,-4.9615,-1.1747, 3.0328,-1.1365,-0.6168,-1.0666,-2.7927, 2.3825,-2.3977, 2.1463,-3.6657,-3.6131,-2.4379,-0.4071,-2.9445,-0.7767,-3.8895,-3.0866, 1.5642, 0.4508, 4.4894,-0.6503, 2.4609,-4.8222, 1.6307,-3.7310, 4.8137, 1.7544,-3.0935,-3.2267, 1.7786,-3.1044,-3.0231, 3.0014, 1.7757, 1.0206, 3.5450,-2.8711,-0.7690,-4.1602, 2.7077,-3.8580, 2.6456,-2.7257, 2.0030,-1.4495, 0.2960,-0.1133, 0.9461, 1.1234,-1.8825,-3.1452, 3.7204
 0.0447, 2.2396,-0.1441,-0.3405, 3.0877, 0.0482, 4.3149,-1.9703,-1.4567,-0.9067, 3.6462, 2.5598, 0.8130, 1.1821, 2.5512,-2.0633,-4.3532, 4.4229, 0.4308, 0.0443, 4.4484, 0.9836, 3.7715,-0.0099,-0.3761, 1.7182, 1.4084,-4.6095, 3.1706,-1.9873,-1.0272,-4.1469, 0.5454, 2.3510,-0.5847,-1.8143, 0.1802,-0.9144, 4.6307, 0.7396, 2.3504,-0.6157, 2.6464, 4.1759,-0.7679, 1.1416,-4.6837,-2.8963, 2.7994, 4.5357,-0.5194, 3.9869,-0.1427, 3.0096, 1.0348,-4.0764,-4.4697, 2.2617,-3.9454, 0.6281
 2.8399, 4.9760,-2.1441, 1.5190, 2.1814, 1.8582,-2.6239, 2.0114, 4.1678, 4.7876, 1.9472, 4.0913,-3.8044,-4.9532, 2.7856, 1.3453,-2.2364, 4.4848,-4.6947, 3.7578,-3.8055, 0.7469,-0.6773, 2.1986, 1.7011,-3.2945,-0.9784,-0.3545, 0.7146,-1.9283,-0.5955, 4.2189, 4.9342,-3.7589,-3.2933, 0.2600,-2.5932, 3.2202, 0.2724,-0.3579, 3.6738, 2.4779, 4.0956, 3.0187,-1.0082,-2.3844, 3.8388, 4.1087, 3.3288,-0.1376,-2.4518, 0.5742,-2.8873, 4.8474, 1.8259,-2.2224, 2.8948,-1.3988, 1.1061,-1.5948
 1.0758, 1.3819, 4.6013,-0.6154,-4.7331, 3.3112, 3.4221,-0.8534,-1.3650,-1.5535, 4.7925,-4.5086, 0.3419, 2.1916,-2.5271,-2.4183, 3.3960, 0.9530,-1.0626, 2.9676,-1.1494, 2.7826, 3.8839,-4.9618, 2.0106,-4.7258,-0.9279, 1.4362,-1.3843,-1.2849, 3.4170,-1.4398,-4.7317, 3.9584,-2.9204,-3.9714,-4.1023, 0.7885, 2.1762,-3.6057,-0.7840,-4.4982,-4.5033, 4.4043, 1.0922, 0.0148, 4.7313, 3.3898,-4.6435,-0.2927,-1.9110,-4.7771, 4.7818, 1.3503, 3.5980, 2.0586, 0.9783, 1.2738,-3.6965, 4.0445
 0.8908,-1.5754, 2.9506, 0.1134,-4.1007,-1.7913,-1.9984,-1.8028,-1.1250,-0.0659,-0.0258, 3.1610,-1.2537, 4.8936,-1.5816, 1.0424,-3.6909, 1.0218, 0.0296, 1.6238, 0.7574, 2.1436, 0.9725, 0.8626,-2.9659, 2.3184,-2.4124,-1.1161,-0.5153,-3.6961, 1.6863,-2.4435,-3.0075, 4.5217,-4.7869,-2.1269, 2.8566, 4.3035, 0.1275,-3.2195, 0.6306,-0.0499,-1.4731,-4.4673, 2.6794,-4.6836, 2.7162, 2.5956,-2.0431,-0.5077,-0.1557, 2.7404, 4.4947,-4.1662, 0.1779, 4.0499, 2.8057,-2.7978, 4.1027,-0.1394
 4.9454,-1.9280, 1.0031,-1.0097, 0.9118, 2.0903,-0.9508, 3.1481, 0.6353, 0.4607, 3.8605, 0.8313, 3.7492,-4.3952, 2.2630,-0.4327,-4.8750, 2.0448,-0.6585, 4.2600,-2.0752, 1.5852, 3.9176,-2.7268,-2.3915,-4.1664, 1.1520,-4.5671,-4.3569, 2.8288, 1.7590,-0.5624,-3.7278,-2.1838, 3.7327, 2.4838, 3.4674,-3.2585, 1.5907,-0.0348, 3.2699,-1.0923, 3.6848,-0.0171, 3.7019,-1.3275,-4.4663, 1.3949, 2.5953,-4.5030,-4.1962, 3.7971,-1.1228, 1.3895,-4.6696, 1.9973,-1.0470, 4.0398,-1.7797,-1.2436
-3.5334, 2.8536, 2.2806,-3.6090,-1.9761,-4.0077,-0.1393, 1.8122,-4.7593, 4.2425, 4.2718,-4.9658,-4.9801,-2.1861,-2.8625, 4.1982, 3.8557, 2.0550, 2.0449, 3.2461, 3.2052, 4.8292,-2.3883,-4.1143,-4.4900,-4.9419,-1.3334, 0.0051,-4.0780,-1.1636, 3.8646, 4.9065, 2.2888, 3.7053, 4.2303,-4.7358, 0.6208,-2.6696,-1.2681,-2.1644, 4.0310, 2.3577,-0.0944,-0.8200,-0.8314,-2.4285, 1.6899, 4.2681, 0.3896,-1.6781, 3.2866,-0.3233, 0.3135, 3.8964, 2.5994, 0.3277,-2.3049,-3.7811, 3.6156, 4.9453
 2.9224, 3.5871,-1.0082,-2.9550, 2.1250,-3.9720,-4.5533, 0.5645, 4.3466, 0.7355,-1.3234, 3.4340, 4.2680, 0.6835,-2.5265,-0.3336, 2.6145, 1.3752,-0.4312, 3.9781,-1.9507, 4.9946,-2.2932,-0.2901, 1.4167, 0.4511,-2.6989,-0.6883,-3.1575,-0.7551, 2.6217,-0.1666, 4.6538,-3.1026, 1.1333,-3.6955, 0.2999, 1.4476, 1.2609,-4.5041,-1.5329,-3.9548,-2.4702, 1.5026,-3.0464, 4.8642, 3.8729,-1.7847, 2.1627,-1.8965,-3.6395, 4.4734, 3.4362, 0.4144, 1.5672, 0.5710, 2.3276, 1.5400,-4.7963, 1.6919
-1.4098, 3.6426, 3.7650, 2.0661, 4.3224, 1.1098, 0.0766, 4.2176,-3.4460,-1.0105,-3.3995, 3.0165, 0.1746,-4.1155,-1.6804,-2.5371,-2.4169, 3.1384, 0.5692, 1.1398, 4.8023, 1.1468,-1.4153,-1.3819,-4.8151, 0.9826,-1.8548,-4.1161, 1.6218,-2.9461,-3.8271, 0.1559,-4.1812, 3.3471, 2.5328,-4.9719,-3.2738,-1.6473,-1.6775, 1.0080, 0.7359, 1.9665, 1.7485, 2.6032,-1.7471, 3.9939,-1.7744,-0.1026, 4.4029, 3.7482,-4.2151, 2.3719,-4.1456, 1.1464, 0.7499,-3.4650,-0.7274,-0.4169,-4.0302,-4.8238
 3.0809,-0.4324,-1.6306, 4.8429, 0.1630, 2.7808,-0.5442,-3.3208,-3.1998, 2.1243,-3.9307, 1.8752, 1.5482, 3.1272,-4.4729,-4.3466, 0.0401, 0.1709,-1.6686,-0.1087,-4.4589,-1.8983,-2.5488,-3.2522,-2.5634, 3.5593, 4.6568, 1.2826,-0.8677,-2.2952, 2.6636,-2.2841,-4.6431,-0.5999, 0.7802, 3.9593, 1.9953, 4.4945, 2.8512,-3.9568,-1.8552, 0.2755, 2.1689, 0.1320, 2.6997,-3.4246,-3.3929,-1.9193, 3.2177, 4.0025, 0.1066,-3.9482, 4.5249, 1.6892, 2.8485,-3.2269,-2.3989,-4.9418,-4.3031, 2.2488
-3.1918, 3.5814,-3.5546, 0.3246, 2.8504, 4.6303, 4.1568, 3.0466, 0.9176,-3.5600,-0.5160,-4.8660, 2.3296, 2.6839, 0.0670,-1.3091,-0.2751, 1.0662,-2.5267,-3.8007, 0.2457, 3.4236,-0.2918,-4.8030, 3.9515,-3.3632, 2.5910, 3.5760,-3.3615, 3.5729,-2.9953,-1.3376, 0.6373, 1.1312, 2.0477,-1.6328,-3.6732,-2.8228, 2.4626, 4.5724,-4.3162, 2.5243,-0.8183,-0.3454, 1.1876,-2.0321,-4.8172, 0.9372, 2.7815, 4.0072, 1.4605,-1.9671, 0.2621,-4.2740,-3.8310, 3.3747, 0.0844, 0.9789, 0.9022, 3.7233
 4.2561,-1.0758, 4.7005, 3.2345,-3.2571, 1.7387, 4.8312,-2.3692,-4.1416,-3.6864, 0.2742,-4.5366,-1.0906,-1.4462,-3.4291, 0.9351, 3.0146,-1.5584, 2.5347, 4.0658, 4.4726, 1.2892,-4.5953,-0.2363, 2.7131, 4.4999,-1.9870,-2.5856, 3.9337,-0.2079,-2.8529, 0.9651,-2.5259,-4.8821,-4.5865, 0.4404, 0.6455,-2.5387, 0.7879,-0.6380,-2.0301,-3.8822,-4.6683, 2.9855,-3.0887, 0.6498, 4.7151, 3.4521, 1.8512,-4.6761,-3.9374,-0.0956, 0.7988, 1.7323,-4.4727,-0.5367,-3.8357, 1.6279, 3.8439, 3.9790
 2.7971, 3.0272,-2.4969,-3.0287, 2.5101,-1.5499, 2.2161, 0.8668, 3.9710,-3.0387, 0.9425, 0.1445,-2.0117,-0.0519, 1.4974, 4.8386, 2.7046,-3.1681, 1.2168,-1.7988,-2.5720,-1.5920, 3.1113,-2.7310, 2.2303, 1.2762, 3.3664,-2.3856,-3.6278, 0.5010,-2.9642,-4.5438,-2.1105,-4.3392, 1.9657, 2.3291,-3.3414, 1.2743,-1.9036, 4.7533,-0.1099, 1.5777, 2.0633, 1.7777,-2.3310,-4.4658, 2.6108, 1.8515,-4.6517,-4.0131, 0.5185,-4.9594,-2.2867,-3.6033,-3.8894,-4.5973,-0.8891,-1.7251, 0.1088,-3.7418
 0.1468, 1.0728, 0.3513, 3.7343, 3.2644, 3.4383, 1.7905,-3.1968, 1.8876, 0.6308,-4.3796,-4.5590,-4.7530, 3.5704,-4.6231, 3.4150,-0.6695,-0.2801, 0.3648,-3.4914, 2.5901, 0.4760,-0.6346, 3.0542,-1.1886,-4.0260,-2.2135,-1.4867, 0.6234,-4.9016, 0.2517,-3.2937,-2.3170, 1.7476, 1.7419,-2.6154,-4.5132, 2.3370,-0.8235,-4.8849, 1.0442, 2.4157, 3.1443, 0.7737, 4.6036, 2.2117, 1.8919,-2.9137, 2.0339,-0.1804, 0.4912,-2.2452,-4.9248,-1.6568, 2.9521,-3.2302,-0.0757,-3.4538,-4.5629, 0.9209
-3.3053, 3.1843, 1.6719,-1.0217,-3.3288,-4.6747,-2.1520, 2.0418, 4.8715, 0.7924, 4.8033,-1.8852, 3.8592, 3.7672, 1.9706, 0.8337,-2.3598,-2.9606, 0.1185,-1.1352, 0.3525,-1.8659, 1.3730, 0.1403,-3.2804, 2.0340,-4.7350, 4.8823, 2.1867,-1.8169, 0.9294,-2.6726, 2.6014,-2.5768,-4.5306,-1.4151, 1.4373,-0.7381,-2.5869, 3.5937, 2.4048,-1.8579,-3.7539,-0.9091,-2.5985,-3.0381,-4.2367, 1.8360,-3.6805,-1.9741,-3.4718,-3.0002, 2.2788,-2.5841, 0.2811,-2.9234, 4.3980,-2.6721,-2.5928,-0.6782
 4.7529, 1.9358, 4.7831,-3.6535, 3.5224, 1.0930,-2.6916,-1.6912,-0.6258, 3.7492, 0.3081,-0.5531,-0.9045,-0.5073,-4.5984, 0.8709,-2.4615, 2.2718, 3.4447,-0.4236, 3.9680, 3.7970,-3.1043,-0.4847, 1.1428,-3.7245, 4.5657, 3.4683,-2.0778,-1.3805, 1.2463,-0.6042,-1.7123,-3.2644,-4.8271,-0.8640, 0.5080,-0.3524,-2.9872, 1.1330, 1.9318,-3.8082, 3.3035,-4.7862, 4.3092, 2.2136,-2.4652,-3.5504, 3.3752, 3.6934,-1.1970, 2.2457, 1.3351,-1.8171, 2.4255, 3.1674, 4.6092,-1.2014, 4.5459, 2.0626
 4.2034, 2.9479,-4.5105, 3.4881, 3.1247,-2.3846,-4.2269, 4.9127, 4.3924, 2.5385,-0.1831,-1.4610,-4.2908, 3.2620,-4.0684,-4.0033,-0.4107,-2.9107,-3.9746, 1.4939,-2.1532, 1.1185,-4.4838, 1.6310,-0.2960,-2.6762, 2.9241,-1.6283,-2.8732,-4.7459, 2.3170,-1.1199, 2.7991, 2.0677, 1.9460,-0.8349,-1.4843, 4.6787, 2.3364, 3.1046,-3.6492,-2.8704, 0.6488, 4.9642,-1.3385, 3.0505,-4.9622, 2.4651,-3.3852, 3.2099, 0.6147, 4.6984,-0.1970, 4.2160,-0.4132, 2.6723,-0.0053, 1.4359, 1.7340,-2.7473
 4.7242, 1.7698, 1.9062,-3.0818,-2.2043,-4.0692,-0.7980,-0.2132, 3.3340,-2.5052,-1.7559,-2.1629, 3.1123,-4.0978,-0.2321, 0.0986, 2.6059, 3.0670,-1.0304, 1.0330, 1.4415,-4.5367, 3.9420, 3.7940, 3.7809,-2.8558,-3.1652, 4.1904,-4.8520,-2.6936,-3.4293,-2.5880,-1.6581,-0.8450, 3.6793,-1.0333, 1.3272,-0.4108, 2.3655,-2.6383, 1.0150,-1.4843, 2.4655, 4.1833,-0.3078,-0.9456,-1.2144, 0.2892, 3.9948,-4.4679,-3.0516, 2.8753,-1.5778,-1.9127,-1.2548,-4.2580,-0.5236, 1.1230,-0.3864, 0.9798
 4.2457, 0.6759,-4.4318,-3.3389, 0.2683,-1.6699, 1.9485, 0.9650,-3.0017,-0.7988,-4.8751,-1.9396, 2.1726,-0.1103, 3.2704,-3.7931, 0.9871, 3.9637, 3.1253, 4.2999, 1.8145,-4.9906,-3.6805, 1.9293, 4.4350, 1.1548, 1.4158, 1.8850,-3.5799, 3.3773,-4.4958, 3.1584, 0.9345,-0.5782,-4.2744, 0.6945, 2.9422, 3.9301,-2.2110,-3.0951,-1.5012,-1.1627, 3.9802, 2.7394,-4.6586, 3.6075,-3.7310,-1.0121,-0.3550,-4.7486,-0.5769,-4.9697, 1.8713,-4.5130, 3.6041, 0.3745, 1.4308,-3.1957,-4.0223, 1.4682
-1.1896, 2.7922,-0.9664, 0.3185, 0.9546,-0.3171,-2.9425, 3.1342,-1.6547,-1.3927,-1.0340,-0.2057,-0.9794, 1.8966,-2.1951, 4.9415,-2.5533,-1.7042, 1.4870,-0.4990,-2.3716, 2.2598, 1.4092,-2.9213, 4.3953,-1.1566,-0.6184, 2.1381, 1.1055,-3.0505,-0.5313,-1.9669,-3.6618,-4.1347, 2.5998, 4.7720, 1.8481, 0.5373,-2.8987, 2.7644,-0.1062, 0.3403,-0.5256, 3.2056, 1.8360, 4.9030, 2.7663, 1.8987, 1.6697, 1.9798,-4.5414,-3.1727, 2.4767, 4.5708, 1.6029,-0.6624, 3.9797, 3.0492, 0.5228, 0.9266
-4.1186,-1.5271,-1.5888, 4.8201, 1.0403,-4.5787,-1.5470, 3.1430, 2.3287,-2.5659,-1.0605, 2.6850,-0.1257,-0.6756,-0.5522,-3.7524, 0.2928,-2.0864, 3.3028, 2.1954, 0.2846, 3.8228,-3.1102, 4.7653,-2.8302,-4.1937, 3.7814, 0.6668, 3.9593, 2.9473,-1.6160,-0.3752,-1.6607, 4.4305, 2.1909,-0.4799,-1.8306,-3.9070, 2.5670,-4.3877,-2.1136, 3.6347,-3.4042,-1.3089,-3.0643, 4.4731, 1.9022, 0.2473,-0.8415,-0.8849,-1.0326, 0.5266,-2.1878,-1.3603, 3.5255, 1.4783,-1.3389,-3.4525, 4.4335, 0.1279
 2.1644, 4.9700,-3.9154,-0.6029, 4.3234,-4.5861,-4.2345, 2.7642,-3.3695, 0.5154,-2.8553,-0.7570,-2.9170, 1.0792,-0.3285, 2.4947,-0.8485,-2.1345,-0.3850, 1.4132,-2.6583, 4.1990, 1.3983,-3.0791, 4.2851, 4.0141, 2.1350, 1.7386,-2.6439,-0.6291,-4.9744, 1.3785, 4.2683,-0.6041, 4.3100,-4.3724, 1.6844, 0.8962,-0.3984, 3.2456,-4.4900, 1.7194,-2.6391,-4.8173, 2.3153, 3.0537, 0.1017,-2.6867,-2.2022,-4.2780,-3.7813,-3.2572,-2.1467,-3.8607,-3.1255, 3.8704, 0.5734,-3.2739,-1.1761, 0.4209
 2.3368,-0.4251, 3.5723, 1.7060,-4.7632,-1.5454, 4.6651, 2.8682, 3.3137,-1.5634,-2.7073,-1.9514,-2.2448, 3.2158, 4.8006,-0.3574,-1.4556, 4.9620,-1.5754, 1.5944,-4.4838, 2.1110, 3.3340, 0.1528,-4.8781, 1.4860, 0.7985, 2.1150, 3.6694, 3.2157,-0.6037,-2.3539,-0.7609, 3.1287,-0.1994, 2.3764,-0.1170, 0.1977, 2.1224, 3.8607,-1.1966, 2.3789,-3.8688, 2.9497, 4.0399,-3.0237, 0.6651,-0.1117, 0.5895, 2.0956,-4.2748, 1.9517,-1.9288, 4.8501,-0.4498,-2.3868,-0.6886, 3.5706,-0.4894,-4.7622
-4.3166,-3.6499, 1.0930,-4.3438, 3.2249, 3.0847, 4.9586,-1.8505,-3.8354,-4.9479, 0.9151, 4.3866,-4.8220, 1.8016,-4.8255, 3.8655,-1.4109,-2.0807, 4.2404, 0.8883,-0.7885, 1.4666,-1.9442, 4.7820, 1.1001,-2.1207,-3.9753,-1.6428, 4.6782,-2.7081, 2.4101,-2.6144,-4.5491, 3.0472,-4.2887, 4.6162,-4.6106,-1.3337, 4.0175, 1.1465,-4.0169, 0.0583,-0.6102, 3.1137,-2.4534, 1.0621, 0.0617, 0.9617,-2.5566, 4.7120, 3.2514,-2.2226,-1.2823, 2.6743,-2.7149,-4.1693,-0.9193,-0.0211, 4.4102, 0.7117
 3.0087, 2.5501,-1.7568,-1.7247, 3.4883,-2.5105, 0.8496,-0.2532,-2.6075, 2.6934,-2.5140,-1.7598,-4.7805,-2.9966, 3.2944,-4.1021, 3.1146,-4.5864, 2.7780, 0.0781, 1.2541, 1.5304, 3.5744, 1.4594,-1.6288, 2.8362,-4.0097,-1.3528,-4.4720, 2.0139, 4.3331,-2.8272,-0.3704, 0.2845,-3.6678,-2.4616, 4.2439, 1.6632,-4.0673,-1.5877, 2.8169, 3.9155, 4.5413, 2.9863, 1.1101,-2.4603,-2.7544, 2.6059,-3.9382, 2.1768, 2.8644,-3.3078, 0.7149,-4.7270, 3.9825,-4.3003,-4.7234,-1.8050,-0.9711,-4.6309
 3.0122, 4.3499,-4.2909,-0.0980,-0.7287, 3.1698, 3.5715, 1.7542, 2.9111, 0.5073, 2.9310, 1.2371,-0.7784, 0.4260,-0.5363,-0.6115, 4.1828, 4.1843,-2.4093, 2.8702,-2.1866,-1.6625,-4.8121, 3.9966,-4.7487,-4.5547, 0.3950, 2.9643,-2.2035, 3.9438, 2.8710, 0.8811,-4.3236,-4.3218,-2.8273,-3.4090, 0.5558,-2.3515,-2.9714,-4.9382, 2.7005, 1.3526, 4.3494,-1.4308, 3.8721, 4.0574,-0.6419,-0.8121,-2.8652,-0.6158, 4.7034, 0.6629,-3.1795, 4.4148,-1.4898, 0.0634, 0.2491,-2.3855, 1.0202,-4.5364
 1.0005, 0.2314, 2.0394,-2.0932, 1.4738,-3.9962, 1.5532,-4.8215, 3.5601,-2.1375,-1.0658, 3.1973,-4.3951, 4.5814, 3.3390, 1.7801,-1.0314, 1.8323,-0.5723, 1.7806,-3.9176,-1.7958,-3.0330,-4.2479,-3.0704, 1.9071, 4.2097,-3.9783, 0.0861, 1.0781, 4.5376, 0.2863, 2.1818,-0.4166,-1.0911,-1.8919, 4.6642, 3.0395,-1.2466,-2.9610, 1.9406,-0.8913,-2.9365,-3.2536,-3.1680, 4.1224,-2.5749,-3.1790, 1.8657, 2.3377, 1.3533,-0.7258,-1.5297, 2.9761, 2.4095,-0.8755, 2.0221, 0.2928,-0.3913, 2.4503
 2.0878, 3.9067, 3.4539,-3.4856, 2.5190, 3.1827, 3.3616, 4.7786, 2.5879, 1.8821,-3.9512,-1.0152, 0.0398, 1.7660, 3.6021, 4.0774,-1.0238,-2.2724,-1.1377,-1.7028, 0.0594, 1.4600, 4.9333,-2.5235,-2.3928, 0.0391,-2.9609, 4.9368, 0.3829,-0.7561, 3.8796,-2.2854, 2.1807,-4.2894, 0.0294, 0.0865, 2.7234, 2.8940,-2.0000,-3.9529,-2.8721, 3.0000,-1.7088, 3.4767,-2.9522, 3.9971,-2.6667, 0.6941, 1.1246, 2.1032, 0.3028, 0.5619,-1.0807,-4.9726,-2.2007,-1.0242,-1.1215,-1.2724,-3.8532, 4.5385
-0.7742, 3.1254, 4.6999, 4.2658, 4.1678, 4.2137,-2.2518,-4.1584,-2.5476,-2.4835, 1.7888,-3.2413,-0.9943, 2.3682,-2.5499,-1.9132,-1.9150,-2.6218,-3.2858, 4.1753,-0.6409, 4.2270,-1.1823,-4.2280, 0.8616, 4.7746, 3.1453,-0.9234, 4.3464,-0.3825,-0.1291,-0.7924, 4.3462, 3.4560, 4.4757, 0.3346,-2.2111, 4.3094,-0.1928,-0.9660,-3.6656, 0.8193,-1.6324,-3.6862, 0.2853,-0.6115, 0.1310, 1.5840, 1.6308,-3.4384,-1.5418, 2.1580, 2.6276, 3.4439,-4.0871,-0.5490,-0.4074,-2.0839, 0.2047, 1.1084
 3.7142,-2.2881,-1.6484,-3.8144, 4.4414,-1.2298, 3.2785,-4.1120,-3.3439,-3.2850, 1.4026, 1.8126,-4.6273, 2.2859, 2.2617, 4.6900,-4.1266, 0.2640, 0.4371, 2.5493, 4.6158, 2.5767,-2.0401,-2.4971,-0.2936, 0.1792,-0.1697, 4.7842, 2.0494, 1.4985,-4.1632,-3.8724,-0.4258, 2.8329, 4.7272, 2.9991,-3.7331,-1.6757, 2.2730, 3.2899, 3.2620, 0.6716,-4.4291,-1.9533, 0.9066,-1.0407, 3.1427,-4.1430, 1.0707,-2.8314,-0.1078,-4.0843,-4.2733,-1.0159,-4.4901,-3.3423,-0.0864,-1.3507, 1.3527,-2.2526
 2.8601, 0.8207, 0.6260, 4.2820, 0.5342,-1.6305, 1.7812,-4.5347, 1.7783, 4.0615, 4.6530,-1.0991, 2.8799, 4.2092, 4.3244, 2.2066,-1.9268,-1.4933,-3.5934, 2.8737,-2.1705,-1.5222,-2.5357,-2.6975, 0.7305,-4.3827,-2.6817, 0.6050,-2.6550, 4.5501, 4.7165, 3.6962,-4.3867, 4.8053,-0.1328,-2.8594, 1.3805,-4.1504,-0.8494, 2.6619,-2.7193,-1.3894, 0.8034,-3.8578, 1.3441, 3.4036, 4.7134, 0.9705, 3.6174, 0.5695,-1.6398, 4.1642,-2.4864,-3.8285, 4.2050,-0.4538,-3.1127, 0.8190,-2.2856, 1.9594
 0.1076,-3.6905, 4.1072,-3.0400, 1.1187,-4.9914, 0.7379,-2.0112,-0.2420,-4.9202,-4.4479,-1.5585,-0.4219,-4.5417,-3.7457,-3.1632, 0.3570,-0.8916,-3.6602, 3.8022, 1.6392, 4.8453, 2.7871, 1.1308, 2.8342,-3.4691, 2.4398,-4.4255, 4.8997, 0.3264, 1.0863, 4.6669,-4.4217,-4.2631, 3.5226,-1.4649, 3.6237, 3.3679,-0.4627, 2.0178, 1.1004, 3.6240, 3.0814, 0.6636,-1.8868, 3.2165,-0.8089, 0.2416, 4.4526, 1.2622, 4.8405, 0.1494, 4.5348,-2.8826, 4.1771,-4.3295, 4.6581, 4.9244,-2.6644,-3.3629
-1.5736, 0.6928, 1.4087,-0.7486, 4.7166,-4.5674, 4.1576, 2.7571, 4.3736,-2.6706, 1.4293, 4.1385, 3.6272,-1.3979,-4.7269,-3.9292,-4.3234, 1.9042, 2.2579, 2.0828, 4.9521,-3.7445, 1.1454,-4.9090, 2.2533,-1.2089, 4.8355, 0.0793,-2.1973,-1.2663, 0.3842,-0.0251, 4.0840,-4.7799,-3.7226, 2.8405, 3.7682,-1.4364, 4.4995, 0.1434,-0.4387, 2.2477,-4.5381, 3.0285,-3.6567, 1.0210, 2.0950, 1.5148,-3.0542,-2.5706,-3.5411, 0.4746,-0.0928, 2.4912,-1.6123,-3.6896, 1.8276,-0.9778,-2.3091, 3.7483
-3.0831,-3.9404,-2.6444,-0.0260, 2.0541, 1.4708, 0.0753, 0.5342,-1.9043, 0.6589, 3.9469, 3.8334,-4.9799,-4.9673,-0.1119, 0.4753, 1.1109,-1.3081, 0.2397,-3.7758,-3.3869,-1.3771, 0.3529, 4.2655, 2.5106, 0.8505, 3.4204, 0.8512, 1.2116, 0.0710,-0.5993, 2.6890, 2.6151, 1.4790, 1.2295,-1.7729,-2.3890, 1.7613,-0.5646, 4.2631, 1.8430, 2.6535, 4.8267,-1.4504,-4.6643, 3.0062,-3.7205, 1.6053,-4.5417, 2.7446, 4.7259, 1.9550, 2.7179, 1.1399,-0.3209,-1.3227, 0.9477,-3.1079,-3.4949, 3.4750
 3.3130,-2.9055,-1.4800,-4.6983, 0.4904, 0.2966, 0.6857,-1.9898,-0.5324, 3.6412, 4.7441, 0.7570,-3.5962, 1.5383, 1.0240,-3.1489, 4.6723,-4.6386, 2.2939, 2.0981, 1.8954, 2.2415, 1.4804,-1.9363,-3.9492, 1.7781, 3.5332,-4.4035, 0.7886,-1.6460,-1.1968,-3.5656, 1.4505, 3.0468, 2.0514, 2.4846, 4.1464, 0.8900,-4.7649,-0.9524, 2.3514, 3.8806,-1.3007,-3.8731, 0.0950, 3.2025,-1.5364,-0.8065,-4.2704,-2.5758, 4.8910,-4.7176, 1.3387, 1.8973,-4.4679, 1.5241,-4.9736,-1.8596,-4.3747,-0.0945
-1.9473, 0.8629,-2.4579,-3.2010, 1.2613,-2.1025,-4.1819,-1.2959,-0.5587, 0.5948, 1.8388, 0.0916, 3.7652, 4.6112, 0.1987, 2.8104,-3.1459, 2.1019,-2.6360,-1.0116,-1.2684,-2.9833,-1.2147, 0.9060, 0.1418, 2.1244, 1.4987,-2.5412,-0.3719, 1.4886, 2.2974, 1.4359, 0.3293,-2.2803, 4.8289, 4.1532,-0.5669,-3.6853,-2.5939,-2.4158,-3.4895, 2.5338, 4.6353,-4.3873, 4.2772, 0.5976,-0.1624,-3.3280, 4.8108, 0.4123, 2.9533, 0.5560,-3.7967, 1.4929, 2.3308, 3.2981, 0.1804,-2.7596, 2.6158, 3.9136
 2.1789,-1.9534, 2.9362, 2.3051,-1.6884, 0.6085, 2.4024,-1.4409, 2.9264, 3.8217,-0.6502,-1.2008, 4.1459, 3.8792, 3.2487,-0.3646, 1.7592, 4.1432,-4.7311, 4.1756,-1.0495, 3.3181, 0.4476,-2.9061, 3.8973, 4.9193, 1.5965,-4.4905,-0.5583, 3.1476, 2.4518, 0.1911, 0.9207,-2.9412,-0.0362,-4.6033,-2.9651, 2.9892,-4.3257,-0.9734, 4.2178,-1.1312,-1.3994, 0.5474,-0.4358, 4.3624,-2.2605,-0.2942,-2.5913,-1.7802, 0.3840,-0.5437, 4.0388,-0.6063,-0.4708, 1.0657,-1.6089,-1.5038,-3.3702,-4.7476
-0.6688, 2.1501, 2.7156,-0.1196,-2.1599, 4.8244,-2.4530, 2.1640,-4.9040, 4.7695, 1.1235, 2.6001, 1.6067, 2.0166,-1.3133, 3.5812, 2.3499, 1.0353, 4.9255,-0.0443, 1.0465,-2.8430,-4.4402, 3.6456,-0.6279,-3.9964,-2.1342, 0.8773,-0.3989,-3.1991, 2.0053, 2.3172, 2.2480,-0.0062,-1.4297,-3.3174, 3.8320,-3.5690, 3.2901,-0.2408,-0.8821,-4.8882,-0.9388, 4.9085,-1.2100, 0.4739,-1.5511, 2.8774,-0.3179,-0.5583,-3.1513,-4.9290,-0.5652, 1.6997,-1.7334,-1.3624,-3.9762, 0.5844,-3.1248,-3.1657
-4.0158,-2.4349, 4.4617,-2.9822,-1.3083,-1.9456,-3.5211,-3.4435, 2.8096,-0.0966,-4.3236,-4.8942, 4.4930, 2.1305,-4.1797, 2.0845, 4.4134, 1.2356,-4.5524, 3.6636, 1.2232, 0.1031,-4.5455, 2.9628, 0.8504, 4.6721,-0.4819,-4.7432, 4.9781,-2.9717,-0.7280, 1.7742,-3.4475, 1.2896, 0.0529, 1.0811, 1.2401,-0.8193,-0.0032, 1.7425,-4.3961,-0.8198,-3.7175,-2.8868, 2.6644, 1.2420, 4.9364,-1.2317, 2.5301,-0.9064,-2.4848, 1.7303, 2.8354, 2.5648, 1.3951,-2.5393,-3.1235, 0.7118,-0.2130,-2.4453
 3.2790, 1.2254, 4.2811, 3.3585,-1.8014, 4.2683,-1.0054,-4.3225,-4.8984,-1.5588, 3.3497,-4.6934, 2.9114,-1.4682,-2.5726, 2.3781,-4.6431,-4.1149, 2.8735,-4.5228, 0.0379, 0.4089,-0.9808, 2.5976, 0.8940, 3.7491,-2.7930, 0.0318, 1.6342,-0.8074, 3.2254, 0.8138,-1.7126,-4.5094,-0.5207, 3.7420, 0.0987,-2.3640, 0.8199, 0.1210,-4.5445, 1.6625,-1.4312,-2.2105,-4.0138, 3.4487,-3.4285, 0.6621, 4.8072, 1.8537, 4.0862,-3.8366, 0.3104,-2.6847,-4.9743,-3.9602, 2.1865, 0.1210, 0.2509,-1.2491
 0.0698,-4.3025,-1.2653, 2.2673, 1.1995, 4.6005, 2.7468, 4.6206,-1.5847,-0.6177,-2.7321, 3.0165,-1.3093, 4.6568,-2.3260, 4.3419,-0.5705, 0.7708, 0.6585,-0.1173,-4.8796,-3.6137, 2.0782, 4.7965,-3.0978,-1.7235,-1.3102, 3.4057,-1.8905, 2.5006,-0.7323,-4.0435, 2.4020, 0.2029,-3.3522,-0.7306, 3.1922,-1.7303,-1.1941,-2.1683,-2.2175,-1.7232,-4.7571,-0.8363, 3.8271, 4.1911, 0.1087,-0.7170,-4.9989, 1.3375, 0.6166, 1.8377, 3.2588,-1.7222,-2.0758, 1.9129, 2.7579,-2.1343,-1.3202, 3.8105
-1.5699,-4.7847, 0.9628, 3.7748,-1.6522, 2.7055, 3.8400,-1.4620,-2.2321, 1.5362,-4.2365, 1.9361, 0.2555, 0.0791,-0.0929,-2.4736,-3.6950, 4.5558,-3.0687, 3.9671,-0.3983,-4.8216, 0.8279,-3.6694,-4.6131,-3.9068,-1.9666, 3.1013, 4.5504, 1.2264, 4.5729,-3.7526, 3.5118,-4.8255, 0.9624,-2.5937,-4.3516,-4.3273, 2.7259, 3.8835, 0.9401,-0.5403, 2.9418,-0.3967,-4.6570, 1.0595, 1.1704,-0.3608, 4.3263,-4.1334,-1.3777,-0.6747, 4.4101,-4.2290,-2.0372,-3.7947, 4.7823,-1.6761, 0.8591,-3.1606
-3.3596,-1.0428,-4.2564, 3.5847, 4.5945, 1.8598, 3.2712,-3.9959, 0.2368,-2.6383,-2.3429,-2.3800, 3.3908,-4.8454,-2.0258, 1.9336,-3.1163,-1.9266,-1.6182,-1.4670, 3.2215, 2.2747, 0.4181, 4.0106, 2.0689, 2.4557, 0.3867,-3.2951,-3.8377, 2.5592,-1.9237,-0.9231, 2.3170,-3.9208,-2.3576,-4.5960,-0.0612, 2.9436,-2.6021, 4.0302,-3.9825,-3.7041, 0.8047, 3.2016, 2.9276, 2.4186,-1.8309, 0.0060,-4.4178, 2.8666,-1.4688,-3.0264, 3.6439,-0.4037,-3.5733,-4.5026, 2.1549,-4.5992, 0.1491,-1.9927
 1.9898, 3.9378,-3.3970,-3.5237,-1.1051,-1.5882,-4.7444, 2.3327, 1.6639, 2.3647,-2.7793, 2.4237,-4.8547, 4.0033, 0.0283,-1.6896, 1.5466, 3.8948,-0.8256,-1.2937, 4.6018, 4.0007,-2.3690, 3.8656, 2.9516,-4.5189, 1.0543,-1.1705, 1.6160, 4.0916, 3.3259,-3.9567,-3.1569, 4.8247,-1.6883,-1.3058, 1.6298,-4.8991,-1.4881, 3.1861,-1.9315,-3.9959, 4.3646, 4.2965, 4.5893,-1.1452, 1.8877, 0.4910, 0.8927, 1.2490, 2.9642,-0.4379,-1.5002,-2.5463, 0.8107, 4.5660, 2.9152,-0.4364,-1.5548, 3.8495
 3.3178,-4.6704, 1.4957, 3.7688, 1.2216, 0.7031, 4.0385,-3.6985,-3.3532,-4.0859,-0.5798, 0.6211, 4.8768, 2.2814,-4.0873,-1.1907,-3.0064, 2.2156, 2.1785,-2.3671,-4.9948, 0.1766, 1.6859,-2.2530,-2.4744, 4.7212,-0.2260, 4.7770, 4.5906,-0.2428, 0.8936, 2.9778,-0.8435,-0.1120,-2.2817, 0.9776, 4.5610,-4.4675,-4.0304, 0.3523,-0.8172, 2.2658, 2.2354, 4.1395,-4.0927, 2.3395,-3.2583, 3.2092,-0.9074,-3.7527,-2.4746,-0.7599,-4.3247,-2.7727, 2.4368, 0.2560,-1.8432, 4.3874, 1.4165, 0.8775
-1.3986,-1.2893, 0.4117,-0.8290,-0.4212,-4.9086, 0.4538,-1.4458,-0.7506, 4.2836,-3.3652,-3.0717, 1.0756,-4.1243, 1.3323,-0.9557, 4.7490,-1.8575,-4.4205,-1.2417, 4.6032, 3.8209, 2.6555,-4.0942, 0.6210,-1.5916, 0.2965, 0.2521,-0.8799,-2.0048, 2.1283, 2.4853,-2.7740, 3.7538, 4.8723, 4.1830,-3.8859, 2.8171, 0.7001,-0.9731, 4.7941,-1.6318, 4.3220, 1.0616, 0.3643, 0.5260,-1.1890,-2.6337,-0.9738, 2.7774,-3.5497,-1.3624,-1.1722,-3.3399, 1.9656, 1.4945,-1.9298,-2.1925,-2.0425,-1.4299
-1.3777, 1.8759, 4.5015,-1.6404,-1.7992,-3.8304,-3.1553,-4.5377,-4.8483,-3.1763,-2.1772, 3.0406, 3.6949,-0.4166, 1.5078, 4.9770, 0.2624,-2.9973,-3.8334,-4.7406, 4.9951, 2.8561,-1.3900,-2.6327, 0.2644,-4.8986, 2.8679, 3.4314, 2.0273,-2.6676,-3.0687, 0.8222,-1.3777, 2.6659, 2.7634,-3.1741,-4.1245, 1.2544,-0.9360, 2.7074, 3.9490, 1.0058,-1.7923, 3.4827,-3.6282,-4.4182,-0.9722, 3.7945, 3.2811,-0.1425, 4.3959, 1.9104,-0.0383,-3.1726,-3.8292, 0.7769, 3.9014, 2.6709, 1.6475, 1.4315
 0.1796,-4.9612, 2.7402,-3.2248,-0.4518,-0.7820, 2.4027, 1.1135,-0.1939, 2.3293,-2.6910,-4.5860, 4.3499,-2.6861, 1.3115,-1.9332, 3.2255, 1.8073, 3.0105,-2.8585,-4.9865,-1.8372, 3.7711,-2.1231, 3.7907,-4.8747, 2.6926,-2.3946, 1.2023,-1.8258,-4.4816,-1.9431,-3.2947, 0.4207, 4.5957, 0.1878,-0.9212,-0.4160,-0.4471, 3.4473,-4.9103,-1.9722,-0.0911,-3.5123, 4.7704, 3.8736,-0.1327, 1.6073, 3.0640,-3.4301, 1.7973,-4.8228, 3.5852, 1.9614,-4.7160,-0.9595, 4.1944,-3.4237, 3.3363,-2.3314
-4.8035, 2.6463,-1.8461,-1.3505, 4.2897,-2.1427,-3.4438, 3.1865, 4.6214,-1.5887, 1.8126,-0.7071, 0.7203,-1.8134, 4.1078,-2.9496,-4.5472, 0.6420, 4.3144,-3.2740,-0.0959,-2.4157,-1.4086, 0.4194,-0.7888,-3.6192,-0.3711,-4.9104,-4.8015, 4.3517,-2.3409, 1.8978, 3.3471,-1.9631,-4.2753,-4.7103, 4.6165, 4.3491, 3.9805, 1.5938,-2.3540, 4.6484,-2.4099, 2.8827, 1.0793,-2.4937,-3.3541, 1.2204, 3.9348,-1.1607, 2.4236, 4.6696,-4.6046, 0.9643, 1.7686,-3.6455,-3.2685,-2.8639, 3.6936, 3.4864
 3.7061,-2.2930,-1.4577, 1.7476, 1.3777,-0.1450, 0.3947, 1.6899,-0.9496,-4.7248, 1.8744,-0.8235,-1.6214,-3.8812,-2.5846, 2.5399,-1.6072, 2.8887, 1.8675, 0.4935, 1.0899, 1.3663, 1.4369,-0.8180, 0.2171, 4.2775,-3.3424, 0.6794, 0.5311,-3.5578, 4.0892, 2.8697, 2.4800, 4.8826, 3.7799, 3.6184,-4.1023, 1.0418,-4.6870, 2.8472,-2.8639,-1.4286, 1.2996, 3.1564, 3.1476, 3.7180,-0.5038, 3.3702,-1.4318,-3.7802,-2.2987,-1.4955,-3.7593,-1.5798, 0.7092, 2.8401,-3.3886, 3.0302, 2.9049, 4.1060
-0.7105, 4.6124,-2.2267, 1.5361, 2.1942,-3.7857, 1.6935, 2.4927, 4.6752,-0.2646, 2.8349,-0.3773, 2.4311, 1.0350, 3.4060,-1.1615,-0.0866, 2.8343,-3.8885,-2.3055, 1.7438, 4.5596, 2.6695, 3.2084,-4.0612, 3.5651,-4.1085, 4.3321, 1.7148,-4.8251, 1.8863,-4.0926,-4.0451,-0.3706, 2.0658,-4.6882, 2.7081, 4.6253, 4.2252, 3.9035,-2.7959, 1.7425, 1.5697,-0.8849, 1.5137, 0.8654,-1.0409,-2.6961, 2.7565, 1.5012,-0.1717, 3.2346, 3.4188,-2.6720,-1.7489, 3.7659, 1.1049,-1.9963, 3.5208, 0.9240
 1.8748,-0.2493,-2.6642, 0.7610,-1.5330, 1.6109,-1.4178, 2.9421,-0.1235, 3.5776,-2.4017,-1.5102,-3.2045,-4.9701,-2.6335, 4.4957, 2.3418, 4.1561,-0.9546,-2.9660,-2.6984, 1.5654,-4.7122,-2.8233, 0.5435,-2.7709,-2.2108,-2.9331, 2.9756,-0.2885, 2.2619,-0.5104,-4.8944, 3.0071, 1.9555, 1.8632, 0.1243,-1.5960, 4.7880,-1.9098, 3.7100, 2.1028, 1.4547, 1.5141,-4.6498,-3.7516,-2.1448,-3.4180,-0.5030,-4.7078,-1.4287,-2.7417, 0.8005,-4.1632, 0.5725, 1.1109, 2.3021, 4.7664,-2.8949,-1.0112
 1.9168,-2.6897, 0.2307,-3.9270,-1.5833,-3.7864,-4.1353,-2.0553, 3.0662,-0.2902,-2.7379,-2.8543,-3.6480,-3.7612,-4.8359,-1.2513, 1.9628, 4.3925,-1.2259,-1.7192,-3.7297, 0.2709, 0.1101,-3.2404,-0.7360, 0.0106,-4.9728,-1.1996, 1.7368, 3.5782, 3.6869, 2.7286, 2.8062,-2.2140,-3.2033, 0.4565, 3.7150,-2.0924,-0.0467,-2.6311,-2.2029, 0.6669, 0.0106,-4.2408,-4.7952, 4.1715,-1.2604,-4.4143, 0.1118,-2.9112, 2.1807,-0.4001,-3.9299,-1.3870, 1.5849, 0.2597,-2.7942,-4.9979, 1.2208, 2.3772
 1.4429, 0.8775,-4.2194, 1.9607,-2.5922, 4.2731, 3.1911, 4.1474,-2.3910, 4.4203, 3.6925, 1.2192, 2.4632,-0.4709,-2.1619, 3.4087, 3.9190, 2.2340,-1.5751, 2.7381,-2.2449, 3.9851,-1.7240,-1.4412, 0.1816, 0.8855, 0.6139, 1.9038, 2.9701, 4.2766, 2.0634,-4.4679,-1.2504,-2.2995, 1.4647, 0.9462, 1.8782, 1.4963, 1.7627,-3.2089,-2.3993, 2.3206, 1.4521, 4.9601, 4.0887, 0.7928, 1.0894, 0.1056,-2.8425,-1.3062, 2.2788,-2.8612, 1.8072,-2.4409,-3.2133, 0.6395, 0.6970, 0.0101, 3.7171,-4.8537
-0.2694, 0.8097, 2.3620,-1.7696, 3.7675,-0.2369, 2.8845,-0.2507,-2.1046,-1.4136,-2.8838, 4.3611, 2.5026,-1.1196,-1.9212,-2.8722, 0.0795,-3.0407,-1.7072, 1.0006, 1.9323, 4.1442, 4.8032, 1.3562, 2.5164,-2.5543,-4.0622,-2.3831,-2.3380, 2.0412, 4.1024,-4.3283, 4.8030, 3.1145, 4.9293, 0.6497,-2.0883,-3.3811,-3.4689,-3.0001,-3.6824, 0.9905, 4.0768, 3.3201,-2.4184, 3.3316, 3.8484, 2.8501, 0.2033, 0.7630, 2.9728, 2.0084, 1.3419,-0.3942,-1.8340,-0.1099, 1.5122, 1.6211, 2.4218,-2.0741
