 3.5519, 0.3390,-1.9340, 1.2458,-2.8732,-0.0859, 4.6094, 3.9302,-3.4136, 0.0029,-1.9637, 3.4011,-1.4837, 2.0976, 0.5563,-2.3610,-3.3211, 0.2468,-3.8149,-4.3117,-2.4570, 3.5556,-3.1563, 3.5018, 1.4018, 3.2362,-1.6155, 2.4304, 1.3312,-2.9521,-4.9999,-1.7575,-1.1676,-2.6208, 4.6039,-2.3748,-0.3191,-0.0142,-1.8735, 2.2993, 0.9515,-2.3630,-4.9166,-2.4517,-2.7245, 4.5612, 2.7929, 3.2888, 2.0208,-2.0027, 4.6091, 2.6774,-2.1848,-0.4290, 2.1820,-0.0061, 4.6833, 0.2108, 3.3349, 3.1901
-3.2067, 3.2035,-3.0272, 0.3492, 3.9658,-3.6697, 2.8085,-1.1867, 1.7593, 3.5016, 1.5844,-4.2058,-2.2923,-1.9509,-1.0527, 4.8865,-4.5415,-4.6246, 2.4149, 0.8273, 4.8267,-4.0041, 0.8784,-2.1897, 3.1130,-0.3775,-1.9733, 1.4600,-2.1269, 1.5504, 3.8277,-2.8423,-1.7753, 2.5753,-4.3872, 2.1275,-1.7164, 3.7653, 1.2585, 3.9455,-0.2070, 2.2572, 3.7307,-0.7943,-2.3226,-3.4958, 3.3440, 3.1065,-1.9706, 3.0460, 3.1712,-2.1834, 4.1363, 1.4859,-2.0312,-2.8947,-1.4310, 1.1656,-1.6508,-3.7006
 0.5715,-2.0405,-0.3689, 4.6991, 1.7235, 0.6274, 4.4275,-3.0413, 2.6011,-3.3982,-3.3137,-2.4124,-4.2559, 2.5944, 1.2929,-2.7544, 0.3875,-0.9218, 4.3312, 2.1005, 2.9710,-0.4246,-1.3172, 0.2116, 4.0016, 2.0876,-3.6295, 0.7916,-2.9857, 1.0189, 2.4435,-3.6593, 1.0673, 2.5881, 1.2947,-3.6473,-4.0064,-3.6473, 2.3403,-2.7632, 3.1295,-1.1213,-0.3940, 3.8069,-2.2542,-4.8311, 0.7850, 1.7815,-2.2820, 3.0831, 1.8433, 1.8552, 0.6880, 3.4504, 1.2593, 4.7235, 3.1391, 2.0888,-3.3509, 1.8098
-1.7598, 3.9074,-3.3444, 3.3246,-1.9243, 4.7843,-1.7463, 1.8498,-3.1552, 3.0481, 2.3016,-3.5219, 4.3531,-2.2538, 2.1975, 2.3398,-4.2515, 0.2208, 0.2144, 4.8556,-4.6159, 0.1897, 0.6994,-0.2928,-1.5472,-1.1693,-3.6285,-3.2739, 2.2813,-2.0479, 0.1470, 3.2774, 4.4283,-2.9794, 2.1311, 1.9998, 3.4878, 1.2984, 4.9323, 4.4548, 1.1894,-3.2741, 0.5793,-2.7637, 1.7798,-4.9695,-2.0140,-1.8784,-3.9100,-2.9299,-3.6423,-1.8725, 1.9461, 4.7562, 3.8172, 0.5870, 1.9173, 0.8855, 3.0046, 4.7947
 1.3326,-3.2814,-1.7932, 4.2935,-3.7976,-2.0358, 4.2845,-2.1449,-4.0572, 4.9575,-4.0772, 4.7233,-4.5277, 2.0278,-0.1566, 4.9163,-3.0776, 0.8375,-3.6656,-0.6737, 2.8312, 1.4085,-4.9349, 2.8478, 0.8718, 1.8425, 0.8155,-1.6612, 3.0379,-0.2065, 4.0419,-4.7307,-0.1898, 4.2532,-1.7734,-2.8346, 1.0724,-0.9806, 3.7103, 1.1077, 3.0563, 4.5537, 0.1937, 1.8322,-4.2178, 4.7125, 1.2537, 3.3157,-2.9625, 3.7895,-2.1890,-1.6399, 3.5891,-3.0000, 1.4664,-3.2242,-2.3974,-0.7880,-1.7066, 4.1774
 1.3530,-0.3077, 2.9116,-0.6554,-3.8726, 1.9552, 4.3800, 4.7408, 2.3160, 0.3805,-1.6906, 0.3847, 4.2826, 1.2750, 3.7474,-2.1096,-2.7712,-4.3523,-2.2230, 2.3618, 3.6324, 0.3570,-2.0444, 3.9118,-4.5869,-3.6849, 1.8865,-1.3155, 0.9889,-4.0025, 1.5268,-3.7279, 2.1677, 1.3001, 0.0298,-3.9893,-3.1362, 2.2557,-4.1506, 3.2813,-1.5606,-2.4271, 2.4103,-4.6973,-4.4243,-2.5115,-0.9268, 1.9470,-2.2991,-4.9901,-1.4871, 3.7075, 3.4844, 0.9513,-4.7861,-1.0419,-0.5302, 1.9456, 4.5381, 2.5437
 4.1686,-4.9814,-4.1317,-3.6855,-2.9996, 1.8716,-0.0076,-2.3320,-1.8260, 3.6176, 0.4238, 1.7429,-2.9032,-0.6972,-3.0577,-0.1625,-3.8058,-0.2010, 1.9808,-3.8141,-2.8160, 2.5117, 2.2906,-0.6399, 1.7615,-2.9580, 0.5198,-4.3331,-2.2443, 4.0435, 3.0636, 0.2821, 0.6421,-4.3190, 1.0931,-2.4843, 4.4218,-1.0705,-4.9440, 3.9629,-3.7227,-3.4774, 0.8180,-3.5907, 2.2134, 2.4273, 0.7622,-0.5733,-4.7506, 3.2774,-1.1734, 2.3898,-0.4828,-2.3249, 4.5808,-2.2703, 2.1113, 1.9044, 1.8255, 2.2164
-1.8731,-1.4828,-1.1096, 3.0857, 0.3393, 3.9026,-4.4098, 4.7627, 2.5318,-0.3675,-4.6195, 2.7138,-4.3439, 3.1372,-2.6637,-1.3025, 4.3392, 1.7847,-3.6297, 4.2030,-4.9928,-0.5958,-1.2621, 2.7096, 2.6266,-1.2239,-4.1721, 1.0885,-3.1904,-4.4743,-3.5696, 4.4400,-2.5633,-0.6633, 1.0268, 4.5742,-2.9752, 2.3297,-4.2228,-0.7526, 2.1180, 4.2753,-3.5433, 2.2274,-0.1652,-3.2476,-4.2464, 4.4923,-4.9758,-4.7126,-0.8550, 0.5950,-2.0060, 3.5509, 3.6859,-4.8206,-1.6245,-3.0681,-2.3080,-0.8899
 0.6870,-1.5877, 0.9208, 4.7365,-0.3162, 1.7816,-3.2838, 4.2165,-1.1945,-0.0555,-3.0102,-1.4984, 2.3270,-2.6398,-4.2495,-1.9283, 0.4632, 4.1727,-1.5309, 4.5335,-3.7505, 4.5338, 1.2499,-2.5417, 3.3789,-4.1141, 2.8574, 3.8285, 0.9768,-3.5630,-1.7248, 3.6032, 3.5349,-1.6377, 2.5088,-2.3317, 3.3025, 3.6326, 0.0454, 3.0080, 0.3767, 0.5730,-1.4946, 4.4076,-1.8197,-1.0679,-3.9271,-2.1464, 4.2836,-3.6808, 1.1636,-2.0411,-3.7701,-1.6303,-2.8478,-1.2589,-3.3480,-2.0468,-2.9626, 3.3947
 2.8766, 4.9498,-3.5894,-4.8787, 4.1322,-0.9477, 2.9244,-0.2465, 1.2119, 2.1321, 4.9841,-2.1591, 1.0465,-1.0957,-4.2928, 3.1631,-3.2537,-1.5962,-2.1305,-4.2263, 1.2175,-4.5202, 4.6642,-4.6427, 0.2009,-2.2305, 3.3421,-4.9631,-3.4378,-3.3164,-4.4914,-4.1714,-4.7554,-0.9390, 3.5699, 4.9915,-1.1510, 0.3111,-2.8070,-2.8993,-4.1740, 2.2798, 0.5341,-3.1183, 3.8202, 3.9696, 0.4150, 4.1131,-0.1129,-4.7432,-2.9541, 2.8570,-4.0549,-4.0240,-0.7719,-0.7484,-4.0655,-1.3134,-2.8739,-3.3420
-4.7085,-0.5180, 0.1864, 3.5679, 0.0087,-1.8659,-1.8961,-1.0711,-1.0429,-3.3192, 4.4377,-3.2450, 4.5798,-2.2121,-3.9420, 1.0533,-3.6756, 2.3452,-2.3202, 4.5313, 2.8491,-4.5428, 0.7843,-2.9255,-0.4174, 2.2502,-1.1536,-1.1597, 4.7487,-0.5314,-0.1420, 3.6128,-3.0341,-0.1826,-1.7584,-4.3205,-3.0632,-1.0063,-0.5569, 1.9467, 4.1852, 4.3746, 2.5496,-1.0335, 2.7839, 1.4089,-0.4871, 2.5292, 4.1030,-4.4872, 2.7825, 4.7990,-1.7189,-4.2861, 4.5355, 3.9266,-3.4696,-2.2029,-1.4092, 2.8075
-0.7390,-3.1326, 4.3535,-3.1088, 4.7653,-2.6006, 0.6148,-3.6631, 3.6259,-1.8384,-4.6385, 2.9093,-3.1360,-1.8115,-4.3483,-4.0395,-4.7776, 1.7421, 2.4279,-1.9792, 2.7280,-0.1561,-0.5329,-0.4924,-0.8180,-4.8648,-3.0947, 0.5453,-2.5095,-1.1321,-2.1443, 4.7601, 1.4555, 2.8342, 3.7195, 0.2374,-4.0893,-0.5880, 4.1618, 1.5113, 0.9275, 2.5340, 4.6566, 0.5227, 0.2813, 2.6878, 2.5790,-0.8542, 1.1306,-0.2245,-3.0173,-2.4599, 1.3278,-3.2875,-0.1017, 3.4791, 1.5705, 4.0114,-1.0341,-1.2450
 3.6843, 3.2133, 1.9651,-1.8464, 3.9725, 1.1632, 0.4160,-3.1556,-1.9103, 3.4085, 3.6874,-3.8536, 0.0203, 1.6525,-4.2363,-1.1457, 4.1965, 2.4535,-4.6985,-1.6795, 0.0092, 2.1239, 1.0702, 2.3338, 0.8548,-1.3862,-3.8158, 1.8448, 4.1575, 4.9334,-4.1153, 4.3849,-3.0041,-3.4427,-0.9818,-0.3191,-3.4802,-1.3011, 2.9804,-2.3034,-3.8520, 3.0612,-3.1043, 3.0232, 0.2726, 1.8451,-3.0223, 0.5401,-2.3355, 4.9350, 2.7570, 4.9166,-3.6981,-2.2968, 0.0331, 2.5516,-0.7115,-4.9631, 4.5695, 2.7623
-3.2143, 3.0508,-4.9928,-2.9343, 0.7310, 3.1217, 4.3714,-1.7895, 0.6423, 0.8938, 1.9053, 4.5277,-0.9610, 1.1690, 2.2791,-4.1263, 3.0396,-4.4582, 3.3902,-3.2725,-4.2665, 2.2655,-3.7382,-1.1696, 0.4827,-4.1552, 4.1350, 0.3417,-2.3634,-1.9572,-4.8356,-3.9795,-4.7121,-3.3437, 0.7831,-3.2301, 0.4953,-2.2802, 0.9996,-2.6864, 1.9457, 1.7670, 4.8341,-4.1254, 4.0311, 0.8556, 2.5909, 3.1815,-4.9254, 0.8521, 1.4639,-3.0356, 2.7472, 4.8380, 0.4304, 3.5758, 4.1196, 2.2891,-2.8079, 4.8508
-4.3211, 2.9757, 2.6161, 3.6118, 1.2796,-0.2908, 3.1439,-1.9882, 2.7065, 4.3829, 1.0704, 1.2928,-1.0115,-0.9502,-3.7948, 0.2237, 3.4033,-0.6784, 3.2092,-2.9294, 2.6578,-4.9127,-3.8363, 0.7145,-4.9935, 2.3159, 4.8813, 3.8462,-0.8906, 3.8461, 0.7921, 4.4308, 1.1078, 3.6026, 0.9142,-4.2253,-0.3356,-0.5361,-2.9122, 3.3210,-0.4777, 3.0355,-3.1922,-1.6196,-2.6875, 3.0150, 3.2007, 1.9114,-4.4971,-0.6842, 3.4950, 1.1263,-2.6190,-0.4103, 1.8676, 0.6026, 3.6104, 1.3031,-0.6631,-2.7563
-1.5939,-4.8526,-1.6773, 3.9937, 3.5353, 3.9398, 0.7154, 1.3325, 0.6248, 4.3450,-3.6648,-1.8952,-3.9622,-3.6422,-3.1558, 3.0683, 1.3866,-3.0385,-2.8875,-0.4829, 1.5350,-1.7626, 3.5007, 3.9575,-2.2456, 1.3911, 3.2873, 0.2088, 0.4686,-0.5062, 0.6409, 2.3038, 1.0575, 3.8879,-0.6625, 0.4688,-0.8561, 2.3272,-4.2919, 1.1356,-0.6900, 0.6389, 0.7663,-3.4457, 4.7671, 3.0366, 4.2928,-2.0413,-1.4435,-1.7971,-4.8702, 4.7608,-2.5959,-0.3492,-3.2762, 2.7724, 0.5482,-0.4159,-4.4501,-1.4088
 3.1844, 3.4084,-0.5544,-3.0243,-4.3831, 4.7683, 2.1155, 2.8532,-1.0545, 4.0255,-3.3779,-3.6467, 3.6133,-1.1226, 2.7510,-3.2456, 2.0016, 2.5212,-2.2764, 3.7091, 1.1159,-3.8097, 1.4826, 2.9509, 1.3932, 3.9094, 2.9222, 3.3845, 3.6293, 0.8430,-2.3063, 4.3792,-4.7506, 3.5282, 2.4224,-4.8513,-3.3091, 3.9913, 1.9177,-1.7786, 4.8176,-3.0256,-1.1790, 0.8714,-2.8823,-3.5449, 2.0521, 1.1830, 3.4375,-0.2543,-3.4054, 0.9325,-0.0149,-1.3848, 1.6805,-3.7271,-3.9126, 0.0350,-1.3682,-0.8638
-2.1969,-1.4756,-1.9832, 3.4482,-2.0290,-2.5099, 4.0233, 2.6312,-0.1746, 0.9498, 4.0988, 3.4288,-0.1469,-1.0695,-0.3976, 0.7774,-3.4067,-2.0041,-1.2354, 1.3987,-2.9373, 0.6525,-0.9939, 0.8674, 3.6026,-4.6709, 3.2819, 3.4944, 0.6879,-4.8735, 2.1629,-0.1316,-3.2803, 2.9858, 3.5261, 2.9976, 0.2665, 1.8533, 1.5287,-3.1662,-1.4479, 2.5552, 1.9793,-3.3745, 3.8810, 1.2053, 3.6588,-4.7740, 3.8094, 1.7537, 3.0301,-1.5309,-3.9057, 3.0206, 4.1798, 1.5647, 3.2570, 1.7881, 3.9372, 4.4639
-2.0788, 3.2577,-0.6360, 3.5200, 0.3600, 0.2715, 2.1660,-1.5684,-2.5541,-2.7099,-1.3711, 0.2882, 1.4826, 3.4066, 3.2952, 1.9980,-3.3835,-1.5906,-1.9602,-4.4336, 4.6275, 2.1495, 3.0851, 4.5915,-0.2941,-4.5739,-2.5581,-2.3934,-0.1106, 3.3894, 4.6933,-2.6071, 0.5643,-3.2836, 2.5254, 1.4982,-3.2262,-2.8220,-3.1095,-3.9280,-4.6953, 3.7309,-2.2202, 1.8022,-4.7492, 1.4969,-3.5452,-1.5635,-0.9146,-4.2125,-0.4784, 0.9024, 2.7453, 0.0140, 0.8337,-4.9120,-3.8878,-2.1747, 3.3021,-2.5256
-1.8634,-2.2353,-0.1654,-4.5751, 4.6988,-4.8495,-4.9963, 2.7648, 1.0897,-3.1549, 3.0077, 3.2748,-1.5355, 3.5634,-3.6235,-0.3406,-0.0548,-1.0762, 3.8203, 1.5219, 4.1586,-4.8479, 1.1436,-3.5444, 3.9106,-0.8083, 2.4592, 0.0038,-1.6942,-3.1433,-2.5135, 2.9644,-3.5126,-4.2914, 2.1504,-4.1723, 4.2625,-4.8800,-2.3548, 4.5803, 1.9975,-2.7575,-2.9173,-3.3004, 2.0095, 1.0205, 0.7366,-3.7950,-0.4535,-2.1782,-0.4951,-4.1825, 3.3002,-1.6051, 2.0146, 4.3255,-3.3740,-3.8076,-0.9836,-2.8905
 0.8254, 4.9528, 1.2387, 0.8478, 1.2836, 0.1737,-2.9504, 4.5893,-0.4270, 2.2666, 4.5481,-0.3195, 2.3888,-4.4935, 0.5494, 3.1685,-3.8956, 1.7672, 0.7520,-2.8416,-4.2264, 3.6615,-4.5441,-2.6169, 4.0826,-1.4453,-2.3147, 3.9377,-3.2875, 2.3071, 3.2496,-0.3345, 1.7648, 3.8462, 1.4214,-4.1742, 4.9790, 3.7651,-1.6017,-2.3361,-0.9942, 4.2647, 4.4889, 2.6636,-3.0465,-1.8446,-2.5984, 1.7154, 1.5831, 3.4781, 2.2984,-4.6508, 1.9265, 3.5886, 3.7326,-1.6830, 4.2846, 3.9936,-4.0187, 2.7618
 3.4151, 0.7540, 0.3127, 4.3456, 3.7532,-4.1963,-0.8083,-3.6327,-2.0766, 1.0700,-4.0682, 0.6834, 3.0089,-1.1362, 1.0815, 3.7870, 3.8506,-2.4843,-2.4408, 4.0095,-1.6761,-4.7773, 2.2216, 1.1796,-0.3827, 4.5592,-2.6408, 0.2885,-1.5212,-3.3598,-3.4227, 3.6010, 3.6611,-3.2106,-4.7979,-2.5193, 3.4546,-3.7489,-1.8412,-1.9614,-3.0862,-3.9076,-2.8064, 1.0343, 4.2621,-2.8962, 4.3318, 1.1168, 2.0432,-2.1717,-1.7422,-3.4913,-2.0468,-1.4581, 2.6475, 4.2943, 2.5127, 0.3176, 1.6878,-4.3383
-2.5686,-3.6611,-0.6823,-2.9261, 3.5000,-3.0731,-3.8339,-3.3095,-0.4373,-1.0585, 4.5446,-4.9115,-4.3820,-3.2689, 3.7735,-4.1159,-4.0185,-3.5089,-0.1297, 4.9634, 2.8965,-0.9929, 0.5222,-1.3915,-4.7305, 1.0961,-0.7723, 4.4756,-4.0504, 2.8895,-4.4599, 3.5185, 2.5193,-0.5338, 4.9962, 4.1010, 1.8981, 0.4625, 3.5525, 0.4641, 0.8900, 3.6150,-3.1260, 1.4417,-4.5782,-3.6712, 4.6423, 3.2137, 3.4852, 2.7717, 4.5859, 0.6463, 0.4874,-4.6432, 4.0366, 3.1351,-2.4188,-3.4838,-4.3594, 0.1022
-2.9686,-2.1758,-0.6692, 1.9873, 3.8173, 0.4066,-3.6193, 3.1143, 1.1874, 1.7808, 1.3743, 1.4048, 4.5573,-4.3064, 0.1434,-2.6980,-1.5567, 2.3494,-1.9231, 0.7037, 2.7307,-0.1793, 4.7816,-4.2491, 4.7378, 4.1321, 2.3696,-3.3063,-3.5218, 1.4459,-1.9037,-0.6473,-2.1575,-4.4748,-1.4780, 2.2721, 2.9908,-3.1096,-3.3998, 3.0969,-4.1537, 4.6810, 3.8363, 4.8292, 0.3931,-3.5674, 2.8713, 2.4649, 1.6065, 3.0911,-4.2247,-4.1559,-3.6970, 2.8536,-0.1561, 4.7522, 3.9660,-3.8889,-0.3840, 0.2476
 0.2593, 3.7798,-2.7250, 0.8207,-0.7699, 1.9770,-1.2524, 4.9859,-2.6822, 3.8276,-1.3217,-0.4605,-0.6832,-2.8317, 4.7871, 3.3852, 0.2596, 3.7548,-3.2619,-1.3592,-4.5677,-1.0854,-4.9863,-2.2362, 0.6757, 1.8464,-1.8319, 0.0720,-0.1584, 1.1658,-1.6390,-0.1272, 1.7986, 3.8538, 4.4545,-1.9444, 1.7462, 1.5058, 2.6417,-0.9676,-4.3284,-0.7888,-0.9163,-3.8067, 2.5421, 3.7481, 1.2376,-2.7836,-4.0517, 4.1349, 2.6542, 0.6906, 3.2917, 1.0454,-0.1653, 2.1149,-2.5911, 2.6104,-4.0513, 2.4941
 4.8978, 4.4601, 2.1570, 2.8345,-4.0599,-0.9117,-3.0849,-1.9587,-4.2358, 2.6808,-1.7143, 3.2309, 2.3520, 4.0677,-1.1077, 1.9356, 1.5734,-2.8796, 0.6816,-4.4093, 1.9058, 4.0686,-3.3203,-2.8014, 3.1645, 3.0344,-0.8911, 4.9564,-0.7056, 4.3825,-1.2580, 1.4065, 1.4613, 1.8601, 0.6649,-3.0164, 1.8099,-3.8652, 3.7458, 3.9299,-3.4791,-1.6130,-1.8194, 1.5395, 4.8608, 0.2003,-3.8445, 4.6339, 0.7594,-2.8281, 0.0231,-3.1789,-1.6726,-0.9852, 3.0419,-1.6919,-1.1006,-1.9742,-3.2000, 0.4697
-3.8465,-0.7615,-1.5109,-3.9846,-3.8889,-2.4672, 3.6989,-3.8880, 3.5708, 3.4425,-4.1274,-3.8287, 3.8064, 3.2826,-3.8296, 0.1239, 1.2685,-2.2136, 0.7002, 0.1701,-0.0346,-2.8719,-0.8458, 0.6291,-3.7439, 4.2050,-2.0120,-4.7261,-4.6215, 4.0027,-0.8410, 3.9713,-1.8322, 0.0067, 2.4372, 2.6045,-2.3374,-2.0922,-0.9387,-4.6421, 0.0220,-3.2255, 3.2001,-2.5633,-2.8486,-2.0012,-2.3640,-1.8237, 3.9522,-3.4336,-4.9977, 0.0726,-2.3451,-0.2673, 2.3554,-1.9465, 1.5256, 3.9529, 0.0044,-3.0289
-3.0235, 3.5406,-4.2984,-2.4158,-1.8731,-0.3173,-0.7970, 1.3314, 2.1689, 3.5340,-3.1071,-3.9350,-0.5551, 3.5200,-2.3230,-4.6143,-1.5350,-4.0492, 2.2056, 1.8610,-0.2315,-2.1810, 2.9198, 1.0923,-0.6448, 4.2574, 1.0065,-0.5906, 1.6059,-0.6806, 4.3673,-4.9240, 1.3920,-0.6544, 1.4472,-1.9204, 0.6508,-2.0862,-4.3508,-2.9150, 4.3316,-4.3112, 0.7007,-4.2585, 3.7043, 0.3664,-0.2433,-2.6228,-4.3387,-1.2000,-2.6289,-4.4519, 3.3886,-1.1538,-4.8320, 2.0000,-0.9441,-1.8031,-3.4726, 1.2365
-3.6683, 2.3039,-4.7022, 3.2045,-4.3609, 1.3356, 2.9541,-0.1656, 2.4419,-2.6150, 2.3520, 4.5008, 1.8252, 3.2999,-4.1080, 4.2282, 3.9309,-3.3391,-1.5038,-4.5598, 0.4751,-2.1944, 2.1890, 1.0826,-4.3001, 2.6559, 2.5824, 1.1987, 3.0177,-1.4518, 3.9492,-4.5221, 0.2271, 0.1295,-3.4337,-4.7002,-0.7529, 4.5637, 1.1284,-2.2178,-1.4874, 2.5970, 3.1549,-3.9311, 0.9646,-4.9952, 4.7659, 3.9951, 2.7649,-4.0235, 2.9086,-4.0796,-4.0462,-4.2974, 3.7694,-0.3244,-4.4569, 4.9476,-0.6407, 4.9483
-0.6841, 2.3353, 3.4848, 2.0240,-1.1457, 3.6637,-4.2488,-2.6523, 3.9514, 0.0136, 1.6407, 4.6131, 4.7266,-2.0249, 4.4704,-2.4468,-3.2363,-0.8194, 2.4052,-2.7884, 2.2342,-3.3757, 4.9487,-4.6458,-3.3639, 4.4148,-0.2517,-1.2327, 4.9855, 0.7243,-0.0659, 4.1317, 2.4759,-2.0921, 1.7171,-2.5574, 3.6774, 3.5400, 4.5299,-3.7676, 1.8990,-2.0977,-0.3178, 1.1847,-3.0360,-4.5674, 4.8034,-0.1370, 2.4837,-0.7260,-3.5725, 2.4101,-3.8191, 4.3235,-3.8867,-2.2008, 1.7549,-0.0100, 4.2614,-3.1999
 0.7727,-0.7978, 2.5276, 4.2230,-1.6405, 3.2988,-4.9407, 0.2714,-0.1168, 2.2449, 4.7434, 2.3113,-2.4089,-1.4003,-0.2839, 1.3051, 1.2270, 0.1794,-4.3977,-0.0345, 2.7163, 1.4714,-0.3809, 4.2320,-1.0257,-1.3065, 2.2670, 4.2807,-3.7419, 4.8601, 1.9442, 0.0738,-1.6390,-0.4322,-1.3387, 2.4088, 3.8047, 3.5286, 3.5406,-4.6370, 0.2463, 2.1762,-0.9907,-3.9377,-0.3333,-2.3550,-4.9496,-1.0767,-1.6266, 1.8666,-1.6758, 1.7042, 2.4585, 2.5740, 2.3756, 0.8922, 4.6170, 1.4423, 3.8314, 2.2225
-4.7660, 4.1449, 1.1892, 4.4707, 0.4058, 3.4868,-4.7367, 0.9271, 1.6668,-2.0799,-1.1837,-4.5846,-2.1681, 4.3209,-3.4956,-3.1123, 2.0917, 4.3879,-3.4479, 1.2636,-0.3140, 0.9565, 3.9914,-4.7494, 1.8677, 4.4230, 2.4973,-0.4139, 3.0027,-2.6991, 1.4701, 3.5584, 2.6119,-4.0033, 2.4554,-3.0803,-2.7917, 0.8221,-4.0140, 2.1640, 3.8668, 1.9696,-1.9309,-4.1022, 0.9669,-1.9395, 0.5388, 4.0894, 2.4963,-1.3136,-1.9928, 0.6210,-3.3693, 4.7111,-3.3690, 4.3896,-3.4599,-1.0590,-2.8658,-0.8170
-2.2732, 3.9090,-1.9689,-4.3664, 1.5511, 0.5494, 3.8111, 3.1899,-0.8113, 1.6481,-1.0983, 4.3522,-0.8043,-3.8991,-1.3646, 1.8993, 4.1454,-3.3479,-4.7823,-3.7743, 1.4209,-1.4185,-0.4340, 0.4410,-1.0103,-0.8656,-0.1631, 3.4920,-0.5160,-2.8552, 2.6295, 4.4272, 2.5022,-3.0459, 3.7897,-1.9551, 1.9330,-3.1932,-1.1977,-0.3393, 4.6020, 3.7891, 0.9332, 2.4275, 0.4084, 1.1813,-1.5173, 4.5514,-1.2171,-0.6205, 3.7812, 1.2087, 4.6886,-4.8312, 1.8394,-3.7605,-2.2844,-2.7980, 0.2496,-2.4936
-1.0753,-1.5678, 3.5109, 0.1301, 0.4836, 0.7159,-3.9542,-1.7137,-2.7279, 0.6755, 1.3581,-0.9589,-2.1144,-0.8804,-4.6867,-1.3507,-3.0847,-0.5866, 1.2920,-3.5311, 0.4359,-3.6848, 3.7471, 3.3507, 3.6566,-2.1261, 0.8026,-2.4161, 4.5406, 2.8049,-0.4832, 1.2154,-0.9107, 4.7952,-3.8503, 0.1072, 4.1910, 0.7191, 0.5966, 2.5458,-0.1483, 1.4523,-1.6551, 0.4561,-0.5433,-0.9717, 4.7843,-0.8231,-3.7224,-2.3075, 3.1479, 0.5818,-4.8141, 3.4412,-1.5295, 4.5796, 3.0162, 3.7531, 2.7108,-3.1826
 4.0432,-1.8982, 0.4908, 4.8147,-0.1234,-1.3533, 4.5552, 0.6556, 2.2919,-0.9178,-4.1426,-0.4810,-3.9627, 0.8585, 2.4550, 4.0150,-0.4213, 4.3529, 1.0761,-1.2886, 4.4642, 0.6962,-3.3976, 4.9597,-1.6364, 1.6936, 3.4167, 2.1885, 3.6652,-4.5532,-2.3256, 0.1384,-1.4964,-2.2411, 4.0984,-1.9291,-4.6050, 4.3259, 1.9712, 1.5216,-3.4822, 0.8728, 3.6006, 4.1066,-1.6429,-4.2783, 4.5780,-4.0166, 3.6052, 1.3391, 4.5974,-4.8326,-4.2140,-4.8510,-2.0812,-1.7947,-3.4298, 0.6544,-2.7380,-0.0960
-3.0394,-2.1053, 1.9745,-1.5766,-1.0868, 3.8003, 4.8830,-3.7323,-0.4001,-2.2153, 1.3227,-1.1988, 0.6792,-1.0454, 1.0331,-3.1608, 4.1860, 0.5274,-4.6428,-0.9041,-2.2373,-4.7588,-0.5286, 1.5764, 4.0509,-3.8179, 1.2348, 3.8074, 0.2196,-3.0882,-0.0955,-1.0160,-3.5392, 0.3071,-4.1782,-3.1508, 3.1964, 2.8719, 4.6900, 2.3840, 3.6676,-3.8665,-2.6940, 3.7317, 3.4257, 0.4064, 3.6931, 0.8129, 1.7096,-1.3765,-2.7447,-0.4468,-4.5975,-4.4903,-2.8232, 3.0486, 4.4950,-1.1014, 1.6446, 3.3356
 4.6856, 2.6175, 0.5026,-0.7549,-4.7071,-1.2123, 3.4232, 0.8655,-0.4415,-2.6282, 4.1942,-4.5315,-0.8832, 1.5901,-1.4861,-4.9643, 3.8027, 2.4867, 0.5629, 2.2725, 2.1340,-2.2709, 1.9351,-0.9107, 0.2938, 0.0681, 2.0355,-0.4667,-3.4498, 1.0143, 3.0235, 3.2051, 1.2707,-1.0224, 3.1808, 3.1885, 1.1535, 2.1297,-2.2890, 1.7510, 2.5140,-1.7133,-1.0926, 3.1765, 3.8210,-2.2239,-2.6808,-2.0134, 3.4085,-3.8220, 4.6582, 2.9064,-0.1516,-1.1177,-4.2831,-3.3874, 1.7274, 2.5718, 0.3630, 4.1933
 0.3696,-1.7229,-3.1490, 1.0873, 4.1874, 0.2716,-2.9765,-1.8535, 3.7647, 0.2734, 3.9797,-0.8917,-4.1900, 0.2736, 1.1132,-0.6168, 4.0127, 1.6317,-0.6648, 1.0770, 0.7331,-0.1009, 3.4892,-3.3998,-0.0541,-2.6305, 4.6586,-4.4593, 2.4769, 4.3282, 1.2057,-0.4679, 2.5815,-2.8955, 3.6093, 2.5588, 3.7551,-3.8797,-2.7712, 0.8938,-4.4435,-2.2436, 2.2445,-4.2553,-1.3897,-2.6276,-3.4822,-2.3146, 3.9713,-4.2711, 4.6650,-2.4179,-4.8310, 3.5732,-1.1421, 0.9952,-0.4776,-4.3196,-0.2247,-0.2085
 3.0229,-3.1902, 4.7610,-1.7312,-0.4121, 4.7825,-0.5489, 4.8620, 2.0896, 0.9451, 0.5667, 0.7950,-4.3418,-4.0441,-2.0632, 0.3506, 1.1525,-0.2780, 4.4579,-1.3212, 2.6231,-0.4518,-0.3264,-4.6462,-1.3652,-2.2516,-1.4393,-1.2838,-2.9928,-0.0918,-1.5152, 3.8579,-3.4952, 1.8536,-3.9327,-3.5774,-2.0477,-1.2840, 3.2159,-4.8318, 1.7277,-4.8581,-1.3188, 2.6183, 2.2682,-4.2037, 1.5212, 2.3650,-4.0866, 0.2508,-3.8923, 2.5901, 2.7751,-0.0257,-3.1291,-0.7492,-3.0746,-4.2949, 0.8650, 4.1520
 0.9666,-0.4719,-1.1815, 0.9021, 0.6633, 1.0763,-3.4753, 3.4483,-2.3044, 0.8209,-0.6639, 0.7404,-0.2733, 1.5293,-1.9221,-0.8248, 0.5329,-0.9007, 0.8210,-0.4670,-4.0582,-0.5535,-2.8226, 2.9968, 2.8403, 3.9308,-3.1358, 1.3789, 2.2515, 3.2605,-1.4755,-0.1621,-3.1836,-2.6230,-0.5581, 1.8100,-1.6618,-4.1261, 4.8806, 0.8373,-0.4810, 4.8463,-1.6791,-4.2026,-4.8313,-0.5567,-4.0958,-2.3177,-0.1929,-4.1226,-0.1235,-4.1058, 2.2727,-0.5329, 1.7580, 0.8167,-4.9555, 2.9758, 0.6971,-2.8075
 2.4595,-0.7944, 4.8953,-4.2180,-1.0473, 1.6388, 4.6711, 3.8959, 1.7389,-2.0053, 3.8143, 0.1540, 0.3847,-2.3273, 2.1179,-3.9370,-2.3244, 2.7034,-3.0158, 1.9084,-0.1380, 2.7188, 2.9250,-2.4976, 2.3831,-1.2203, 3.1978, 4.5392,-0.5892,-1.9689,-2.1381,-2.8366,-1.4912,-1.4441, 3.5262, 1.6920,-1.9608, 1.5770,-0.8990, 1.7953, 3.4948, 1.4479, 2.5360, 0.0884,-0.8063,-1.5903,-4.6758,-1.2127, 2.8364,-1.7177, 3.4935,-4.2492, 4.7547, 3.0524, 4.2819,-2.9775,-1.8540, 3.1904, 2.2199,-4.9704
 2.2006, 2.9296,-1.0751, 4.3380, 4.5470, 4.8118,-4.7407,-4.3429,-2.4954, 1.5755,-1.5518, 4.6923, 3.9223,-4.1838, 3.8425, 2.9537,-4.2112,-2.8177,-3.3600, 2.3854,-1.0819, 1.0778, 3.0818, 3.3226, 0.4929,-0.9544,-1.4202,-0.4146,-0.4168, 3.7347, 0.8831, 1.8553,-4.0433,-1.0480, 1.0849, 0.6348,-1.4886, 1.9324,-0.8997, 0.2943,-0.3005, 1.2319,-4.7266,-0.6007, 1.5711,-4.8735,-2.1858, 0.5123, 3.2161, 0.3220,-0.7167, 2.1226,-4.1197,-4.4100,-2.1681,-4.2008,-0.3028, 1.2245, 0.4623,-1.6434
-2.9714,-3.7975, 1.3912,-2.9816, 4.2412,-2.5426, 0.3859, 0.6468,-2.0911,-0.9246,-3.6230,-3.8779,-4.0730,-3.2713, 4.6132,-2.6561, 4.8778, 0.5236,-4.4947,-0.7106,-4.2303,-3.3146, 4.7679,-3.8200,-0.8114, 0.1548, 0.3209,-2.1665, 0.9852,-3.6870,-4.2282, 4.0164,-0.2432,-0.7049,-1.8755, 1.6272, 2.9384,-1.9239, 0.7253,-3.2400, 3.1113, 3.6835,-4.7538, 0.3536,-0.2934,-4.4670, 4.5145, 2.2426,-3.7583,-2.1367, 4.6082, 4.7846,-1.6789,-1.6588, 4.2229,-2.5884,-3.1929,-0.1031, 0.1596,-3.5136
-3.6087, 2.3575, 4.9986, 4.1042, 3.0677,-2.1749, 2.6851, 1.9630, 1.5775, 2.8438,-1.8933, 4.6475, 2.4033,-2.2722,-0.3947,-0.1780,-3.8706, 2.6201, 3.1195, 4.6619, 4.8356,-2.7043, 1.8591,-3.9754,-4.9372, 2.6879, 1.2097,-0.9946,-3.4665, 1.8736, 0.9750,-4.0586,-2.0062,-1.6712, 2.3732,-1.5216, 4.2510, 2.1006, 4.2416,-1.6257,-0.4617,-3.2776, 4.0425, 4.5864,-1.3820,-1.1038, 1.0320,-3.7612, 3.7469, 3.3465,-4.9393, 3.3400,-0.8743,-4.7353, 4.9665,-2.8931, 3.5585,-2.6184,-4.1277, 1.5874
-4.6969,-4.8051, 2.2304, 2.2900, 3.8385,-0.9656, 1.4152,-1.1092,-2.0370,-2.1634,-0.8069,-0.5348, 3.7951,-1.2692,-2.1022, 4.3008, 4.0092, 4.9669, 4.4330, 3.8037,-3.7094,-0.7420,-0.8491, 3.4240, 2.5394, 4.7345,-0.8095, 4.2677, 2.4275,-2.5318, 2.1504,-3.0147, 0.0486,-4.0023,-1.9499, 0.3363, 3.7602, 2.9579,-2.6030,-2.3781, 4.5320, 0.8459,-1.2282,-4.5884, 2.0433, 1.6320, 1.6132, 1.1413,-4.8490,-1.8459,-3.1052, 4.8819, 4.3940, 0.6711, 2.7080, 2.0932,-2.0628, 3.1273, 1.9301, 1.5996
 2.7191, 0.3541, 3.6489,-0.8227,-0.8432,-2.4258,-1.3314, 0.5112,-1.0546,-2.9481, 4.3652,-1.3135,-4.7008, 0.8156, 0.5562, 1.6576, 3.3938,-1.7641, 1.1070, 0.1503, 0.4036,-4.7103, 2.3167, 2.7299, 3.8509,-1.5934,-4.1146,-2.0022, 1.2517, 1.8908, 2.2838,-0.5883, 2.2222, 3.2785, 2.7958, 4.6179, 4.8014,-3.8016, 3.3566,-1.1197, 2.4706, 0.7053,-3.3752, 2.2699,-0.6232, 0.5811, 4.5650, 4.4755, 2.7873,-3.8269, 2.5466,-3.9307,-2.0857, 3.9374,-2.5563, 3.4222, 0.2887,-3.3857,-2.0010,-1.1531
 0.4113, 1.0632, 3.4890, 0.3707, 4.1816, 1.2241,-4.4711,-4.9220,-0.6733, 2.5243, 2.9423,-1.1042,-4.3704,-0.0422, 1.4949,-0.2158,-0.8245, 0.6819,-4.7134,-1.9936,-2.9014,-4.3410, 2.3654, 1.6471, 3.0500, 0.8187, 0.8106,-2.1072,-1.7959, 2.9531,-3.5117, 2.5776,-3.4084, 4.9739,-1.3766,-3.8786, 2.4218, 1.1727, 2.5121, 4.0607, 0.2734, 3.8107, 1.7107,-1.9582, 1.8392, 0.3164, 4.9973, 4.7521, 2.4117,-2.1611,-0.3734,-3.3174, 0.9760,-3.6737,-2.4396,-3.8146,-3.8387, 2.2032, 2.5517, 1.1251
 2.2742, 3.3024, 1.9949,-0.4070,-3.6525, 1.2642,-3.6834, 1.7115,-0.3978,-2.4523, 4.6011,-3.2905, 3.5148, 3.4376, 1.9288, 4.4715, 2.2186, 3.3464,-1.4696, 0.4341, 3.0333,-2.7630,-2.9716, 3.4296,-3.2683, 4.3563, 0.6229,-3.1375, 4.4293, 3.9463, 0.8116,-0.4103,-4.3573, 3.4799,-4.8364,-1.7833,-0.9805, 1.2395,-0.8444,-4.2797,-0.8971, 1.4356, 1.9736,-4.4835,-4.2016, 4.4477, 2.4804,-4.7367,-2.7459, 2.4957, 4.7349, 2.3597,-1.5792, 4.7183,-4.9391, 0.9949, 3.8560,-2.1791,-3.9113,-4.4468
-2.1465,-4.9704,-1.2292, 4.4106,-3.4362,-0.7081,-4.8079,-1.7814,-4.0159,-3.4504, 1.7770,-1.8279,-4.6099, 2.4800,-2.7478, 0.3244, 0.4011, 3.8423, 4.5683, 0.7870, 0.0128,-4.5347, 2.7524, 1.2797, 3.4224,-4.9370,-2.9252, 3.9010,-2.1532,-3.3688, 3.3170, 0.7643,-2.6397,-3.4163, 1.2709, 0.3240, 4.0515, 4.9210, 4.5665, 1.9611, 0.3469, 2.0414, 4.3528,-4.9247, 0.0241,-0.6827, 2.4152, 1.5323, 1.9648, 0.6868,-0.3791,-0.0851,-3.1864,-1.4990,-2.0449,-2.5827,-3.0381, 4.6048, 4.5893, 3.1033
 4.2427, 1.0735,-1.5923, 2.5975,-0.7647, 2.6140, 2.3689,-0.1790,-3.3075, 2.6274, 1.5508,-1.8515,-2.7474,-3.8791, 4.6206, 1.7214, 4.7132,-3.9089,-0.9902, 2.7984,-2.8753, 2.9057, 2.5833,-1.0607, 2.9780,-4.9805,-3.7257,-2.5545,-0.0996, 0.0618,-2.1261,-2.1600,-3.9047,-1.5241, 3.4727,-1.8147,-3.6475, 4.7485, 0.2235, 3.4462,-1.7499, 0.4411, 0.4818, 0.0887,-1.2736, 0.9045,-0.9483, 4.9422,-1.0127, 4.5306, 1.7797,-1.8015,-1.5486,-0.0390, 4.5223, 1.0204, 0.9598, 4.2453, 1.4215,-3.3250
-0.9437,-3.4354,-0.7441, 2.0857,-4.4601, 3.1524,-0.1667,-0.6920, 4.4506,-4.2742,-3.6739,-0.7159, 2.5877, 2.3048,-1.4644, 2.8723,-0.5434,-4.7052, 2.2672,-1.7667, 1.9734,-1.3122, 1.5637,-3.1917,-2.0028,-4.0772, 2.1676, 3.0800, 4.2484, 1.3339,-3.7783, 4.0380, 0.9155,-0.3001,-2.2428,-0.5957, 0.3336, 3.2633,-4.3013,-0.4911, 0.8433, 3.0427,-4.7902, 4.8737,-4.5017, 3.8698,-4.5508, 1.8776, 3.1336,-1.9954, 1.9587, 3.2287,-3.8163, 4.6669, 1.7245,-2.2853, 2.7879, 1.9391, 0.4687,-3.4794
-1.3154,-4.6476,-2.5065,-3.3327, 4.9969, 4.4321,-0.4471,-0.7980,-4.4181,-2.4658, 0.5616, 2.3925, 4.7970,-0.3640,-4.1865, 3.8067,-2.6957,-1.9764, 4.0908, 3.2461,-0.3362,-2.7350,-2.1996,-0.8672, 3.9318, 3.5202, 1.2040,-0.8956,-4.0695, 4.3898,-1.5339, 3.6727, 4.7450, 2.4212,-3.8597,-3.1869,-0.2087,-1.4640,-0.4413,-3.2216, 0.9095, 1.2110,-0.4891, 0.4039,-1.2855, 1.0930, 2.9938, 3.5111,-2.5336, 4.1894,-3.8913, 4.3540,-0.7102, 1.4170,-3.2596,-2.2442, 2.2230,-3.7718,-2.3292,-3.1306
 4.8217,-3.9277, 2.4579, 0.1091,-4.2837,-3.2363, 4.1075, 4.5574, 4.3223, 1.6814, 0.5846, 1.4597, 0.9156,-4.0671, 1.8770, 4.1463, 0.4591,-1.3770,-1.8717,-3.0907, 2.9662, 1.0675,-0.2034, 3.4712, 1.4121, 2.3744, 0.1908,-1.4904,-2.5617, 1.5688, 2.3629,-2.6201,-4.3110, 0.3677,-2.1864, 4.8479, 1.6193, 0.7699, 3.3766, 0.9748, 4.8100, 4.1967, 3.9070, 4.8885,-0.8674, 1.1523, 2.5023, 1.8034,-3.3507,-1.5134, 4.6086, 2.2855, 0.5436,-0.4223, 3.7239, 3.7827, 4.0127, 1.6957,-3.0901, 1.7733
 2.3530,-2.5451, 0.1698,-0.7754, 0.2914, 1.4422, 3.6703, 4.1813,-2.3633, 0.7602,-0.5348, 1.8402,-4.3414, 0.9244,-4.0746,-3.7696,-0.8100, 4.6467,-1.8167, 4.1942,-3.8134,-4.7232, 4.2929, 4.1430,-1.5965,-2.2792, 0.7935,-0.5030, 1.1483,-3.8146,-3.5318,-3.5045, 0.8743,-1.0715,-4.2025, 1.3201, 4.5992,-2.6322, 4.9921, 2.4155,-4.9525,-3.2278, 0.5082,-0.7323,-0.0490,-0.2475, 2.2482,-0.7064,-4.5506,-4.0001,-4.7514, 2.9213, 0.6555, 0.2267,-4.0429,-4.4309, 0.8688,-1.9006,-2.3315, 0.7194
-0.9516,-0.7437,-2.6295, 4.5369,-1.8377,-4.1725,-3.4625,-0.3256,-3.2522,-3.9012,-3.8564,-2.6390,-1.1193,-3.6037, 2.0171, 4.0191,-2.4365,-0.4101, 1.8103, 3.1554,-2.3253,-4.8885, 1.7943, 1.5981,-0.7426,-0.6074,-4.2286,-3.0549, 3.2522,-4.4014,-3.6308,-2.9985, 2.0291,-2.5604, 3.2733,-0.5953, 4.0744,-1.3530, 0.4208,-1.2197,-1.4797,-4.1295, 2.8155, 2.6568,-3.6728,-1.5362,-0.8552, 0.8059, 0.6237,-3.8426, 4.8385, 0.4150,-4.1694,-2.5578, 2.4180, 0.6291,-2.0314, 2.6170,-4.6549,-3.9895
 2.6467,-3.0005, 1.0262, 3.4113,-1.2459,-2.5967, 4.2405, 1.1628,-2.0785, 2.6088, 4.6884,-3.4606, 2.6000,-2.9843, 1.7834,-3.2537,-1.2667, 4.8272,-4.4490, 1.4611, 1.7766,-4.2102, 2.8042,-3.0243, 2.8716, 4.7571,-4.2909,-2.1433,-3.7128, 1.0273,-3.3019, 4.9134,-1.3746, 4.3762, 3.7077, 4.6573,-0.5752, 4.3611, 0.5095,-3.0846, 3.9167, 0.6538,-1.1617,-2.3998,-1.2942, 0.1579,-4.2914,-2.4405,-3.7706,-4.9777, 1.4179,-1.1319,-4.9396, 4.4053,-0.4853, 0.8176,-3.3056,-2.5685,-0.0935,-0.1868
 2.5209,-4.9740,-0.3650, 4.7114, 3.9035, 3.7447,-0.0123,-1.0107,-0.1812, 2.5989,-3.8558, 4.5383, 2.3544,-1.6971,-3.7189, 1.5929,-0.8793, 2.4384,-1.9413, 2.6489,-2.5697,-4.1801, 0.0780,-1.1764, 1.1090, 2.9987,-0.0024,-2.1241, 0.3620,-0.8074, 2.7818,-4.4974, 1.7430, 4.2799,-0.2171,-0.5943, 3.8335, 0.7728,-2.4343, 0.3267, 0.7660,-4.3398, 3.6100,-3.2092,-4.0835, 0.5083, 1.0003, 1.2796, 3.1555, 1.6812, 1.7248,-4.1234,-0.7042,-1.5839,-0.9433, 2.2997, 4.6551,-2.1539, 0.6136,-4.7989
-1.5435,-0.8869, 2.8915, 1.7646, 2.2211,-2.5932,-4.1406, 0.6517, 3.2510,-1.3832, 4.1440,-1.2323, 2.7638,-2.9722,-1.0868,-1.4528, 1.6864, 2.5422,-0.3935, 1.8954, 0.6984, 0.8314,-0.7825,-3.8583, 2.6190,-4.7115,-3.9834, 2.9051,-0.2537,-4.3600, 4.7538,-2.5333, 0.5970, 2.1358, 1.0543, 3.5414,-1.1807, 2.4794,-0.2209,-2.4194,-0.6564, 0.8875, 3.2148, 1.0317, 0.3632, 3.8639,-4.5766, 0.9488, 0.5619,-4.1220, 1.3960, 3.9329,-0.0331, 4.6661, 0.0724, 0.5806,-4.9626, 1.8133, 4.0547, 1.7709
-4.3335,-1.1726,-2.0580, 3.1071, 1.0165, 1.0901, 0.6097, 0.8098, 3.5919,-4.2317, 0.9775, 3.7639, 0.3452, 4.3197,-0.5137,-0.2937,-0.4415, 1.1695, 4.8656,-2.1502, 3.7746, 2.1998,-3.2234,-4.3262,-0.3042, 0.2607, 3.8412,-4.8453, 0.8585, 3.3847, 0.8404,-4.1993, 3.5052, 3.7580,-2.3128,-4.3053,-1.6159, 0.8335,-0.7781,-2.8091,-3.0858, 2.6470,-2.3304,-4.3539, 4.0931,-3.1301, 4.2202, 2.4297,-3.4417, 2.9332, 0.8029,-2.5920, 3.5576,-0.6290,-1.4058, 4.2181, 2.7088, 3.6468, 1.2347, 0.8337
-4.9752, 0.3416,-1.5406,-0.2801, 2.8345, 0.3625, 3.3170,-1.9161,-2.7447,-4.9873, 4.4644, 3.8057,-0.1786, 3.0812,-4.6452,-3.4002,-2.8388,-1.2808, 4.5465,-1.2384, 1.2984,-0.2589, 2.0143, 1.5627,-1.0569,-3.4679, 4.3091,-4.2725,-2.3490, 1.6084,-2.5593, 0.8489,-4.0672, 4.2253, 4.3155,-1.8321,-2.1513, 3.0911, 0.8916,-0.5421,-4.6444, 1.8547, 0.6226,-2.3122,-2.7063,-1.7227, 0.5588, 1.8741,-3.0354, 3.7173, 1.1736,-4.2540,-1.0204,-0.3111, 2.8263,-0.4921, 1.0671, 4.5940,-4.1402, 0.2497
-1.5873, 2.6768, 2.9026, 4.3857,-2.1517, 3.5666,-3.0368, 2.7853, 2.3393,-3.1256,-2.2373, 2.7708, 3.3368,-3.4080,-0.0308,-2.9798, 1.8556,-1.6150, 0.1276, 1.5040, 3.1275,-0.7023, 1.7601,-4.8900,-4.0512,-0.0862,-4.0119,-0.8872,-1.5951, 4.2916, 0.2819, 0.6759, 2.4181,-3.0183, 0.5930,-3.8966,-1.6579, 4.3568,-1.8513,-0.4369, 1.7197,-2.9712,-0.9096, 1.9951,-0.4098, 3.9696,-3.0570,-4.0483,-0.5635,-4.3536,-1.8528,-3.9787,-2.7085, 2.4206,-2.1479,-2.8137, 4.8995, 0.6790, 3.6175,-2.7737
-1.8484,-4.1484, 1.1080, 2.9552,-2.9613, 3.1643, 3.4767, 4.8677,-0.1788,-0.5656,-0.5195,-3.9514, 0.2357,-3.4948,-1.3984, 1.1492, 0.7600,-2.7030,-2.1135, 3.5255, 2.8423,-4.6018,-3.7904, 1.8641, 3.5639, 3.5652, 3.3799, 2.2665, 3.5671, 2.2186,-3.9321, 0.0025,-2.5057, 1.6780, 0.5413,-1.2846,-0.0355,-3.9594,-0.9317,-0.3607, 1.2643,-4.6746,-3.7005,-3.6601, 1.7136,-1.7473, 4.2247,-1.1060,-2.2089, 0.3367,-4.6648,-2.7625,-0.6352, 4.5873, 0.4640, 2.8380,-1.8886,-0.0194, 3.9564,-1.7210
-0.6313, 4.8130, 0.0287, 4.0460,-0.5117,-1.0823, 0.2494,-4.9446,-4.7839, 2.6635, 1.5526, 2.6888, 3.9871,-3.0624,-1.1023,-0.7233,-1.3325, 2.7137,-0.7550, 3.9878,-2.7036,-2.4023, 0.3730, 2.4092,-1.6914, 0.8187,-1.0965, 1.1751,-3.5953, 2.9335,-1.3083, 4.8668,-2.0063,-0.9633,-1.3505,-2.9478, 2.4056, 4.1757, 3.0206,-3.3985, 1.0177, 1.4402,-2.2904, 0.1259,-2.7248, 0.7300, 2.0014, 4.7318, 4.1028,-1.5639, 1.2341, 4.2673,-0.5261,-2.6796, 0.3069, 1.1451, 4.9536, 1.0388,-1.9236,-1.4369
-0.7837, 4.8814, 2.8891, 1.8107, 3.8025, 1.9175,-3.8130,-2.2641, 0.3642,-4.3187,-1.5702, 1.7702,-3.1818, 2.4483, 4.0808,-3.8112,-2.7172, 0.3353,-0.1186, 3.7630, 1.7024,-2.6986,-0.6909,-3.8595,-3.2921, 2.7713, 3.3520, 0.3897,-2.9263, 1.3581, 4.8311,-4.7490, 0.7923,-4.7100, 4.1310, 3.6507,-3.4383,-4.2007,-3.3931,-3.6043,-3.4889,-1.5389, 1.9225, 3.4344, 1.1332,-1.1636,-4.7675,-4.7033,-0.7581,-2.3537,-3.3487,-3.1108,-4.8890, 3.4126,-3.0182, 3.1159, 1.8824, 3.1167,-1.3317, 0.8679
-4.0341,-2.9155, 4.7882, 2.1464,-0.3137,-0.2748,-3.7531,-3.2672,-0.2458, 0.3248,-3.3513, 1.5021, 3.7624,-3.0682,-1.7548,-1.1462, 2.2653,-3.0232, 0.7242, 1.8219, 1.6607, 0.3865,-1.1468, 3.8701, 1.3778, 4.1876,-2.3615,-1.2370,-2.9716, 3.6381, 4.2168,-1.1248, 0.5725, 4.2581,-0.5862,-1.5943, 2.0104, 3.0599, 1.5305,-3.5858,-4.9814, 3.4199, 3.2324,-0.3577,-0.4666, 3.0275, 2.9984,-4.1905, 2.2240,-2.6816,-0.8350, 3.9591, 0.5897, 0.8252, 0.3534, 4.3683, 3.2648,-4.9377,-1.0115,-4.5243
-2.9086, 0.3788,-4.7927, 0.5090,-2.1372, 2.6360, 3.5841, 4.2037, 0.4973, 1.7745, 1.0052,-1.3159, 4.5361,-3.0324,-2.7523,-4.3580,-1.6256,-4.8829,-4.2063, 3.8886,-3.6703,-3.9602, 4.6003,-2.8894,-1.8961, 0.5726,-3.8305,-4.4832,-3.7020, 1.7547,-0.0737, 0.5162, 0.3605, 3.2082,-2.9592, 3.0275, 3.5505,-3.9393,-0.5712,-3.3900, 2.0204,-0.9966,-0.7037,-2.3828,-4.4076, 0.1619, 0.4773,-4.0306, 0.7316, 0.0224,-1.4434,-4.8753,-2.9732, 2.9838, 4.3874, 1.5110, 4.5256, 1.2063, 1.2656,-1.2647
 1.2752,-1.3496,-3.2763, 1.2343, 1.1342, 1.2434, 2.0752,-3.7840,-0.4674, 0.7711,-4.3022, 2.1874, 3.7742, 3.9634, 1.7390,-0.8488, 4.0553,-3.8100,-1.5538,-1.1599,-4.7244,-2.2449, 3.1078,-4.5614,-3.4256, 0.2566,-3.9542,-0.6500,-4.7952,-4.7313, 4.3678,-3.9336, 0.3275, 4.8933, 0.3265,-2.8267,-3.1667,-4.4908,-3.5654, 4.6614,-4.5775,-1.5681,-3.6174,-4.8779, 4.0493, 4.0641,-4.4383,-1.8116, 2.6879, 2.7042, 1.7381,-0.6061, 3.5096,-0.7063,-0.1032, 4.9033, 3.0365, 4.7755,-3.1073,-1.8633
-2.6946, 1.4521, 0.8781,-0.2069,-1.6108, 0.3266, 1.3396,-2.4657, 1.7925,-1.2813, 1.5280, 0.1723, 1.9298, 3.3716, 0.1679,-1.0586, 0.5553,-2.4833,-1.9119,-0.0382,-1.1178,-1.5475, 2.5606, 4.7777,-3.1417, 2.9743, 3.0705, 4.3989, 4.4526,-2.4763,-3.1754,-3.9098, 3.6240,-4.1097,-4.1333,-3.9122,-3.0152,-4.4943, 1.2226, 0.7476,-0.3720, 2.0955, 2.4991, 1.4488,-4.4813, 1.8747,-2.7564,-0.1618, 1.3610, 4.7654,-0.1548,-1.0969,-3.1145, 3.7948,-1.7207, 3.7620, 3.8179, 4.0594, 2.5719,-1.0240
-2.8086,-4.0439,-0.6700, 1.5832, 2.1931, 3.8340,-0.6617,-0.5527, 4.2954, 2.7598,-3.8855,-0.0700,-0.8751, 1.3843, 1.5090,-2.9077,-1.1516,-4.8465, 4.4179, 2.6939, 2.5885,-4.2473,-2.9700,-2.0642, 4.1805,-0.8265, 4.6946, 0.1118, 3.7563,-1.9089, 2.9398,-3.4149,-0.1890,-2.3198, 0.3270,-3.3527, 1.1392, 3.5911, 2.7061, 1.8972, 1.3295, 4.2279,-3.4549,-1.5434,-0.3983, 4.3339, 3.3490, 0.1756,-1.0139, 4.7434,-1.9467, 4.2875, 1.2362,-3.6437, 3.9184,-1.4170, 2.8885,-1.4610, 0.0805,-0.5345
-1.3862, 2.5252,-1.2455,-4.5885,-3.5660, 2.7246,-0.4781, 3.2122,-2.1482,-3.9203,-0.6335,-3.4165, 2.0145, 0.8466, 0.1899, 4.1033,-0.5125,-3.3647, 3.3785,-2.3123,-3.9065,-0.3679,-2.6493, 4.1526,-2.1812, 4.8858,-2.8867, 4.4480, 4.8012,-1.0724,-3.3057, 0.6256, 2.3619,-0.9380, 2.1366,-2.7752, 2.6885, 1.2774, 2.9520,-1.9141,-2.1142, 3.4004,-2.0452, 2.6475, 2.7159, 1.1392,-1.7496,-4.0921,-2.9397, 4.3108,-0.7476, 4.1859, 1.1676,-1.2147,-0.0472,-3.1359,-3.3076,-1.0877,-1.9035,-3.7676
-3.1871, 1.8370,-3.4041,-4.9661,-3.6047,-3.3028, 2.8361, 2.3242,-1.8449, 2.0205, 0.2774, 2.2787,-0.3969,-1.4301,-0.3350, 3.7204, 3.9402, 0.3604, 3.0270,-0.3129,-4.7991, 4.4355,-3.7450,-0.8379, 1.9264,-1.3801, 3.7342,-1.7853, 2.2757, 2.9706,-1.0640, 2.9411,-4.9298,-2.6745, 2.2288, 3.7898, 3.1418,-3.4125,-0.8856,-2.2531, 1.1487,-4.5912,-0.3602,-1.9441,-0.8315, 2.3534, 2.7059,-0.3919,-4.6665,-0.0623, 0.7208, 1.3923,-2.0059, 2.6912,-3.5924,-1.6098,-1.9086,-3.6188, 1.2601,-4.9992
 4.8473,-1.1510,-3.3150,-3.5355, 2.5079,-1.3431,-4.8956,-0.6826,-1.1661,-1.3133,-2.2233, 2.5828, 4.3654,-3.2835, 4.4949, 1.4669, 3.2282, 1.0488,-2.0951, 2.9667, 2.3870,-0.9763, 4.1806,-4.7687,-2.2264, 1.2223,-0.7765,-1.2394,-2.6677,-3.5832,-4.1678,-3.5137,-4.4227,-2.1016, 0.9763, 4.7336, 1.1205,-4.6090, 2.9273, 0.1613,-0.2860,-1.6376, 1.1274,-1.2274,-1.3987, 0.1207,-4.6130, 3.8689,-1.5385, 1.4121,-2.0773, 1.7111, 1.4437, 4.8704, 3.7938, 3.6690, 0.9633,-2.6358, 4.1533,-3.3425
 4.7289, 1.7922,-4.2822, 0.7451, 0.0304,-3.4242,-3.8110, 0.1025, 0.8303, 4.2276,-4.5284,-2.5471,-2.7204, 4.6474,-0.3040, 2.6940, 1.4658, 0.6672, 4.4783, 3.8507,-1.1126, 4.5540,-4.8345,-0.8367,-0.7330,-0.5223, 0.2950,-1.5508, 4.6179,-4.7975,-0.8030,-0.4618, 3.8870,-0.7776, 2.4966,-0.1898,-1.2719, 1.6640,-0.7048, 0.6324,-2.8129,-3.4818,-0.7750, 1.9031, 3.7809,-1.6295, 3.7852, 0.9444, 1.1311, 2.3088, 2.1471, 0.3411,-4.9480, 0.5648,-0.9948,-0.9981, 3.1410, 2.5384,-1.9648, 1.9107
 0.7372,-4.9032, 1.0824, 4.0014, 2.1230,-4.1466, 2.0317, 1.0697, 4.9807, 0.4426, 2.2732,-2.3583, 0.9404,-4.5342, 2.4011, 2.2600, 0.2050,-3.7671, 2.4252, 1.3228, 3.4324,-2.0044, 4.9900, 4.9982,-2.1263,-4.7196,-1.0526, 4.1062, 1.6087,-3.7415,-2.6769,-1.6921, 0.8093,-0.8327,-1.1177, 2.5986,-1.9858,-3.7422,-4.1616,-3.2038, 2.3578, 4.6694, 2.9888,-3.4682,-3.8273,-1.8739,-2.6062, 4.1838, 1.1596, 4.1449, 0.1268,-2.4701, 3.8747, 1.0716,-1.6473,-1.9749, 2.1179, 4.5326,-1.0149, 0.1426
 3.4071,-2.1978,-4.7170,-4.3159, 3.2138, 1.5467,-0.3021,-4.7245,-2.4377, 1.0384,-4.8392,-4.3534,-0.7902, 3.1378, 0.4614,-4.3830, 4.6562,-2.5320,-2.5234,-0.7845,-1.9326,-4.5003,-0.3884, 3.6227, 4.3768,-4.4672, 4.4305,-3.2930, 3.5702,-3.4182, 3.0334, 0.7849, 1.0292, 4.6267, 3.3952, 3.3161, 2.6579, 2.4288,-0.1593, 4.6639,-3.8516,-1.0630, 0.4207,-1.9161, 0.1501,-1.0010,-3.8426, 1.7199,-3.7218, 1.8229, 3.1609,-3.4089, 1.3483,-2.6359, 3.5643, 0.0698,-4.3862,-2.8834,-2.2707,-4.5767
 1.6293, 2.5063, 3.2665, 1.8261, 1.5964, 4.6966, 0.6334, 0.2131, 2.7167, 4.1373, 2.5305, 4.3473,-3.9078, 0.0137, 0.9630, 0.2263, 1.1706, 3.1201, 1.1437,-0.2773,-2.3522,-2.1753,-0.8339, 3.2826,-3.9252, 0.7823,-0.9454,-1.7065,-1.0596,-2.2703,-3.3159, 4.5414,-3.4862, 1.4385,-0.5121,-0.9370, 1.3612,-3.1279,-3.6776, 3.0977, 1.2695, 0.8675,-0.3161,-2.9031, 3.3623,-3.1219,-4.6703, 1.2454, 2.0443,-2.6972,-4.6276,-2.5285, 2.7468, 0.0618, 2.4518,-0.1333, 4.3288,-0.9682, 3.9202,-0.3221
-0.5866, 2.9799,-0.1965,-0.7856, 3.2781, 1.0895,-0.0087, 1.8748, 0.7122,-3.1933,-1.2665, 3.9903,-1.5356, 4.3190,-4.9666,-1.8102,-0.0300, 4.9525,-3.5695,-1.8624, 0.3883,-0.4148, 1.7598, 4.2688,-0.4832, 4.0624, 0.4460, 0.5038, 4.7618,-3.7570, 1.4931,-1.1625, 0.8911, 3.8190,-3.3652,-0.9354,-1.4579, 3.1606, 2.2043,-3.9659, 0.7537, 1.1163,-2.9224,-3.0364,-4.5297,-1.3873,-4.5330, 2.3287,-0.7026,-3.3222, 4.8109, 1.9420, 1.1538,-2.0832, 2.2124, 2.8386, 1.4001, 3.3855,-0.6917,-1.7635
-4.7233,-1.3896,-2.0583,-2.1078,-0.2932,-2.6951,-4.3325,-1.2748,-1.1118, 0.7042,-0.2902, 2.1485, 2.0523,-4.3311,-1.5361,-4.9663,-0.9190,-0.8349, 0.4858,-1.6478, 0.2074,-0.3197, 4.0096, 1.4862,-1.7578,-2.7439,-1.1092,-3.7914, 1.2251,-1.6490, 0.3285,-0.9132, 1.6253, 2.3087,-2.6625, 2.4949,-3.6365, 1.9478,-1.6569,-2.1760,-1.0219,-3.7732, 1.5740,-2.2068,-3.1797,-0.2790,-1.2834, 2.2655,-0.0090,-3.1175, 0.6422,-1.7386, 2.9565, 2.8402,-0.5010,-0.4608, 2.0124, 3.2861, 3.2033, 0.7676
-1.1546, 0.1502, 3.3003, 3.9850, 0.6696,-0.7296, 1.5196, 1.9140, 4.5766,-4.6670, 4.8944, 1.4354,-0.3946,-1.0457,-4.4901,-4.3399,-1.4206,-2.5572,-1.3381,-0.9963,-1.5991, 1.5820,-2.4974, 4.6815,-1.6119, 1.3495,-0.2436, 3.6762,-3.8306, 4.1337,-4.2773, 3.0207, 2.0632, 3.0819,-3.0155,-3.3501, 2.8796,-0.4122,-0.9365,-1.5970,-1.0081, 2.3741, 3.8291, 2.5202, 1.9581, 1.0194,-2.9195, 0.4119,-4.5790,-3.1421,-1.2653,-4.2691,-2.6679,-0.1793, 4.5622, 1.9868, 0.7214, 1.4652, 2.3515, 1.7994
 3.8281,-1.5977, 4.8754,-0.8575,-2.9201, 1.0391,-4.4903,-3.2794, 2.3664,-3.6875, 4.8524, 4.8468, 1.4981, 0.3002,-2.9683, 1.9085, 1.4256, 1.1526,-0.0393,-0.9510, 0.2617, 2.6729,-4.3505, 2.6503,-2.7427,-2.7844, 3.5415, 4.9805,-0.2229,-0.7563, 0.6547,-0.7404, 0.9212, 0.0720,-2.4066,-1.7427, 2.8689, 3.9498,-2.7298,-2.8885, 3.1890, 2.0289,-4.4631, 1.8392, 0.1663, 0.0209,-4.9383, 1.3174,-4.5810,-4.6571, 2.5706,-4.3793,-0.5836,-1.9937,-1.7319,-4.4060, 2.0522, 3.3185, 4.9028,-1.4650
 2.3689,-2.2563,-3.5053, 0.7248, 4.7035,-0.2915, 2.4179,-0.8407,-0.8274,-0.9159,-1.1889,-3.7782, 0.0556,-4.7984, 4.2278,-2.1520,-3.5617, 3.0351,-0.7147, 1.6473,-3.2845, 2.7852, 3.0480,-4.4305, 3.1671,-4.8925, 0.3550,-3.1880,-2.7323,-2.2843,-2.5126, 2.4226, 1.4206, 0.4714, 2.2465,-3.4752,-3.2529,-3.2005, 3.0911, 2.7701, 3.4962, 1.1535, 2.0334,-3.5023,-3.0980,-3.8575,-1.3980, 2.9918,-2.9555,-3.1863, 2.7580,-0.4007,-0.6007,-0.0450, 0.5152,-1.1157,-2.8371, 1.8134, 0.5389, 4.9493
 1.6112, 2.2507, 3.7178,-2.7022, 1.2680, 2.6182,-1.1390,-4.2139, 4.4648, 0.7482,-3.0481,-1.5547,-2.0173,-3.0388, 1.8462, 1.4475, 0.2747,-0.7524,-4.0202,-3.9747,-4.7474,-1.3379,-0.6000,-1.9133,-3.0311, 1.1519,-1.6530,-4.1464, 1.5506,-1.9379, 3.1073,-1.6805,-3.9908, 1.6515, 0.7151, 0.1632, 2.3374,-2.1452, 3.9814, 0.8588,-2.1917, 0.3493, 3.2553, 4.1918, 2.2047, 2.4476,-1.7311,-2.3802, 1.4009,-0.5941,-3.4321, 3.6348, 2.8337,-1.4272,-4.2815, 0.0014,-2.3355, 3.7222,-1.3968, 3.6745
-0.1307, 4.1801,-1.4651, 0.9195,-4.7680,-4.2225, 2.2742,-1.3140,-3.4693,-4.9416,-0.9180,-3.1285,-0.4155,-2.0841, 3.8599,-3.6655,-1.8936,-2.2927,-1.7186, 0.5831, 3.6505, 0.4613,-2.6804,-3.0577,-4.1091,-3.2503,-1.4627,-4.4568, 2.1687, 2.9471, 4.7690, 1.7966,-4.2590, 1.4128,-1.9351, 3.6072,-4.1017, 3.5361, 3.0577,-2.5132,-0.6779,-0.6333, 0.4235, 0.5124, 2.1893,-3.8452,-2.1716,-1.0926, 2.1352,-0.5963,-4.8896,-0.1862, 3.5984,-1.0133, 1.5897, 1.2828, 0.0353, 1.2473,-4.6895, 2.0309
 1.0991, 0.7118, 1.8463, 2.5642,-1.7471,-0.0777,-3.1813, 4.6397, 2.5880,-3.7532, 0.8542, 3.7172, 4.8594, 4.5265, 1.4220, 2.6121, 4.7966,-4.2355, 2.6584,-0.3684,-3.5762,-4.0296,-4.6168,-4.1924, 2.4431,-3.5817, 0.5427, 0.9497, 0.8876, 2.9516,-3.2482, 3.7268, 3.7059,-4.5820, 0.3664, 4.4542,-3.7681, 1.1234, 3.1237, 0.9852, 0.9034,-1.3467, 1.1721, 1.1858, 0.7119, 2.6388, 3.4021,-4.9823,-3.6987, 0.7646, 1.2741, 0.4383,-4.8433, 1.8160, 3.0348,-4.5429,-0.2607, 0.1866,-0.2475,-2.9228
-3.0920, 0.1031,-4.3456, 4.3254,-3.4061,-1.3579,-2.4412, 4.8410,-0.6894, 2.1835,-2.1137, 1.5832,-3.5065, 2.9832,-3.1174,-3.9619, 1.2086,-3.6090, 1.6407, 4.6845, 0.4649,-3.5688, 3.1710,-2.6292, 3.1656,-3.6644, 1.4210, 3.9531,-0.0699,-3.8704,-3.6790, 0.2581,-1.4855,-3.8920, 1.1366,-0.6548, 1.8624, 2.6754,-3.4985, 3.7751, 2.4967,-2.6899, 2.8326, 3.4978, 1.1297, 0.0756, 0.9504,-3.7131, 1.9304,-4.3296, 4.2050,-0.7796,-2.0790, 0.6828,-2.6318,-3.8731, 4.4709,-0.0185, 4.9947,-0.1293
 3.9307, 0.9233,-4.2308, 2.7123,-4.6897, 2.6574, 1.8812, 0.7794,-2.2643, 4.4046, 0.8753, 2.2124, 1.0565,-0.2939, 3.8544, 3.2631,-4.3771, 4.3652, 2.5569, 2.1292, 4.5472, 3.8305,-0.8022,-2.3147, 4.2904,-0.3749, 4.3101, 2.4225, 2.1378,-0.6298, 0.6482, 2.6773, 2.3756, 1.0048,-4.2425,-1.3265,-3.7763,-3.4834,-2.0985,-2.2463,-2.3516,-4.0481,-4.8836, 0.0140,-3.2845, 2.2473,-4.7246, 2.2484,-4.3846,-2.2661, 1.3285, 0.9327,-3.3597,-3.9196, 0.9824,-3.4065, 0.3641, 4.6822,-0.0111,-1.3548
-2.9343, 1.6827, 4.5920,-3.2083,-1.7469, 1.7836, 4.0391,-0.8958, 3.3029, 2.1318,-4.5064,-3.1293, 4.0850, 4.6532,-4.3852,-3.9279, 2.1252,-4.5738,-4.7862,-3.1692, 2.1882,-1.0891,-4.6337, 3.6518,-4.0410,-4.4694, 4.1885,-0.0622, 1.1885, 0.7545, 4.5300,-4.3319, 1.3707,-2.7961, 1.9712,-4.3402, 4.6402, 4.7804,-3.2137,-1.9773,-0.5199, 1.0115,-0.8769, 4.9987, 4.2656, 3.3799, 2.7637, 0.3354,-1.2137, 3.1018, 3.8772, 2.6393,-3.8712,-3.1351,-2.8323,-0.0653, 0.2747, 4.7062,-1.9792, 4.0730
-3.1991, 3.0533, 3.2028,-2.2967, 0.3337, 2.1578, 1.4266, 1.3720,-2.6857,-4.0732,-4.4723, 4.4800, 1.5696, 3.3498,-4.5950,-2.7925, 0.4075,-2.9707, 4.2388,-2.3390,-2.3092, 1.2619, 3.7901,-4.3028,-4.9143,-3.7668, 0.5110, 3.5852, 1.3292,-3.5012, 1.7805,-2.9276,-2.5117, 1.2807,-2.6628, 3.1754, 4.0328, 4.0941, 4.3681,-1.8841,-0.6343,-3.8966, 2.0380, 3.7700,-2.4807,-4.7455,-2.8972, 1.3407, 0.5665,-1.3505,-4.2283, 3.3640, 0.9149, 3.2820, 1.8804, 0.4946,-2.4620, 1.9351, 0.4431,-0.8114
-3.2213,-2.9493,-0.9332, 0.6671, 4.8946, 0.4383, 1.6793, 4.2954, 3.3778,-1.7622, 2.2953, 3.4215, 4.6827,-3.8693, 4.2929,-0.0066, 0.8678, 2.6245,-1.7214, 3.0981,-4.5678,-3.3856,-4.6387, 2.3328,-3.5169, 0.5323, 1.3900,-4.2101,-4.6841, 4.3441,-3.0058, 1.4458,-3.8547,-2.8106,-2.9916, 0.5766,-3.1344,-1.7502,-3.5939, 1.0505, 1.3674, 3.2642,-4.6314,-1.0694, 2.8002, 2.3610,-0.6679, 2.2447, 0.7063, 3.0263, 2.0660, 0.2001, 3.8220, 4.4450,-3.3093,-1.9030, 2.8414, 1.8223, 4.3404, 2.5674
-3.5862, 0.2673, 1.3642,-4.5635, 2.6664,-4.4244,-1.1171, 2.1219,-4.5816, 0.9629,-4.8886, 0.3257, 0.2284,-4.3387,-0.8290,-4.1437, 4.4158,-4.3950,-3.9732, 2.0578,-1.9025, 1.7536, 3.5874,-0.8488, 2.7815, 4.8810,-2.6767,-1.2279,-2.6088, 1.8324,-0.1823, 4.0388,-1.9450,-0.8191,-2.2594,-4.4878, 2.4965,-1.2826,-1.9075, 4.9330,-3.1223, 4.4597, 0.5412,-3.6016, 1.6712,-3.1891, 2.8756, 2.8968,-1.9412,-4.4650,-2.7489,-3.7471,-2.3325,-2.5806,-1.2931, 4.6965,-4.6274,-1.2273, 0.8837,-1.8303
-4.0811, 0.3483, 4.6761,-4.2267, 3.8393,-4.3669, 3.6157,-3.2861,-0.9688,-3.9731, 1.5322,-1.7443,-2.1215, 2.2207, 0.0477,-2.8407, 1.3756,-2.8872, 3.3344,-2.6768, 3.6539,-1.5762,-1.1214,-3.4474, 0.9012, 4.7275,-4.6629, 4.2424, 1.3542, 3.2723, 3.7229,-3.9935,-1.7922,-1.3360, 0.1573,-3.9312, 1.0111,-0.7154,-2.2473,-4.8278, 2.5977,-1.4410,-4.6375,-4.3188, 4.0431,-0.4577, 4.1913,-0.8947,-3.5256,-1.1338, 1.4415,-2.2343, 4.9824,-1.7677,-0.8759,-3.4080, 3.4259,-1.9065,-2.6503, 1.6734
-4.8791,-4.1981,-4.8608, 3.9045,-4.2679, 1.1065,-2.3326, 1.8711, 2.6290,-0.7640,-2.9467, 2.4931, 2.5420,-4.6388, 2.8506, 0.3679,-1.9983, 3.1991,-3.4680, 1.5376, 4.3725,-1.5538, 3.8748,-0.7781,-1.3741, 4.5421, 2.7004,-4.3405,-3.6571,-4.1039,-3.3799, 2.7012, 0.9893,-3.1712,-3.1152, 2.4278, 2.3426,-1.6475, 4.5765,-3.2092,-4.6424, 0.7828,-2.3493,-3.2546,-4.7699, 4.4036,-2.2054, 3.1245, 4.8099,-4.8241,-0.9271,-3.4096,-4.4589, 1.2906, 2.2265, 0.6687,-1.1136,-4.8586,-2.9058,-1.5323
 1.9935, 1.9549,-1.1276, 3.1157, 4.9000, 4.9363, 1.6203,-1.4785,-0.0429,-0.2590,-2.8607, 4.8328, 3.2583,-2.0284,-4.0210, 2.2931, 0.8661, 3.4902,-4.4538,-4.8375,-0.5775,-3.6315, 0.3763,-1.7212,-4.0996, 3.0869,-3.9142, 2.0131,-2.9661, 1.4164, 4.4266, 2.2173, 4.4590, 2.8644, 1.5826, 0.9507,-4.2605,-2.6115,-0.3467,-4.7968,-1.3937,-0.4104, 1.5472,-0.5224, 2.6345,-3.5031,-1.2141, 2.4191, 1.8441,-1.6496,-0.9920, 1.8474, 0.5566, 0.9120, 3.1140, 1.4672, 2.3236, 1.8511, 2.8514, 1.9704
-2.4604, 3.4061, 1.0108, 1.8237,-2.6407,-4.4086, 3.1240,-4.3862,-1.3229,-4.1397,-3.2003,-0.1026, 3.0476, 0.4626, 1.8045, 1.5810, 2.7952, 4.5309,-4.8250,-0.6597,-0.5049,-3.4811,-2.0787,-0.7367,-3.7924, 1.0383, 2.2913,-3.8035,-3.2693,-4.4575, 4.3179,-3.0958, 2.3224,-4.7503,-3.7158,-3.8235, 1.1934,-1.4719, 1.5378, 4.7225,-3.9113, 2.4224,-2.7669,-3.7003,-1.6412, 4.8848, 1.8254, 2.6502,-1.8293, 3.3230, 0.2365,-0.8317,-1.6272,-0.9085, 4.2383, 1.5556,-1.0987, 4.7471,-0.5896,-3.6523
 2.4147, 3.5219,-1.8803, 2.2969,-2.4333, 1.5554,-4.2456, 2.7049,-3.6604,-3.5384,-2.4377, 3.4762,-4.6468, 3.1096, 3.7603, 3.7253, 2.2624, 2.1266, 4.9821, 3.7297, 2.3048, 1.2932, 0.7557, 4.4538, 3.7374, 3.9191, 3.9094,-3.6101, 3.9655, 4.1517,-4.3054, 1.6323,-0.2877, 3.9966,-4.4129, 3.1891, 2.4908, 3.1333, 3.4186,-4.5493, 2.1655,-1.5018,-1.4129, 4.9324, 1.5427, 0.3874, 4.3036,-0.7756,-0.7955, 1.5187,-0.5460,-2.7361, 2.4606, 4.9140, 4.0557, 3.7451, 4.8728,-3.0277, 1.0420, 2.0130
