 4.4632, 1.1561,-1.3347, 0.8652, 3.3727, 3.5897, 0.1513,-0.2990, 3.4978, 0.8371,-1.6207,-2.8214,-0.9491,-2.8348,-4.1936, 4.1238, 4.5296, 2.1283,-1.1707,-2.1702, 1.8487, 0.7538, 3.7365,-0.0610, 2.4118,-2.6832, 2.2763, 2.4644, 0.0246,-3.7261, 1.9595, 0.3425,-3.8306,-3.6764,-1.0854, 3.5615, 2.7561,-3.0976, 0.3845,-1.2971, 4.4952,-1.3695,-2.2336, 0.8538,-4.1242,-1.4814,-0.6589, 4.3435,-0.4928, 4.1465,-4.1850,-3.7684, 4.9349, 1.3308, 1.5448,-4.1497,-3.5248,-2.2137, 2.1209, 4.4736
 4.3872, 1.9876,-1.5602, 1.8568, 1.6087,-2.7976,-1.8980, 3.4194, 1.2221,-3.0597,-2.1484,-2.9938, 0.9658, 3.1670,-2.0177,-4.3981,-3.7451,-2.0090, 4.6909,-2.6299,-1.4425, 3.3494,-4.8148, 3.6326, 4.7239,-3.3292, 4.9216,-3.1883,-4.2525, 1.6280,-1.7148, 2.5843,-1.1016,-2.5656, 2.4852, 3.8546,-4.8147, 3.7376, 1.1787, 2.3106,-2.0530,-2.2934, 0.5129,-4.4951, 3.7696,-1.6910, 1.7658,-0.6922, 2.4876, 4.9928,-0.0761, 3.9336,-3.3480,-1.1104,-1.2155, 4.9489, 1.8122, 3.4320, 1.2962,-3.3787
-2.6403, 3.0931,-4.6902, 4.3950,-4.4102, 4.9690, 3.1152,-1.0397, 1.2044, 1.5786, 3.4970, 3.1577, 3.6466, 4.6375,-4.4438,-2.5124,-2.7669,-4.9500,-3.6527, 3.5711, 0.6768,-4.0358, 0.9063,-3.0659,-0.5787,-0.7460, 1.4992,-3.6830, 0.7346, 1.0577,-0.8942, 2.6795, 4.8438,-4.1643, 2.8293, 2.7605,-0.2552,-4.3649,-2.3386, 3.9230,-3.2771,-1.6327,-2.2348,-0.2636,-1.5119,-3.0983,-4.6451, 3.9390,-3.8660,-0.8667,-1.9372, 0.5843,-2.3607,-2.0256, 0.2247,-4.6060,-3.7155, 4.3002, 4.6147, 1.4595
 2.1809, 3.5604,-3.4130,-4.0877,-2.3564, 1.0765,-0.2283, 2.6741, 0.9122,-1.0483,-1.2239,-1.4632, 0.9249,-4.1398, 2.3819,-1.0730,-2.7740,-4.1029, 1.8884, 2.3973, 3.5633,-0.6553, 3.2751, 1.7774,-2.2884,-2.5486,-4.8997,-4.1871,-1.2022, 2.8100, 3.8796,-4.3066,-0.2555,-0.2620, 2.5831, 4.6327,-0.4142, 3.8966, 0.1900, 4.7077, 1.6263,-3.5671,-0.0824,-4.6227, 4.0258,-1.6010, 0.2986, 3.9027, 2.8591, 2.8378,-0.9295, 2.7182,-3.6520,-2.1409, 1.4493,-3.6873,-1.2471,-4.3164, 2.0779,-1.7512
 2.2418, 4.2524,-2.0602, 0.0232, 2.8945, 0.8871,-4.8640,-1.5541, 4.2830,-2.9437, 3.1939,-0.5049,-1.5634, 2.7257,-3.1789,-1.7304, 1.1086, 1.2230, 3.0245,-2.0727,-4.3399, 1.0003,-3.4810,-4.6262, 2.5018, 2.6769, 1.5451,-1.3707,-4.8375,-2.5699,-0.9418,-1.7231, 4.0938,-1.2206, 0.2637, 2.1734, 3.4815, 4.5671, 3.3270,-3.6584, 0.3453, 0.8589,-0.5399,-2.3702, 1.4580,-1.5414,-2.6201,-2.6394,-3.0452,-3.7727,-4.0886,-1.2459,-2.1870,-4.7191, 0.4941, 1.4311,-3.6217,-2.8059,-1.5202,-4.8352
-0.9318,-4.7857,-3.7237,-0.4338,-0.7247, 3.7055,-0.6853,-4.9433, 1.4336, 0.0855,-1.2999,-0.5806, 0.6147,-0.3826, 3.9784,-4.9288,-0.0551,-3.7998, 2.9764, 0.7020, 3.9628,-4.9224,-3.6846, 2.6624, 3.8735,-4.5168,-3.1309, 0.4056, 3.1605, 2.6337, 2.3146, 0.2408,-4.2140,-3.9857, 1.8419,-2.8736,-2.8592,-1.0382, 2.7286, 2.7753, 4.2244,-3.6605, 3.9112,-3.5521,-3.3740, 2.2090, 3.5440, 4.7870,-0.0374, 3.6478, 2.3222,-2.9655,-2.5950, 2.7622, 4.5082,-1.2977,-2.0379, 1.8434, 0.7316, 4.8837
-4.7976, 1.8083, 4.7241, 4.9524, 1.7676, 2.6710,-0.3529,-0.9743, 1.6426, 0.6579,-0.1702, 4.0098, 1.2872, 4.7850, 4.2132, 0.8176, 3.1307, 1.0147, 3.3008,-4.3666, 1.0882, 3.5133, 4.3547,-0.4807,-4.3836,-1.1069,-4.3814, 2.9037,-4.6465,-1.8480, 1.9624,-3.2855,-2.0336, 4.1664, 3.8930,-3.5295, 4.9270, 0.5400,-2.8058,-4.1525, 3.6792,-1.2770, 3.3561, 4.7665, 0.6759,-1.9834, 2.9278,-0.3654, 1.2057, 3.3127,-4.6654,-1.8342,-1.1689,-2.8991,-0.9195,-3.1479, 2.0690,-4.4108,-2.7363, 1.1003
 0.4378, 2.0354,-0.6862,-2.4021,-1.8153,-1.9803,-2.1222, 1.6576, 2.4506, 4.8820,-0.9986,-1.8159, 3.9809,-3.3525,-2.2291,-1.4484,-0.8550, 0.9900, 3.6945,-3.7303, 1.7532,-1.3209,-3.5827, 4.7854, 1.3149, 0.5555,-0.4514,-3.4897,-1.5688, 0.3251,-4.6726, 1.5917, 0.9662, 3.1071, 0.2317, 2.3862,-2.8415, 3.8222,-1.3034,-3.6223, 4.7363,-4.2999, 1.8177,-4.8000,-0.8000,-3.5346,-1.4814, 1.6325,-0.5132, 2.8082, 4.5544,-0.7126,-2.9514, 1.1548,-2.0905,-0.2590,-3.9891, 3.5475, 3.2898, 0.6316
 1.0737, 2.5227, 1.9628,-0.1288, 0.2570, 2.4478,-0.7199, 3.4758, 0.0951,-2.1247, 0.4016,-2.9971,-2.6012, 0.1838, 3.4459,-2.9925,-4.5063,-2.0897, 0.3153, 1.8165, 3.8695, 0.9831,-4.3507, 0.9725, 3.1955, 2.2623,-0.1484,-2.0028, 4.1931, 4.8056, 4.2432, 0.2773, 0.3747, 1.5736, 0.0411, 4.3508, 2.5496,-2.1174,-4.2832, 2.6711,-4.6501, 3.9028,-3.4969,-4.3004, 3.5479,-2.1936,-2.9209, 4.7650,-4.0717, 0.3244,-1.3699, 0.7571, 3.3229,-3.4812, 3.0480, 1.6016, 1.4408,-1.3921, 1.8804,-3.8131
 1.2861,-3.4100, 4.9080, 1.6726, 1.9736, 0.5646,-4.7616, 4.3658,-0.3074,-0.1986, 0.7273, 1.3703, 2.2193, 2.0852,-1.9014, 1.7589,-0.6209, 0.1068,-3.6994,-3.5177, 3.0928, 0.9051, 2.8326, 3.2503, 4.5787,-0.9693, 4.5252,-2.9438, 1.7948, 2.0418, 3.4770,-3.3929,-0.3649, 0.2213,-0.0488,-4.9534, 3.4775, 4.9420, 1.4397, 4.7283, 2.5533,-1.0817, 4.0511, 2.7595,-1.8840, 2.9359, 0.3533, 0.5056,-3.9725,-3.1106, 0.3512, 1.0361,-2.3881,-4.8311,-0.9529, 1.9581,-0.8321,-4.9291,-3.7871,-3.9625
 3.1649,-4.7755,-3.7081,-2.7818, 1.4723, 0.4728,-4.8805,-3.0361, 2.8668, 3.8478, 3.7756, 0.7962,-3.6724,-4.4768, 1.0127, 0.3569, 1.2090, 2.8353,-1.7321,-0.2325, 4.3281,-2.4721, 1.0083,-2.4020,-0.2495,-4.8457,-2.3731, 2.6442, 2.3595, 4.7889,-3.7599,-4.6293,-1.1846,-4.5705,-0.3343, 4.5106,-4.1373, 3.1148,-4.4176, 1.9729, 1.1253,-4.2793, 2.3837,-0.4471, 2.7299, 4.6411,-2.8215, 3.7534, 0.8762, 4.1922, 1.8722,-3.0011, 3.4239,-3.0648,-0.4592,-4.6748,-0.8674, 0.9075, 0.2010,-2.0334
-3.0261,-3.9808, 4.1019, 3.3202, 3.6274,-0.0344, 3.9472, 0.2863, 2.1431, 2.2972, 0.1474, 3.9398,-0.5773,-1.6570,-1.3973,-2.9871,-4.4917,-2.5947, 4.7157,-1.3086,-3.1778, 4.3609,-4.4178,-1.5560, 0.6453, 4.5649,-1.2532,-1.7881, 3.8311, 1.3703,-4.6285, 4.3985,-2.9948,-1.7610, 3.0010, 4.4165, 2.4495, 4.2892,-0.1245,-3.4751,-3.5080,-4.5795,-4.0825, 3.1294, 1.6975, 1.2875,-0.2756,-4.3463,-3.0399, 4.7684,-2.3976,-4.9186,-1.0928,-0.9516,-0.6892,-4.6672, 2.2038,-3.9563,-2.8242,-1.9654
 1.2673, 4.7596, 1.3902, 1.1048,-1.9616, 3.4764, 2.0306,-0.7856, 1.6798,-0.0790, 2.4980,-4.4376,-2.6429,-2.5920, 3.2115, 2.3490,-1.2615, 3.6176,-1.1309, 3.9306, 4.0075, 1.2587, 1.6187, 3.0826,-1.9899,-3.0680, 2.2577,-2.0141, 2.1996,-0.5234, 1.6560, 0.1712, 3.5439,-1.4189,-4.7926, 3.4996, 4.0201,-3.1168, 2.6840,-4.2235,-4.5710,-2.9099, 3.8230,-0.6512,-3.6604, 2.6521,-4.9307, 4.7173, 2.1222, 4.8241, 1.2539,-3.3206, 4.8972, 0.1485,-2.5242, 2.5656,-0.5331, 1.3572,-2.9104,-4.3469
-0.9746, 4.4777, 1.4327, 1.0388,-1.7016,-2.1068, 4.5864, 3.1326, 1.1923,-4.8101,-1.8042,-4.9632,-2.4564,-4.3409,-4.6498, 0.1913, 4.9536,-1.9275, 1.4971,-1.8893,-3.6869, 3.3268,-1.3743,-2.9669, 1.7680, 0.3262, 2.5572, 0.9130,-2.8033,-1.8685,-4.6688, 4.8999,-4.5477, 0.4582, 2.0704, 1.5645,-4.4469, 2.3162,-0.9293,-3.3404,-1.1544,-2.1059,-4.6324, 3.2280,-4.8330,-0.0536,-2.9529,-2.4447, 3.9162,-4.2349,-1.9410, 2.5592, 4.4389,-1.3273, 4.7701,-0.3515, 4.7713,-1.8202,-0.3381, 0.9850
 4.4443,-1.9039, 3.3802, 2.6752, 1.5169,-0.7320,-1.2216,-3.1612,-2.7039,-1.3398, 3.0913, 3.7765,-3.9493,-1.9501, 3.2215, 3.1505,-3.1754,-2.4373, 0.0386,-0.8046,-2.3854,-4.1194, 2.0157, 3.6500, 2.3704, 4.0016,-2.6585, 0.4259,-0.5086,-1.5514,-2.4005,-4.6927,-0.5470,-3.9998, 4.8228,-4.9687, 2.1164, 2.7603, 3.1301,-2.8558, 2.3920, 0.8528, 2.5545,-4.3478,-0.5909, 4.7428,-0.3504, 1.5960,-1.2491, 0.2315,-0.0709, 0.5105,-1.5136, 4.7331, 2.6796,-4.5523, 2.7443,-1.8677,-0.4050, 1.9463
 4.9643, 0.6187,-1.6213,-1.8123,-3.3898,-2.6898,-4.6894, 4.4742, 3.3593, 1.2086,-3.2783, 4.8592,-2.3833,-1.9774,-0.5990, 0.2923, 0.8876, 0.0143, 4.8827,-2.8595, 0.5483,-2.9089, 1.1290, 0.5179, 2.4912, 4.8277,-4.5451,-3.5721,-0.4556, 4.7359,-2.7827,-1.7347, 2.6151, 0.5369, 2.8033,-2.8988,-2.4240,-4.0058,-4.0125, 1.3066,-4.6556,-4.5134, 4.3461, 2.0719,-1.8448,-2.3076,-4.4214, 3.9259,-0.2026,-2.5155,-4.3333, 4.1457, 1.7559,-3.0760,-2.5916, 0.8583,-3.5870,-2.5536,-4.8827, 4.0212
-1.9935,-2.5293,-0.8980,-3.9002, 3.5603, 1.4932,-4.1934,-1.0986, 3.2678, 1.7270, 1.2652, 3.8188,-1.1444, 3.0209, 4.5056,-0.4045, 0.8300, 2.9782, 3.1049,-2.1397, 1.4799,-3.9476,-4.0164,-1.9882,-3.7197, 2.1253,-4.5456, 0.2486,-3.3318, 4.2089,-0.8876, 3.8132, 0.3657, 2.1136, 4.4309,-1.2152, 3.0080, 4.3747, 1.2618, 2.5744, 2.3432, 3.3729,-3.7303,-1.4985,-0.9427,-3.1992, 2.9377,-3.5974,-4.3794,-1.2815, 2.1746, 3.0431,-3.0365,-3.1287, 0.7329,-2.2668, 0.3949,-1.3559,-3.9120,-0.5954
 3.6380, 2.2087,-4.0098,-0.3164,-3.7742, 1.9083,-4.9704,-1.9282, 0.7813, 3.4902,-0.5491,-2.2328, 4.0284,-3.9497, 0.1948, 4.4271,-4.7719, 4.6531,-2.1391,-0.9787,-4.1843,-2.7186,-4.0358,-1.5877, 1.2039,-4.0987,-0.7235,-3.1426, 2.1398,-4.7521,-0.9736,-0.2335,-1.2333, 3.0881, 4.3309, 0.3106,-0.7285, 4.1128,-4.9900, 2.6071,-4.8263, 4.1979, 4.5551, 1.2900, 4.5033, 0.7685, 2.4533, 3.8214, 2.2231, 2.9315, 3.4501, 4.2877, 4.9530,-1.5367,-2.2866, 4.5777,-0.9889,-0.6479, 2.4421, 3.5718
-1.3320,-2.1856,-4.4674,-2.7779, 0.3567,-1.5917,-1.3511,-3.4120,-1.4738, 1.7101,-4.1320, 4.8269,-3.9538,-0.5469, 2.8368,-4.4017, 1.1630, 1.2342,-4.1108,-2.9953, 2.7643, 2.7317,-3.9658,-2.0519,-0.5155,-2.0548,-1.7288,-0.6299, 0.9899,-4.5094, 3.2661,-2.3007,-4.5633,-2.8743,-3.6638,-2.2807, 2.4209,-0.3566, 0.3431,-2.9991, 4.1615,-3.9587,-0.0924, 4.7861,-4.8283,-4.5522,-3.1078,-4.0491,-3.7918, 1.7475,-2.3782, 3.9742, 1.0378, 3.4300, 2.7692,-2.1039,-4.3263,-2.4598,-0.4574,-3.9097
-2.8917, 1.6937,-0.1589,-4.8950, 4.3821, 3.1916, 4.3652,-2.4717,-0.2549,-3.0799,-3.6897, 3.5705,-3.3856, 0.4305, 4.8338,-1.2207, 1.3470, 3.4973, 4.7585, 3.7912, 3.4281, 4.6027,-4.8957, 0.7592, 3.3669, 3.5545,-3.9760,-3.6873, 3.8591,-3.0631,-3.1783, 2.9609, 0.5379, 1.4889,-2.7231,-0.8678,-3.6670,-4.2442, 0.7581, 0.3486, 2.1148,-0.9036, 1.0051, 0.0804,-0.5834, 1.4068,-1.9819, 1.0315,-1.4766, 1.8442, 2.6613,-0.3944,-4.5803, 2.0671,-3.4483, 4.5290,-3.1908, 4.7816, 2.0999,-0.8237
-1.0603, 1.0874,-0.9129,-2.3588,-2.1460,-0.3774, 0.4816,-2.9228,-2.3128, 0.0092, 0.8268,-4.1833,-0.4163, 4.1370,-2.7879,-1.2619, 0.3789,-0.0205,-0.1174, 1.5639,-0.0577, 3.2721, 0.7963, 3.0715,-1.6736, 1.5789,-2.3167, 0.5384, 2.8276,-2.1729, 3.9507,-1.9314,-3.6006,-1.1151,-3.1353, 1.6632, 2.3385, 4.6633, 1.4878, 0.5205, 1.5839,-2.1356, 2.0671, 4.3978,-0.0679,-0.1234, 0.2696,-0.1814,-1.1384, 0.6746,-1.6502,-1.0104,-3.8679, 3.0559,-0.3489, 0.8006, 1.0244, 1.4845, 4.0440,-3.3565
 0.5434, 1.3081, 4.2705, 4.9617, 0.9369,-3.3927, 2.4689, 1.1260, 4.2235, 1.4762,-2.7009, 2.9280,-2.2010, 0.8092,-2.2065,-1.2479, 0.0990,-4.1000,-2.5628, 3.2954,-1.2729,-0.6364,-0.9970, 1.6524,-4.0279,-2.8184, 2.2415, 1.7726,-3.5795,-4.9312,-0.6506,-2.0884,-1.4625,-3.2752, 4.6391, 2.9384, 1.7789,-0.8031,-4.1286,-4.9125,-4.3092, 3.2872,-3.6235, 3.6929, 2.3238,-3.4739, 0.6551,-2.5516, 4.4455, 1.1005, 4.6415,-0.0462, 2.1240, 0.5526,-2.5010, 3.9123, 1.5029, 4.9858,-3.0232, 2.1356
 3.5868,-0.4460, 1.1484, 2.3316, 0.6993,-2.0331,-3.8764, 2.3847, 1.4781, 2.5517, 2.8932,-4.3318, 3.5253,-1.1636,-3.5785,-2.8380, 4.9986, 4.2606,-0.4706, 4.4895,-0.5560, 2.4395,-2.0147,-1.7504, 2.0467,-3.4416, 2.0146, 1.4302, 1.5261, 2.5540,-0.5553, 1.3423,-1.6869,-1.2195, 3.0592,-0.2654,-4.5153, 4.7046, 1.9300,-2.0036,-1.1605, 1.0507,-1.0141,-0.6956, 4.8117, 0.4949,-3.7881,-3.1379,-1.5078,-1.3742,-1.5676,-2.8821, 4.4784,-1.9917,-3.7584,-0.0505,-0.1139,-0.3792, 1.9090, 1.3459
-0.1342, 2.6319, 4.3222,-4.8049, 3.1449,-2.3341, 2.9362,-3.7919,-1.6216, 2.4354, 3.0378,-2.0093, 2.6689, 3.3190, 2.0762, 2.2172,-2.6637, 3.0689,-4.7768,-3.1507,-0.6040,-4.7199,-4.2943,-1.9053, 4.1437,-4.1325,-0.4513, 1.7665,-2.0089,-4.9322, 0.2892, 4.2685,-2.2884,-3.3192,-0.0815, 2.6141, 0.1925, 3.7143, 1.0693, 2.3342,-1.7578, 3.0217, 4.3529,-0.9081, 1.5221,-4.3920, 1.9446, 3.7558,-3.9608, 0.3380, 1.1727, 4.0651, 0.7269,-0.3462, 3.6285, 3.4502,-2.3697, 3.3677,-3.2550,-1.3277
-3.0065, 4.1894,-1.1342, 3.7928,-0.8999, 4.5286, 4.5254, 3.7473, 4.5649, 1.1447,-3.2698, 3.8412, 3.2362,-1.8981,-2.7184,-1.8445,-2.2017, 4.8597,-0.5788, 2.9176,-2.2032, 2.6650, 0.0266,-4.9467, 1.6934, 2.2134,-0.0259, 2.4845, 4.5192, 2.0296,-2.4511,-1.8492,-1.8601, 2.4558,-2.1430, 3.2498,-3.5972,-1.2556, 0.0062,-0.4464, 0.0609, 0.3137,-3.8586, 0.6459,-1.3289, 3.9243, 4.8665,-1.8449, 0.0313,-1.2171,-4.0038,-3.4005, 4.3787,-3.7554, 3.1643, 1.2982,-4.9507, 3.0570, 2.2193, 1.3941
-3.9252,-3.3745, 2.6153,-1.1579,-0.0843, 0.6519,-0.9388, 2.3805,-4.4279, 0.0545, 4.5029, 0.8839, 3.3970,-0.8114, 4.0314, 3.6043, 3.8021, 0.2658,-1.7342, 4.3228, 2.9691, 1.8606,-0.1205,-3.5240, 1.3207, 1.8299, 4.0379, 3.1078,-1.5275, 3.6638,-3.9123,-0.6751,-0.6478,-1.7975,-2.5984, 4.7602,-1.0451,-1.5850,-2.0423, 0.7170, 3.6926, 4.9380, 4.5394, 3.1877,-2.6955, 4.9228,-1.8092, 3.3087,-2.5830,-3.3379, 0.6534, 0.5042,-0.1744,-2.4705,-1.0112,-2.1893,-2.3307, 4.9166,-0.6810,-0.0162
 1.1643,-0.7346,-1.9939, 1.6149,-2.6829,-2.0967,-1.8172,-4.3105, 3.3891,-4.7570, 0.1244,-2.3098, 1.0034,-1.4191, 2.9394,-2.5893,-3.8032,-4.0369,-4.6081,-3.2528,-0.0861, 2.0562,-4.7922,-0.9865,-2.8787,-3.1727,-1.2053, 3.2520,-4.5168, 3.8044, 4.4234, 2.6462,-1.7569, 2.6174,-2.3869, 3.9555, 0.5799, 4.9112,-2.8739, 2.4005, 0.9355, 0.8821,-2.8984,-4.6465, 4.4337,-1.0032, 4.6766, 0.8181,-2.7044,-4.4767, 2.3407, 4.1167, 2.9861, 1.9889, 3.0640,-4.2443, 3.0029,-0.5028,-3.7787,-3.6004
-1.0099, 4.9226, 2.8377, 4.5516, 4.2964,-4.8726,-1.5241,-4.6022,-1.4253,-4.6851,-3.4031, 3.8092,-1.9041,-4.5374, 3.5691, 2.2529, 2.9822,-4.2420, 0.5720, 0.0543, 3.5175, 0.4884, 4.2445, 3.1995,-2.5034, 1.6208, 1.9599,-2.0232, 0.8089,-2.9108, 0.1753, 2.3751, 2.4781, 4.8257, 3.6114, 1.8469, 2.9027, 4.1264,-1.1088,-4.3615,-2.3999, 4.4040,-1.0648,-4.7332,-3.2919,-1.6613,-3.9299,-4.6100,-2.4060,-2.6725,-4.8670, 4.2538,-4.2719,-0.8997,-2.2504, 4.2075, 4.7030,-2.1588,-4.4316,-4.0957
 0.3038,-4.6804,-2.5016,-2.4541,-1.8436, 4.6611,-0.2566, 4.8385, 3.1380, 3.3825, 1.1270,-1.3216,-2.4618, 3.5102,-0.5959, 3.5782, 4.3362,-3.4760,-2.6260,-2.5280, 2.5326,-1.3690,-2.2955, 0.1762, 1.6746, 0.1468,-1.4027, 2.4353,-2.8102,-0.6032, 1.5067, 3.5933,-0.6803,-3.0701, 3.0575,-0.1825, 4.8095, 1.0946, 0.7189, 4.7039,-0.5305, 2.9280,-1.8162,-4.5910, 0.3671, 2.0227,-2.6111,-0.8796, 3.9131, 0.6669, 3.5721, 2.5749, 0.4411,-4.6187, 1.6391, 1.3797,-2.8235, 1.9953, 4.3731,-3.9508
 1.8827,-0.6340, 4.7099,-3.9616,-3.3747,-2.3334, 1.8538,-4.3025,-4.7729, 2.5118, 4.1823,-1.4907,-4.1963,-1.9475,-2.2150, 4.4716,-1.1246, 2.6631, 4.8486,-2.5526,-0.0379, 4.1318,-1.3498, 3.9371,-0.7450, 4.4285,-0.6926, 2.2691, 0.4982,-4.9983,-0.8923,-2.6640,-3.5239,-0.4264,-3.9152,-4.3620, 4.9228, 1.9653, 0.2407,-0.2258, 4.0993, 0.8014, 4.6339,-4.3180, 1.3864,-0.5456,-0.3853, 0.4055,-4.5329, 2.4406, 4.5779,-4.2288,-0.3916,-4.7064,-4.0345,-0.6940,-3.0410, 4.3618, 0.6468, 1.5762
 0.5674, 4.5864, 4.3189,-3.9603, 3.0398,-4.7967,-3.4288,-2.0919, 2.1854, 4.0982,-3.6058,-1.8253,-0.1275, 4.0090, 1.3707,-4.5753,-4.7379,-1.0931,-4.9688,-0.0824, 0.6211,-1.9522, 0.3763, 2.6250,-0.9186, 1.3418,-3.5043,-3.4397, 0.1274, 2.0623, 0.9943,-4.9511,-3.9589,-0.0088,-1.6564,-4.1440, 4.6448,-0.6906,-2.5765,-2.1061,-1.1926, 4.4560, 3.2672, 1.7999,-0.6548, 1.4739,-2.5096,-1.8751, 2.4453, 2.7147,-0.0017,-1.7704, 3.9320, 0.9315, 4.6924, 1.7035, 3.5386,-0.8990, 3.2354, 1.7084
 2.9900,-4.0872, 0.3019, 3.0387,-0.0542,-2.1354,-4.0124,-3.0995,-2.0323, 2.1482,-2.0046, 1.9633, 4.6750, 3.2438, 0.9962,-4.9327, 2.2903, 4.0207,-3.3577,-3.9649, 0.7876, 1.8413,-1.3250,-2.7710,-3.6418, 1.1405,-0.2003, 3.6143,-0.9192, 4.2181, 4.4809,-1.0311,-3.7603, 4.7691,-1.2448, 4.2573,-1.7073, 1.5203,-3.9664,-0.0106,-0.3893,-0.9591, 3.8087,-1.9426, 1.6129,-0.4475, 1.5134,-3.2423,-3.3058, 1.2417,-2.1424,-1.4787,-3.4214, 4.2711,-0.3416,-0.3144, 2.6336,-2.9411,-2.7474,-0.6195
 1.7591,-1.0845, 4.8628, 0.1490,-3.8981,-0.4770,-2.0297,-3.6615,-3.1765,-1.3711, 4.5445, 1.6903, 0.7005, 2.4375, 2.3149, 1.0099, 0.1192,-3.0072, 1.8133,-3.1873,-1.2063,-2.9733,-0.7897, 1.2400,-2.5391,-1.3726,-1.9974,-3.0122, 4.5180,-0.4717,-4.0636,-4.2330, 4.8379, 3.4816,-0.1856,-2.5306, 3.2191, 3.2693,-3.2214, 1.6825,-0.0931,-0.4939, 3.9070, 1.0984, 2.2834,-2.4608,-3.8532, 2.9967,-4.2911,-2.1514,-4.7474, 2.4660,-4.5085, 4.4140, 2.5251, 1.2129, 2.4918,-4.1982,-2.6655, 4.0039
-3.7905, 4.3526, 0.7307, 0.3710,-4.7993, 4.5993,-3.2672,-1.8905, 4.9968,-0.7288,-2.4188, 1.0560, 1.6847,-3.4377,-2.0751, 3.7716,-4.7343,-4.9425, 1.1814, 2.0152, 1.5099, 2.3042,-0.7963,-1.6888, 1.0231, 4.0622,-2.5356,-0.7726,-2.4161,-2.1598, 3.1635,-2.0828, 3.6337, 3.7338,-3.9734,-1.8495, 2.1491, 0.5553, 1.6308,-1.6343,-2.8401,-2.5561, 0.0723,-4.8258,-3.0050,-0.7050,-3.6111,-3.8829, 0.9344, 4.0775,-4.3609, 4.7734, 3.1480, 3.3811,-2.7633,-1.2838, 0.8847, 1.2856, 3.9907, 3.0154
 3.2296,-0.6127,-2.5616,-3.4177,-2.0866,-4.7510,-4.3861, 2.0820,-2.8766,-4.0105,-3.7150,-4.6552, 2.1317, 3.3413,-4.2672,-3.2296,-2.7271,-4.4149, 2.9281, 2.4530, 4.0991, 0.1962, 0.0742,-1.1436, 4.2628, 3.8452, 1.2583, 1.0829,-0.8607,-0.3129,-3.3497,-2.0697, 3.3007,-1.3101,-2.1821,-2.7152,-3.6233,-0.3191,-3.5104, 0.0704,-2.4005,-0.8987,-3.2047, 3.7794,-4.6389, 0.8043,-2.8170,-0.8311,-2.9668, 3.0022,-2.9441, 0.4809, 4.0796,-3.5224, 4.0529,-3.9117,-2.3617,-0.4221, 3.3894, 0.9669
-2.8306,-3.0569, 3.6858, 2.7684, 0.2398,-2.6691, 3.0350,-1.1993,-1.7359,-3.7784,-0.3534, 3.4612,-3.7837, 0.8805, 1.2039,-4.1958,-2.3570,-1.4827, 2.8546, 1.1857,-1.4277, 4.5449,-2.8858,-4.1929, 4.8104, 3.6510,-2.7481, 4.7414,-4.5781,-2.5573, 2.9433, 4.6074, 2.6715, 4.9540, 1.4416, 2.6047,-0.9700,-0.4666,-3.8163, 0.5847,-4.3357, 1.8498, 4.6243, 4.7147, 3.9310, 4.5951,-0.5283, 1.7419, 4.8616, 4.9565,-2.7281, 4.4015, 0.9094,-3.3197, 1.8175, 3.8577,-2.9745, 2.3094, 1.3536, 2.1756
-4.4320, 0.0388, 4.9505,-0.4865,-3.8280, 1.9164, 4.8501, 2.8904,-3.7176, 3.6631,-3.9357,-1.2413,-3.1287, 2.2248,-4.0013,-4.6985,-3.5231, 4.3000,-1.8065, 3.2137,-2.8607,-2.5909,-0.9823,-3.9360, 3.7565,-2.8669, 2.8231,-0.2723, 3.5953, 1.0636, 0.0840, 0.7869,-2.6918,-2.3291, 4.3503, 2.2342,-4.1802, 1.9324, 4.0391,-2.5107,-4.1868,-1.5138, 0.3495,-3.9463,-2.7977,-4.6125,-3.2284, 0.9580, 3.2867,-3.8686, 2.9474,-1.9506, 0.5707,-1.7927, 0.0057, 2.0799, 3.7240, 3.7463, 4.1008, 1.3895
 0.0072,-0.2756, 2.3071, 3.9894,-4.1019, 1.5123,-0.1610, 1.6183, 0.4115,-3.4828,-3.5937,-0.2866,-3.9529,-0.0664,-4.4625,-1.6439, 2.8869,-1.3954,-1.3507, 2.6903,-3.9980,-3.5860,-0.7017, 1.6472, 1.0124,-2.8902,-3.4492,-2.5192, 1.0641, 0.6569, 3.0578,-4.7272,-0.8795, 2.4377, 2.5127,-0.1858, 2.6837,-4.7958, 3.3834,-2.3164, 4.4149, 1.4500,-3.7121,-3.4143, 1.9349, 2.8767, 3.1262,-0.4591, 2.7103, 2.6663, 3.8116,-1.1162,-3.4944, 3.0215,-0.7608, 0.2510, 4.0163,-0.5561,-3.3394, 4.1272
 4.6186, 2.1988, 1.1851, 0.9442, 0.2420, 0.1451,-2.1138,-2.9419,-4.3055,-1.5305,-4.2992, 0.1784,-3.5176,-4.6287, 2.8004,-3.9698,-1.4124, 1.5286,-1.4420,-3.0836, 2.3773,-4.0174,-1.7370,-4.6618,-0.3586, 1.2988,-0.2747,-2.3042, 0.9634, 1.8269, 4.7045,-4.9794,-4.6419, 0.9902,-2.7116,-3.1260, 3.8730, 3.6833,-0.6029, 3.0514, 3.2592, 3.0476, 4.1180,-4.3637,-3.3055,-1.1607, 1.1886,-3.2366, 4.0269,-4.4699, 1.5819, 2.6395, 3.2966,-1.7823, 1.2051, 0.6058, 2.3968,-3.4169,-1.4979,-2.5782
 0.4048,-2.7949,-3.9607, 1.5636,-3.6291, 0.8173, 4.4161, 4.3633,-3.5583,-2.2165, 2.1283, 2.4796,-3.3764,-2.4719, 2.5768,-0.6731,-1.2880, 1.9080,-2.3512,-1.2307,-1.5727, 4.3938, 1.3875,-1.7787, 0.5814,-2.4560, 1.8346,-0.0519,-4.1694, 2.4133, 2.2358, 2.2552,-2.9198,-3.4287, 4.0149, 1.2058, 0.3966,-3.9043, 2.0241,-2.8677,-2.4235, 2.6768, 2.4276,-3.7504,-1.5786,-4.4633, 3.4001, 3.4661,-3.4940,-4.1656, 0.3005, 4.4919, 3.9063, 3.2138, 1.0999, 0.0444, 2.2947, 3.1464,-0.9325, 0.6897
 4.6042,-3.4601,-1.9112,-0.1990, 1.6494, 0.1117, 0.9326,-1.1591,-0.9182,-2.8001,-0.4674,-2.5021, 2.8540, 3.2531, 4.9658,-0.3445, 1.9931, 1.2343,-4.3070,-0.8543,-1.2537, 4.8527,-4.6373,-0.8622, 4.7242,-1.4869,-1.8592,-4.7612, 4.8144, 3.1380,-4.9835, 0.0886,-0.6256,-3.0003,-3.5506,-2.0534,-0.4590, 0.2271, 1.9598,-4.7156,-2.9227,-3.5536,-3.6995, 3.4743,-4.3723, 2.5404, 1.6954,-2.6252, 4.4371,-2.9042,-1.3265, 3.6487, 2.6617, 2.2171, 3.3000,-2.6247, 3.9034, 0.2452,-4.1772,-4.7111
-0.8448, 4.9203,-3.1998,-1.4517, 2.8948, 4.8264, 3.9375, 2.9571, 0.0343,-3.5202, 1.4000,-1.2236, 0.6802,-1.3532, 0.8542, 3.9048, 0.3281, 0.9154, 0.8616,-3.9233, 0.3308, 2.3547,-0.2726,-0.9223, 3.8766,-1.7634,-3.9843, 1.6966,-4.5112, 1.9364, 0.7613, 4.5031, 3.5443,-4.4985,-2.6662,-2.0642,-0.7430,-3.8913,-2.9228,-0.4172,-0.1303, 4.4846,-2.8606, 0.5540, 1.9947, 2.4968,-2.5496,-0.3883,-4.9383,-0.6826,-3.8263, 4.7554,-2.0917, 4.2708, 0.6541, 2.9912, 1.5681,-2.6338,-0.7877,-1.0550
-4.8473,-3.5566, 0.3145,-2.8721,-3.0231, 1.1830,-2.4012,-1.8892,-2.2259,-1.4234,-0.6996, 1.4947,-2.5470,-1.0819, 2.1484,-3.2377,-2.8314, 2.2149, 2.0988, 1.0665,-2.6656,-1.9135, 3.0343, 0.5490,-2.3575,-0.8128,-3.1695,-3.5400, 0.4129,-2.0701,-2.1853, 3.2621, 0.2204,-3.0365, 0.1238,-4.3798, 0.2335,-0.9271,-0.8737,-1.7421, 3.8495,-4.8683,-0.9656,-2.8073,-4.4787, 1.1561, 3.3496, 1.6672, 1.8304,-2.8503, 4.4194, 1.7081, 1.8707,-3.8299,-1.1957, 1.5642,-3.1193, 1.2717, 0.4271, 1.7902
 3.0626, 3.8588, 4.3440, 4.9843, 3.7330, 3.1577,-0.9017,-0.1079,-2.8665,-4.1303, 3.4644, 0.3581, 2.2363,-1.3937,-2.7592, 1.0425,-0.9418, 4.3898, 0.2699,-0.2956,-1.9983,-3.9404, 1.4235, 3.8754,-0.5105,-2.6610,-4.5447, 4.9270, 1.2684, 2.5395, 2.8939, 3.7483,-1.6668, 2.1503,-0.3945, 0.9780,-0.6553, 4.4970, 2.5106, 3.8137,-4.4290, 1.5413,-3.0478, 4.8151,-2.9359,-2.2597, 0.3560,-2.7575,-1.8040, 4.3077, 1.1809, 0.8988,-3.4643, 0.7818, 3.4771,-0.1973, 4.3964, 2.8087,-2.6242,-1.3222
-0.5842,-0.6615, 2.7599, 1.5409, 1.9031, 1.1833,-1.5086,-3.9573,-1.9959, 3.6073, 3.5654, 1.0103,-2.7265, 4.4311, 0.5808,-4.9488,-4.5595, 0.3722,-3.4987,-4.2771, 0.9515, 1.1549,-3.6595,-4.3376, 4.2512, 3.4174, 4.8801, 2.2399,-3.6663, 4.0715,-3.7065, 4.3730,-3.4194, 3.6759, 2.9351, 2.5459, 3.9861, 2.3655, 4.4195,-2.4175, 0.3686,-0.2970, 3.9419, 1.9711, 1.5597, 4.3481, 4.8983, 1.6037,-3.7131, 2.9887, 3.8500, 4.7426,-2.7989,-4.8500, 4.6544,-1.6197, 0.3357, 1.0368,-3.0001,-2.0748
