-3.8457, 1.3866,-2.8759,-4.8195,-0.1586, 1.2955, 2.3979,-2.8829,-2.3872,-1.1703,-3.9925,-2.7004,-4.1282,-2.4684, 2.1945, 1.4526, 4.1698,-0.2790,-0.8530,-4.4452, 1.3231,-4.6443,-4.0273, 3.0158, 2.4854,-0.0146, 0.0433, 4.8206, 2.2465,-0.6874,-2.7646,-2.4317, 4.0682,-3.8081,-3.9147,-2.8551,-2.0438,-4.7743,-3.6460,-1.2598, 2.0918, 1.1304,-0.3232, 4.3076,-1.0050,-3.6507,-1.9990,-3.2775,-2.2782, 4.7182, 4.7417, 0.9498,-0.6622, 3.5159, 2.6172,-4.2805,-0.3610, 2.4045, 3.7132, 3.9888
-2.5963, 3.5126, 3.7997,-4.4367, 1.4884, 3.6786,-4.3903, 0.1321,-4.1730, 1.7130,-1.9679,-2.2879,-0.8427, 2.5850, 4.5349,-0.5199, 3.8197, 2.5852, 1.1009, 4.9956, 0.4596,-3.4485,-2.0476,-3.5850, 0.8951, 2.2168,-2.4626,-1.4234, 4.0975, 1.7898, 4.9038, 4.4632,-4.2710,-0.9242,-3.8897, 4.9963,-2.6080,-1.9842, 4.8666, 1.6467,-3.7381,-3.7682, 4.1801, 4.0784, 1.3742,-0.3514,-2.8335, 0.8879, 3.6793, 1.0316,-0.0132, 1.6396, 0.8237,-0.7450,-0.0627, 0.6441, 3.3385,-1.2104, 4.3836,-1.7772
-0.0681, 4.8921, 0.6144, 3.0846, 4.9881,-1.9550, 2.1570,-4.4165, 2.3496,-1.6868, 0.0784,-2.7457,-3.6146,-1.2618,-3.5810,-4.6250, 2.2914,-4.1335,-3.3918,-1.6370, 2.0880,-1.5114, 3.0356,-2.0784, 1.4346, 4.8106,-2.8668, 1.4617, 4.6589,-0.0078, 0.4839,-3.9287, 0.2370, 4.0905,-0.2434, 0.0748, 2.0780,-2.3339, 0.4504,-4.1201,-4.1036,-2.4262, 3.3881, 1.2613, 0.2337, 3.7798, 4.9658,-2.2760,-2.4455, 2.6843, 0.1540,-0.9164,-0.1299,-0.7750,-0.8002,-1.0063, 2.1544, 0.7643, 2.4845,-0.1918
-4.3093, 4.4997, 0.0214, 3.9841,-1.6084,-0.6277, 3.8436,-0.9080, 2.0432, 3.6998,-4.9883,-2.4499,-4.3966,-4.2835,-0.7784,-4.3544, 4.0775, 4.5677,-3.4470,-0.3537, 2.4298, 0.7034, 3.4701, 3.1413, 2.7754, 0.8673, 1.3284, 1.3087, 4.2123,-3.4934,-0.8113, 4.8310,-2.7439, 1.3596,-1.7079,-1.7122,-4.8785, 2.3405, 4.1565,-3.4673,-4.8024,-4.9649, 3.3620, 3.8956,-1.1255, 4.5190,-0.1927,-0.4987, 2.4936,-2.7840,-0.2518,-2.6003, 4.0353,-2.7323, 3.4792, 2.5731,-1.6442,-0.2539,-1.7988,-3.9037
 0.7894,-1.0683, 4.8583, 0.1256,-0.7939,-4.7726,-2.6675,-2.5006,-2.0736,-0.1918, 3.3160, 2.3818, 1.6450, 1.5473, 0.0447, 0.2431,-1.3438,-4.5459, 4.4760,-3.7353,-1.9339, 1.8091, 2.3468,-4.7858, 0.1134,-0.5384, 3.3968,-2.2606, 4.4597,-3.3179,-0.2270,-1.8822, 0.6858,-3.4085, 3.3317, 0.1687,-2.0122, 3.3258, 4.8344, 0.1432,-2.6479, 0.0068, 3.2013, 3.9703, 0.1676,-3.3147, 3.3557, 2.3360, 3.3210,-1.7626,-4.2081, 1.0406,-2.8408,-0.0485, 0.9789, 1.0628,-3.1751,-1.1251,-1.9270, 1.7746
 3.6029, 0.9880,-2.7262, 2.6959, 3.6259, 3.5573, 2.2493, 3.9888,-0.6348, 3.0977,-1.2338, 2.6782, 2.3419, 4.2517,-3.7452,-1.1508, 3.2842,-0.7693,-1.0526, 0.4319, 0.1496,-0.0831, 2.0437,-4.4473,-4.3426, 2.2055,-2.1261,-2.8672,-3.2133,-4.0198, 4.6519,-4.8729, 1.9355, 1.8926, 2.5722,-3.1485, 1.3359,-1.7632,-2.4748,-2.0409, 1.9528,-0.1198,-3.3834, 4.3989,-3.8362, 3.9093, 0.3015,-1.1148, 4.0668,-3.0395,-3.1728,-0.0057, 2.8517,-0.4953, 0.1298,-4.8636, 0.5313,-2.2186,-0.3980, 0.5696
-3.7059,-4.1067,-2.5202,-0.5128,-1.3574,-1.4028,-2.0704,-2.3277, 0.3367, 1.0963,-2.7544, 3.5138, 3.3177,-3.9797, 2.8778,-1.8545, 3.9220,-2.0571, 0.8552,-2.8454, 2.7197, 2.8894,-0.2652,-3.8017,-3.9960, 2.0681, 1.5461, 3.4729,-4.7615, 3.1744,-0.3887, 1.0071,-3.4154,-1.4778,-2.9510,-0.9534,-4.0879, 2.5632, 1.5235,-0.5675, 2.2092, 0.9065, 2.9431, 0.2465,-4.2203, 2.1217,-0.7794,-3.3843,-4.7628,-4.1742, 0.1998, 4.2896,-2.3231,-0.9536, 4.9043,-3.2851, 4.3305, 0.4809,-0.2641, 0.0051
-1.2361,-4.3976,-1.0452, 0.1920, 2.3188, 0.4575,-0.6759,-1.3547,-0.4602,-1.3336, 1.5946, 1.3554, 4.1660,-1.1631,-2.2087,-0.6885,-3.5353, 0.7973, 3.9313, 2.3615, 1.8656, 1.7330,-2.0399,-2.3303,-4.1154, 0.9794, 2.3704, 2.7276,-0.2701,-0.8663, 0.9538, 0.5576,-4.5954, 1.7808,-4.5880,-0.0855, 3.0931, 3.7172, 0.5818,-0.7995,-4.8997,-4.5943, 4.5994,-0.7759, 0.7697, 0.5454,-2.3405, 4.3911,-0.2903,-2.9865,-3.4376, 2.2486, 3.5514, 0.7511,-2.3704, 2.3874, 4.4703, 1.7605, 0.8962, 1.0766
 1.4770, 3.0668,-2.1735, 1.6049, 0.1465,-0.4128, 4.4476, 1.1622, 3.7836, 1.7690,-2.1173, 0.4321,-2.7549, 1.2447, 3.6888, 2.7985,-0.5637, 2.9706,-0.0593,-0.7885,-1.2448, 1.5641, 2.8719,-4.3252,-4.6521,-3.5683,-0.4875, 0.2659,-1.4013,-0.7746,-1.5308, 2.0303,-4.4601, 0.3037, 2.6845, 4.6353, 3.2808, 1.7838, 2.1774,-1.1338, 1.1052, 0.4350,-4.9784, 3.1528,-2.7126, 3.8661, 0.9845, 1.3763, 2.3700,-4.9881, 0.4599,-0.8618,-2.3522,-4.7961,-0.5405,-1.0970,-2.6643,-0.8537, 2.1090,-1.8425
-1.4438,-2.6735, 0.3930, 4.7968,-4.3581,-2.0885, 1.9477, 1.3691,-4.3789,-4.9217,-1.2010,-1.1460, 4.5232,-0.5021,-4.6646, 0.7466,-2.1038,-4.5273,-4.8479, 1.4280,-2.0749,-1.0014,-1.6914, 1.4913, 3.7538, 0.0343,-1.6317,-2.8883, 1.9561, 3.9431, 0.3623,-0.7397, 0.5131, 4.6658, 4.0482,-4.9535,-3.5916, 2.1337,-3.9231, 4.1235, 0.0437, 1.4347, 4.6649, 4.1754, 3.7382, 3.0016, 2.3160, 1.3400, 1.7102,-0.8638,-2.8391, 4.4339, 2.4278,-1.5121, 0.6124,-1.4651, 1.2366,-1.0248, 3.6829, 4.9323
 4.7668,-0.7355, 1.0822, 3.7532,-1.3411,-3.1831, 2.3518, 4.4679, 3.4323, 4.0395, 0.4431, 0.0453,-1.8310,-3.0635,-2.7949,-1.0392,-2.2425, 0.2407,-0.4698,-2.9065,-3.8321,-1.0132, 2.7124,-2.6548,-1.6344, 1.0804, 2.7810, 2.3761,-3.7290,-4.9908,-1.5889,-2.6898,-1.1558,-1.1388,-4.6897,-0.0722, 3.6908, 2.6962, 0.8433, 2.7426,-2.2452, 4.6104, 4.1903,-0.0868, 0.8676, 3.9031,-2.8050, 1.0282, 2.9487,-2.6248,-2.8716,-0.5832, 1.9608, 0.1549,-0.8762,-4.6446, 3.1599,-1.4894, 0.1124, 0.8298
-3.9055, 0.5904,-1.6401,-1.9889, 2.1345,-3.0520,-2.4624,-2.1953, 4.5115, 0.5139, 3.0254,-1.5436, 3.6244,-2.6143, 0.1709, 1.6362, 3.8253, 3.5989,-3.6442,-1.3268, 1.1980,-1.5681,-1.4463,-0.5610, 3.0182,-2.4800, 2.3252,-1.0719, 3.3735,-2.1479,-1.9911, 3.6584,-1.5795, 1.4537, 4.4630,-3.9000, 2.9149,-4.2315,-1.7358, 2.9963,-0.8054, 3.7174, 4.9854,-4.2987,-1.9464, 4.0019,-3.0746,-2.3267, 4.7836, 0.4239, 2.9371, 3.0848, 3.3053, 2.3673, 1.9008, 1.3409, 1.3202,-1.2634, 1.7229,-0.8827
 2.6075, 4.6847, 3.7677, 2.9583, 0.4940,-1.6756,-4.1866,-2.6354,-1.6295,-0.2502, 2.8456, 4.2198,-0.9566,-1.2355,-4.9962, 4.7811,-1.4660,-2.8346, 1.3615, 2.7168,-3.9338,-0.7137, 3.7342,-0.1669, 0.8791, 1.9622, 0.8819,-1.4614, 0.0234, 4.6871, 3.9441,-1.4369, 2.7825, 0.6188,-1.6207,-0.8519,-0.7721, 4.8661,-3.4252,-0.5442,-3.5357,-3.7074,-4.0528,-3.6177,-2.2953,-0.8424,-0.3011,-1.8354,-2.1095, 0.7537,-0.5906,-0.3529,-3.9992, 1.3405, 2.4443,-4.9283,-3.5958, 1.9139,-4.3806, 2.2862
 0.5356,-4.8380, 3.8129, 3.8620,-0.2795, 1.4503,-0.6623,-1.0696,-2.9524,-2.4587, 4.4555, 4.7707,-2.1489, 4.2971, 4.4479, 2.8403,-2.8215,-2.6676,-2.7774, 0.9400, 0.9673,-4.1021,-0.1777, 1.9779, 3.6023, 1.2954,-1.0085,-4.3522, 4.7798,-4.2015,-2.4397, 2.4028, 2.8996, 1.1281, 3.5544,-3.7458, 2.5574,-4.3246,-4.5022,-3.6407, 3.5778,-4.0764, 4.3419, 3.2488, 0.5420,-2.0392,-2.6606,-1.8796,-2.4911, 2.1763,-2.5538,-1.9731,-0.4834,-0.5047,-2.9468,-0.4828, 4.0836,-4.5567, 2.6293, 4.6441
-4.9216, 2.4574,-0.9317,-3.2466, 4.7488, 3.1725,-0.8801, 3.7194, 0.7490, 4.8968,-1.8910,-4.6519,-0.1487,-0.8861, 3.6095, 2.1994, 1.0585,-4.2924, 4.0607,-3.9320,-2.1549, 4.2199,-4.5830,-0.2368,-1.0570,-0.6612, 3.8599, 1.0861,-3.4698,-3.7856,-4.4101,-2.3011,-3.7219,-0.7541, 1.0861, 1.3463,-0.9197,-2.6415,-3.8994,-1.3910,-2.0637,-0.6529,-1.2645,-0.6131, 3.8033,-0.4361, 2.6208, 1.8419,-1.2641,-0.0844,-3.1850,-1.7939, 3.7800,-4.5322, 0.1286,-2.5868, 2.8497,-3.8097, 2.0316, 1.6509
 0.8509,-2.6907, 4.5593,-1.2582, 4.2881,-1.9028, 1.3395, 4.5630,-1.0236,-0.5304, 2.9639,-3.7723, 1.6093, 2.5472,-3.7448, 2.3187,-0.0641,-0.6822,-1.4495, 2.2878,-2.7159, 4.5476, 3.1467, 3.1197, 0.6690, 4.5069, 1.6047,-1.1832, 2.4876,-4.4836,-4.5236, 2.5168,-1.4687,-3.4928,-0.7815, 4.8347, 3.4768,-2.4040,-3.9154, 0.3278, 3.1543, 0.2633, 0.8433,-2.0756,-2.8100, 3.5907, 4.5548, 1.7915, 2.3586,-2.3894,-3.2692,-3.8447,-4.6422, 0.3935, 1.0262, 3.6140,-2.4028,-2.0086, 1.5186,-3.6630
 0.7897, 1.7781,-4.6884,-3.9843,-4.3321,-2.5257, 2.9014,-2.2287,-0.8326, 1.2009,-0.1304,-3.8804, 2.3283,-1.3294,-1.3468,-3.1473, 4.5606,-3.7061, 2.0970, 1.0762,-2.1097,-0.7308,-2.3523,-1.6859,-0.5157, 0.2537, 3.1606,-3.1923, 4.8543,-4.4926,-1.3394,-0.1836, 3.8019, 2.1539, 0.1974, 3.1048,-2.6439, 2.7014, 0.5667, 4.5551, 1.9233,-3.7097,-0.9695,-4.4671, 1.4448, 3.7883,-2.3409, 3.6313, 4.4379,-3.8452,-4.9042, 3.7805,-3.0510,-1.0497,-2.4235, 0.0184, 2.4790,-1.1196,-4.4013,-4.7021
-1.8572, 2.4212,-0.9631, 4.9567, 0.6556,-2.6991, 3.1897, 2.9660, 4.4162,-1.3118, 0.0026, 3.0808, 3.9650, 3.5200,-1.7954, 4.4163,-3.1183,-2.5677,-2.8269, 3.9725, 1.7689,-3.7471, 4.8893, 0.0249,-2.5998,-2.4236, 3.9271,-0.9718, 0.7428, 4.0707,-3.2965,-2.6053, 4.1948, 1.7919,-0.8602, 2.8499,-3.3173, 2.4355, 2.1481, 4.9320, 4.7630, 0.1282,-4.5392,-0.2118,-2.7473,-3.0316, 1.2510, 1.9941,-4.0973, 1.1373,-1.4824,-4.3842, 1.0146,-3.1450, 0.8276,-3.7956,-1.0849,-1.2339,-4.0240, 1.0482
 3.5147, 4.3411,-3.4890, 3.5283, 2.5968, 2.6369,-0.4257,-4.5567, 1.7600,-3.1718,-0.1204,-1.5306, 2.5731,-1.1079,-0.2319,-2.5785,-0.5649,-3.5055,-0.6840, 0.7235,-4.0928,-1.9721,-2.1183, 3.7576, 4.8652,-3.3833,-2.2204,-1.2581, 0.0200,-0.1277, 1.6599,-3.8783, 0.6365,-3.0636,-0.3121, 0.9519,-1.5667,-0.8513,-3.6430,-3.8418, 2.4258, 1.2533, 4.1630,-1.0207,-4.7900,-0.5464, 4.1900,-4.7794, 4.8598, 1.6694,-2.0052,-2.6846, 4.5331, 4.4886, 1.0497, 4.3354, 3.8771, 0.1562,-4.5576, 0.7144
 4.6690, 3.1835, 4.9521, 2.6679,-1.7552,-0.9014,-3.5148,-4.4670, 1.1008, 2.6482, 3.6133, 4.7370, 2.3804, 0.4871,-4.3057, 3.6636, 2.9491, 2.0445, 1.9423, 0.5944, 1.1994, 4.3944, 2.6850,-1.6366,-2.7410, 0.3124, 2.9682,-0.5917,-4.2307,-2.5787,-3.9592,-0.8470, 4.1572,-3.2098,-3.8119, 2.6584,-2.2549,-4.7858, 2.1113, 3.8608, 0.5690, 0.4168,-2.5887, 4.4998,-0.1462, 3.1088,-1.7179, 1.8693,-2.9054, 2.0361, 4.8219, 0.6101,-0.9541,-2.5663,-3.4855,-1.3228, 2.0554, 3.8786,-4.0369,-2.7876
 0.2481,-4.3605, 4.6831, 1.8486,-3.1841, 0.5150, 0.2801,-2.5887, 2.9364, 1.1493,-3.8186,-1.0314, 0.0441,-3.3473,-2.5444, 3.8039, 3.6998,-2.0627, 4.3124, 1.1673,-1.1640,-2.2017,-1.9556, 4.2337, 0.0227,-3.1386, 1.9537,-2.6170,-4.0776, 0.5488, 1.6793, 3.9192,-0.8987,-2.9022,-3.2148,-1.9414, 3.0861, 4.4109,-1.4935, 0.0747, 0.1328,-3.5035,-2.2146, 4.6200, 2.5147,-3.1946,-4.2872, 0.3075, 4.9264, 0.5140, 2.8082, 4.2254,-4.9812,-1.8450,-0.5117, 0.3911,-0.1088,-3.2896, 3.5208,-2.9185
-1.5577, 0.5397, 2.9239, 2.8704, 1.4063,-3.6102, 2.0418,-1.9370, 4.3445,-3.8056,-1.8687,-1.9490,-0.1142,-3.2106,-1.5952, 4.5848,-4.1633, 0.8297, 4.4660, 1.6371, 4.7833,-3.3838, 2.5998, 4.1551,-1.3252, 4.3575, 4.8891, 1.9111, 1.2679, 1.8275,-0.0295,-1.5000,-2.4992,-0.5113, 2.5254, 2.0874,-2.4623,-2.7281,-0.7080, 0.7154, 2.9764, 0.0856, 3.5242, 2.5917, 2.6961,-3.3701,-0.6982,-2.2499, 1.4447, 3.1171, 4.1506, 4.3235, 2.9045, 3.5600,-2.4015,-4.0331, 4.6056, 0.2163,-3.8234,-4.6877
-1.7088,-2.4899,-1.2385,-3.0574,-2.9713, 4.7765,-3.3712,-0.8342,-4.7297, 3.2100,-0.9024,-3.5639,-1.6463, 4.7410,-0.1316, 1.6737, 4.9131,-0.3765, 3.9588, 4.6863,-2.7524, 3.4048,-1.0402,-3.7346,-3.6829,-0.9705,-3.3789,-1.7220, 3.7272,-4.6193,-2.6032,-0.4849,-4.6140,-4.7240, 1.9068,-3.8293, 1.3172, 1.4827, 0.3077, 4.3402,-4.9379,-3.3864, 4.4501,-4.0583, 2.9534, 2.7555, 1.6527,-1.7663, 0.1094, 3.0340,-2.5162,-0.7987, 4.1630, 0.4542,-2.3351, 4.8700, 0.9034, 4.0791,-2.9079, 3.0336
-0.7657,-1.2982,-4.0917,-4.1809,-3.8144,-0.5763, 1.1038, 4.3694,-4.2768,-0.4870, 0.7951,-2.5252, 2.3150,-0.2379,-2.4292,-1.9085,-0.0517, 2.6433, 0.6711,-0.5941,-3.5083, 4.3725,-2.2821,-2.1543, 0.2766, 2.6056, 4.2311, 4.1756,-2.6971, 3.8914,-3.8256, 3.0222,-2.8458, 3.0136,-3.9678,-1.3563, 3.8876, 3.4826,-0.6083, 2.9832, 1.1857, 3.9541,-3.2253,-0.8967,-1.5305, 4.5236,-3.3319,-4.1912,-4.3243, 3.2110,-2.9620, 0.9874, 4.2579, 3.7899, 2.0876,-2.5044, 0.1218,-0.2983,-0.0107, 2.8599
-1.3963, 2.6180, 3.1963, 0.4676, 1.0038, 3.3117, 1.2079, 3.5365, 0.8060, 3.7713,-3.2076,-3.2609,-1.2807,-2.7718, 4.3217,-0.5652,-3.6226,-4.0575, 0.2690, 4.6628,-2.4424, 0.8957,-0.6089, 3.1728,-1.4986, 2.7980, 2.9542,-1.1772,-0.6251, 3.9880, 0.0460, 0.1319,-3.2226,-2.4423,-0.1313,-0.1642,-2.8883, 3.3663,-3.5097, 0.4223,-0.3604, 1.3905, 0.8589, 3.1146,-1.3381,-4.5556, 1.7985, 4.0226,-0.0186, 1.4547,-3.0225,-1.7389, 1.9366, 0.9334,-1.2367, 1.3656,-4.6679,-3.7378, 0.3958,-2.9018
-2.7851, 0.2932, 2.9693, 4.8420,-1.3724, 0.6118, 2.8802,-3.5895, 3.0686, 1.0378,-3.2266, 4.7786, 2.1116,-3.6853, 4.2172, 2.9284, 1.7291, 4.7644, 3.4724,-2.0321, 2.4841,-2.5729, 2.1162, 2.2774,-4.3870,-0.5980,-0.1951,-2.5423, 2.5187,-0.2369,-3.1040, 3.1968, 4.7562,-1.8412,-3.3953,-3.1853,-2.2901,-1.0198, 2.1390, 0.8971, 3.7703, 4.1105,-2.8896, 1.8873,-0.8198,-0.2411,-2.8780, 3.3352,-1.3600, 1.3567,-3.2038, 2.2318, 1.7491, 0.9294,-2.1561,-3.8821, 2.8012,-1.9827, 0.1740, 0.1010
-2.9419,-1.8334,-4.4598,-2.9076,-0.1021, 2.7035,-0.5178, 0.8074, 0.7288, 0.5903,-2.1574, 0.1813, 2.8746,-1.7517,-1.2142, 4.8154,-1.6335, 4.7265,-0.1250, 0.6573, 4.8494,-1.7166, 4.7817, 1.9996,-4.5509,-3.9616,-0.9842, 4.4319,-1.1804,-1.7567,-2.1598,-3.7724, 4.1302,-3.4992, 0.1272, 2.7189, 4.8451,-3.7436,-4.3306, 4.5945, 3.0019, 1.1666, 1.5321,-4.4747, 2.0422,-2.8361, 0.5976, 0.9796, 4.4335,-0.0740,-2.2539, 1.5276,-3.8609,-4.2010, 4.8733,-1.4745, 3.6577,-2.8179, 4.9396, 4.4354
-4.8119,-1.1076, 4.9170,-1.4572,-4.5407,-2.0600,-3.7294, 4.9105, 4.1481,-3.8427, 2.4890,-0.8643, 0.6616,-2.7019,-3.3660, 2.9702, 2.4684, 2.3710,-0.0151, 0.0519,-0.0159, 3.9626, 1.3607, 1.3547,-2.0662, 0.1200, 0.5715, 2.2926, 3.6180, 0.4933,-0.6106, 0.7853, 4.8723, 4.5464,-1.8511,-2.8479,-2.5634, 1.4368, 3.1048,-4.9364, 1.5026,-1.0986, 2.4839,-1.7802, 0.7264,-3.9928, 2.2099, 0.8890, 2.2198,-0.4624, 0.7614,-4.3951,-0.8435,-1.0338,-1.5153, 0.3192,-1.5315, 1.6305,-3.6139, 3.8714
-1.8152,-4.3964,-3.4486,-1.0860,-3.0194, 0.6811, 4.4532, 1.6092, 2.4433,-4.6995, 2.9672, 2.4531, 3.1500,-1.5035, 2.6158, 0.3319, 2.3091,-1.4515, 0.4232,-3.3356, 2.0669, 0.0821, 3.4834, 0.6808,-0.4359, 2.8956, 1.7045,-1.1802, 3.3535,-1.7800, 0.3549, 0.2476, 2.2446,-1.8955, 4.8013,-2.9025,-0.8651,-1.8984,-4.1932,-2.8199,-2.7369, 1.7675, 4.2600,-2.7969, 0.2640,-4.1815,-4.2137, 0.9913,-2.7196,-1.2676, 0.0264, 1.8309,-4.2722, 1.6312,-1.6323,-1.1487, 0.1115,-3.7609,-2.1845,-4.7688
-1.4791,-0.9527, 4.9450, 0.3840,-4.5929,-1.1956,-3.7271,-3.2532, 1.4277,-3.7032, 3.0193, 2.5959, 4.3005,-3.9696, 3.7428,-0.1779, 0.0362, 0.8270,-4.0447,-0.6081, 3.1055, 1.2651,-2.4393, 1.3294, 1.9848,-2.6752, 0.1352,-0.1662,-3.7311, 1.5231, 2.1658, 0.6475, 3.2439, 3.2845,-4.5256,-1.0626,-4.4770,-1.7753, 4.9584, 2.6016,-1.1134, 0.8314, 3.5150, 3.1125,-4.3411, 1.8615, 4.6175, 4.4269, 1.7893, 1.7557,-4.4191,-4.5654, 2.0279, 3.0877,-3.7456, 0.6016,-2.7176,-1.2585,-1.4571, 2.7065
 3.7382,-0.5866,-0.3785,-2.2438, 3.0646,-0.7396, 0.4280,-0.1075, 3.0348,-4.5939, 1.1962, 3.2164,-1.5634, 1.4536, 4.4822, 0.5918, 3.5013,-0.1172, 3.4972,-3.9933,-3.3243, 3.4854,-0.0551,-1.2355, 3.6313,-0.5277, 4.3102,-0.7545, 4.1968, 1.5411,-3.1829,-3.7490, 2.7316,-4.4469, 2.4287,-2.1823, 1.2730,-0.6437,-3.9710, 4.4675,-2.6599,-3.8188, 0.5482, 2.2687,-0.9866,-2.1546, 4.6288, 2.5573,-3.2893,-2.1282,-0.9490,-0.9382,-1.5327,-0.7942,-4.4264,-0.8729, 1.3284,-1.0945, 2.6230,-1.4348
 3.7452, 4.0305, 2.3343, 3.8539,-2.6055,-1.5336,-1.3283,-1.7085, 4.5559, 4.7612,-1.2349, 4.8068,-1.6269, 3.0192, 1.7048,-2.3140,-4.7527, 4.8122,-0.1983, 4.3025,-1.9526, 0.7399,-3.8917,-1.3079,-1.1317,-1.9253, 1.2399, 0.4911,-0.8051,-0.9673, 0.8130,-2.4898,-0.0465, 0.1859,-0.9519, 1.0127,-2.0386,-2.9565,-0.9015,-1.6803,-3.6761,-0.2823, 3.4890, 0.0118,-1.6372, 0.5338, 2.3081, 4.0299,-0.7713, 3.1242,-2.8692,-1.1705,-2.5773,-0.0382,-4.9057,-1.7892, 4.3043,-1.1559,-3.7711,-3.0111
 0.7228, 2.7111, 3.0303, 2.5167, 2.5753,-0.5744,-2.9430, 3.0596, 0.5108,-1.0790,-2.9342,-0.2005,-1.6221,-2.3371,-3.0537,-1.2074,-4.7257,-2.8943,-4.7034,-0.5294, 1.0686,-4.8247, 0.7369,-3.9997, 3.7927,-2.7277, 2.2814, 2.5740,-2.3553, 1.7119,-3.3448, 0.5359,-1.2831, 2.1934, 0.8222, 2.8073,-4.5774, 4.6191,-3.5509,-3.5013,-2.6030, 3.8397, 0.5156, 4.1781, 3.5002, 1.1395,-2.5033, 2.1451, 1.2445, 4.7283, 3.2723, 3.3667, 2.5736, 2.6472,-0.1358,-2.7738,-4.1173,-1.8650,-0.4153,-2.1179
-3.5915, 1.1179, 3.5607,-4.1938, 3.4027,-2.6352, 1.7860,-1.2597,-4.3755, 0.4841, 4.3045,-3.5875,-3.2940,-3.8774, 3.8464,-0.7571,-3.3527,-2.3638, 0.4879,-4.3056,-3.7559,-0.9750, 1.6051,-1.0535,-3.5056,-0.2244, 0.4990,-2.9984,-1.7157,-4.9252, 0.7525,-3.2609, 0.8699, 1.9806, 0.0943, 1.2349,-2.5131, 3.9033, 4.6973,-3.3642,-4.3188,-3.3915, 3.5087, 0.6467,-2.7074,-4.8919,-0.8354,-1.0338, 2.6262,-2.9028,-0.9257,-3.3580, 1.1202, 3.1079,-0.0837, 1.0403, 1.1291, 1.0918,-3.4877, 0.4926
 1.6611,-2.4842,-4.9904,-4.7574,-0.7776, 1.3696, 3.4140,-4.9584,-2.3502,-4.0131, 4.2829, 3.1496,-3.5601,-2.7959, 0.2665, 3.1070, 4.9985, 0.6450, 4.3781,-1.5008,-2.7248,-2.8091,-2.7292, 3.3151, 0.9592, 3.5428,-4.8505, 4.0743, 1.4225, 1.5321, 3.0313, 2.7769, 2.5369,-4.2262,-3.0418, 0.0675,-1.6059, 3.0059, 4.4594, 2.7748, 1.1723,-4.9026, 1.5759, 2.7163,-2.0003, 3.3197, 3.0825,-2.7417,-4.8173, 2.4728, 2.7038, 2.3667,-1.9949, 1.7072, 1.2433, 1.4926,-0.8525, 0.3322, 4.2848,-4.0806
-0.1755,-0.6888,-2.4491,-2.5831,-0.6159,-0.9677, 3.5951,-4.2158, 2.0878,-4.9625,-2.7168, 4.7365,-1.0903, 2.5586, 3.4987, 4.3057, 1.0465,-3.4545, 1.3651, 3.4737, 0.2622, 4.4735,-4.9933,-1.1695,-4.4314,-1.8515, 3.2330,-0.1291,-2.8063,-2.9680,-2.1670, 2.5771,-1.8479, 0.2911, 3.5256,-3.7569,-2.5181, 3.2108,-4.7303,-4.3763, 3.0939, 3.4562,-2.2671, 1.4104,-4.1084, 2.8764, 0.3239,-3.5592, 2.8580,-1.6232, 1.0116,-1.4211,-0.8391,-0.4113,-3.7046,-1.6471,-1.8003, 1.2635, 1.5688, 3.3378
-2.0738,-3.7234,-1.3126,-3.9201,-3.4209,-2.0998, 0.9245, 2.0995, 2.1261,-3.3594,-0.0609, 1.0806,-0.2155,-4.4359, 0.2873,-4.0186,-0.9999, 4.4927, 4.5079,-3.9593,-1.8314, 4.8516,-1.2867, 1.1593,-1.5778,-3.9925,-4.8466, 1.7530,-0.7916, 0.1833, 4.9440,-4.5515,-3.9435, 3.3187,-0.0880,-2.7163,-1.7993,-4.9422, 2.9686,-0.2699,-0.3516,-0.6038,-2.4117, 1.3629, 2.3772,-3.7351,-1.0390, 2.2741, 3.6893, 4.6792,-3.4824,-1.6290,-4.0513,-2.5068, 2.1224, 2.5280, 3.2083, 1.8907,-1.5356, 3.9368
 0.0075, 1.0359, 3.6482, 1.8786, 1.5506,-3.3007, 1.7233, 3.9256, 3.8570, 2.1313, 2.6418, 3.4113, 3.3368, 1.3427,-4.5089, 3.1688, 2.7398, 3.3582, 3.9204,-1.1620,-0.9942,-0.7799,-2.1981,-1.5571,-0.9542, 3.9770,-1.0081,-1.1974,-4.0746,-3.1963, 4.7376,-0.8632,-2.8313, 2.5425, 3.3237,-4.9076,-0.9203,-4.6411,-3.2844,-3.6559,-4.2884,-0.2579, 3.0189, 1.1661, 1.9866, 2.3577, 1.0074,-2.9547, 3.6068,-0.4839,-2.6626, 0.5794, 2.7168, 4.0514,-2.8372,-1.7569, 4.7880,-1.3848, 0.5235, 0.0751
 3.9167, 4.0119,-0.9319, 0.9674,-0.8584, 4.7112, 2.1833, 2.1458,-3.0015,-0.5996, 1.9802,-1.3842, 4.0606, 0.4552,-2.0797,-2.5133,-1.2137,-1.6042, 4.4914,-0.2574,-2.2774,-0.8725,-0.0464, 1.1763,-0.1965, 0.4893, 4.2580, 1.1229, 1.5310, 3.7264, 0.2332,-4.8268,-1.9904, 0.4804, 4.7940,-4.0721,-0.5916, 4.8391,-4.2908,-4.7845, 2.7201, 1.4227, 4.3456, 2.2977, 2.5471, 3.7513, 0.8664,-2.1103, 3.2624, 1.1491, 0.7224,-3.9585, 0.3831, 1.7538,-1.7111,-2.7952,-2.5141,-3.1966,-1.5908,-2.2893
 1.4331,-2.0070, 3.9154, 4.5971,-0.2652, 0.7383, 2.3075, 4.9763, 4.5854, 4.0550,-3.5774,-0.4474,-4.7903,-4.0714, 2.5777,-0.5531,-4.9577, 0.1889,-1.9994,-4.5005,-1.5937,-2.4774,-2.9925, 0.9109, 0.1076,-4.9270, 1.2341, 4.1063, 0.6767,-2.2557,-3.7332,-1.0043, 1.1161, 3.2763,-0.5740,-0.6299, 4.5590, 2.4874, 0.3911, 3.4537,-4.0740, 1.5498,-3.3806,-0.8419,-0.3450, 2.2717,-1.9201, 4.8484, 0.0681, 0.3131,-0.9098, 0.2840,-1.5976,-2.2286,-4.8842,-0.4078,-2.3957,-2.0971, 2.4895, 3.3894
 2.7736,-1.4751, 0.6420, 1.9527, 3.0018,-0.1975,-0.1948,-2.5418,-2.2624,-0.6799, 4.0654, 2.4491,-0.0900,-4.0342,-2.0739,-1.6226,-2.5088, 2.7091,-0.7726, 4.9692,-0.5733,-1.0056, 2.9284, 2.6654,-2.0373,-0.2139, 3.4568, 1.4918, 0.4067,-1.2557,-2.4318, 3.0656,-2.7158,-1.6532,-1.9501,-3.1129,-0.4835,-1.0734,-0.0154,-1.8667,-3.2415,-2.5039,-2.7034,-4.1122,-0.4432, 1.2316, 0.0415,-1.8987, 0.6136, 3.3304, 1.5391,-2.3127, 1.9495, 3.6041,-2.5929, 4.9817,-2.4591,-4.8100, 4.1072, 0.4742
-1.3673, 1.1082,-1.2799, 2.5032, 0.0082, 3.6149, 0.9923, 4.3830,-0.3928, 0.4681, 1.9898,-1.3545,-2.3954,-4.1099,-4.8534,-2.6932, 2.8742,-1.7488, 3.4953, 2.6942,-0.4235, 4.6414,-2.3984, 2.2052,-2.6881,-0.2020,-3.2010, 0.7537,-1.7972, 3.2508,-0.6456, 3.6993,-2.0409,-2.9476, 2.1750, 1.1313,-0.5584, 2.2522, 3.7098, 3.2292,-1.5186,-3.1262, 1.9654, 3.0907,-2.1130,-3.8168, 1.0883,-1.6029,-0.4350,-3.7322,-4.1330,-4.2411, 4.4086,-1.3967, 2.3619, 2.6747,-0.4571,-4.9344, 3.4611,-2.3506
-1.0590,-1.1369,-2.4191, 4.7229,-2.9740,-2.6022,-3.7405,-1.7986, 0.6738,-2.5043,-4.3721, 2.4920,-3.0915,-4.4794, 2.9361, 0.4479, 4.0057,-1.5885, 2.9330, 3.4201,-2.4840,-3.5439, 3.2958, 0.7068,-2.7860, 1.1213,-2.1537, 4.9352, 1.6655, 4.6706,-2.4704, 1.0376, 1.0403, 3.9145, 3.7170,-3.8878,-3.9091,-2.5995,-1.8680,-1.8844, 3.5286,-3.0080,-0.3965,-0.0030,-1.2925,-4.1105, 0.3690, 4.2863,-2.9656,-4.3586,-1.9629, 0.9050,-0.9921,-4.0217, 2.4774,-2.4201,-1.0699,-0.0413, 0.2807,-2.8957
 3.0297, 2.7152,-4.0388,-2.4063,-4.7147,-4.2024,-0.0016,-3.5021, 0.8349,-1.3263, 2.1600,-3.2570,-0.5643, 1.3497,-0.5901, 0.9784, 2.5493, 1.9319, 0.8738, 3.4647,-2.5632, 1.4434,-0.4197, 0.5125,-1.3326, 3.0667, 2.0250,-3.5765,-2.5332,-2.8377,-2.2988,-4.5510,-0.9427, 1.0462,-0.1245, 4.9636, 3.4740, 0.1795, 0.8964,-1.0547, 3.4321, 4.3182, 0.8753,-0.7483,-4.0730, 1.2732,-4.8979,-3.2756,-3.7231,-1.9010,-0.1630,-3.4814, 2.6471,-4.1323, 2.2839,-2.9106, 4.1472,-4.1681,-0.5347, 3.3250
-2.6837,-1.3392, 3.6115, 4.7081,-2.5687, 2.1964,-0.0508,-4.1580, 3.6763, 3.2795,-2.1495, 2.2110,-2.4795, 3.8708, 0.1759,-1.1679, 4.7752,-3.5596,-2.5209, 1.4130,-0.5302, 4.7474,-4.2366, 2.9371,-4.1934,-4.6352, 4.2629,-1.8347,-0.8025, 2.6982,-1.1636,-1.7176,-4.3183, 4.2764, 2.4904, 2.3551, 1.9963,-2.5505, 3.2384,-2.5812,-1.3601,-0.3322,-2.6744, 3.0530,-0.7330, 2.5596, 0.3906, 3.4043, 1.6342,-0.4044,-2.3769, 4.7839,-1.4276,-3.9697,-2.5585, 3.0918, 1.1123, 3.0024, 0.5745,-0.8608
-4.4584, 0.9835,-0.5098, 0.8176, 3.2709,-3.1524, 2.7196,-0.0456, 0.3387,-0.2730,-1.4820,-0.4074, 3.1072,-2.6070, 2.8331, 2.4854, 2.3728, 3.3563,-4.6761, 1.0232, 1.7773,-4.9126,-1.4465, 3.5477, 0.0735, 0.2792, 0.3441, 2.2956, 2.5044,-0.5381, 0.4618,-0.8116, 1.1237,-4.4921, 2.3959, 0.3466,-1.8035,-1.0945,-3.3626, 4.9336, 4.0774, 4.3709,-0.8131,-1.5950,-2.2826, 0.1378,-0.1860, 4.0383, 2.1632, 0.3062, 1.7566,-3.2056,-2.6041, 2.0589, 4.7428, 1.7396, 0.6216, 2.2143,-1.6663,-3.5579
-3.4715,-2.5517,-1.8201,-1.8963,-4.2288,-0.6795,-2.0891, 0.4832, 1.8861,-4.5596, 4.3771, 4.6476,-3.6307, 1.6502, 1.9004, 4.0040,-0.6081,-3.0379,-3.8503,-4.8496,-0.8805,-4.4146,-0.2300, 1.7645,-4.7658, 4.8760, 1.3608,-1.0166,-4.7139, 4.7573, 2.4247, 4.4750, 1.8233, 4.4377,-1.7997,-0.0209, 3.9067,-3.9172,-0.1340, 3.6912, 2.2058,-3.8971, 4.6547, 1.4206, 3.5608,-0.6691,-4.1133, 3.1624,-4.7345,-3.2924, 0.8135,-3.3588,-2.8934,-0.3582,-4.2243,-0.7547,-4.2497, 2.4086, 4.5832,-4.6550
 0.8994,-1.3002,-4.3637, 2.8812,-1.8163,-4.2014,-3.9879,-0.9901,-0.2003,-4.2681, 3.3182,-4.1371,-4.3012, 0.3249,-0.2426,-1.5825,-2.1504, 1.0760,-0.8761,-0.6432, 4.6654,-0.7793,-1.5215,-4.2443, 2.6112,-1.9910, 0.7073, 1.1065, 4.8287,-3.4878, 1.4257,-3.5540,-3.1416, 1.7347,-2.9839, 4.7484,-2.0297,-3.7155,-0.7862,-3.9271,-1.5079,-3.8573, 3.7571,-2.8549, 3.3965, 4.9978,-4.1310, 4.5364,-1.6860, 4.2336,-1.0488, 2.5400, 4.2063, 3.1877,-2.8613, 0.4692,-2.3978, 1.7076,-3.1132,-0.9967
 3.5522, 0.1316, 2.3663,-4.7348,-4.4871, 1.5189,-0.9200, 2.8978, 3.5048,-0.5219,-2.7824, 4.2712, 2.2902,-4.7005,-3.0693,-0.7045,-0.7134,-4.6101, 2.0474, 3.8246, 4.9360,-4.0025,-1.5282,-1.2291,-0.5426,-1.2276,-1.0472, 4.9265, 2.8991,-3.2543,-2.0268, 4.8206,-2.2810, 4.3952, 4.5284,-2.9216,-4.6295,-3.5968, 1.2685,-1.5078,-4.8879, 1.9438, 3.7280,-3.4953,-4.8169,-3.5940,-1.1763, 2.1480,-3.7988,-0.9467,-4.6901,-0.2947,-2.5677, 2.7779, 4.2860, 0.4263,-1.1785,-1.6041, 3.6888, 4.7636
 2.2647,-3.0140,-0.1591,-3.3813, 2.7684,-4.2369, 1.0706, 4.2805,-4.4245, 0.7040,-1.4848,-3.9522,-4.7193,-0.6671,-1.7833, 2.6513, 2.5055,-2.1393, 1.5325,-1.5656, 2.3289, 4.9491,-1.6885, 4.9202, 2.4679,-1.4761, 2.0473, 4.4891,-2.5678, 2.2293, 1.6380, 4.3948,-0.6920, 3.4392, 2.2611,-0.2317, 3.0004, 4.9978, 0.0717, 1.9541, 0.0091,-1.3357,-4.9329,-2.3399, 0.5966,-0.4040, 2.9921, 1.7705, 0.1591,-3.7008,-1.1292, 0.7893, 3.3656,-2.5393, 0.2627,-4.4787,-3.1572, 4.2585,-4.3150, 4.8099
-0.2531, 0.4781,-1.8341, 3.1054, 2.1193,-2.1163, 3.4037, 3.6769, 4.3889,-2.5594, 2.6330,-0.9863, 1.0742, 4.5819,-0.1499,-2.3800,-3.3387,-1.0777,-4.7281, 3.2210,-3.8941,-0.8334, 2.2686,-3.4339,-0.8422, 2.7709, 3.6734, 3.9162,-1.3078,-2.7517, 3.1323, 0.8098,-2.7731, 0.8603,-2.8699, 0.4545,-1.0924, 3.7835,-4.7521, 3.9628,-0.1449, 0.9908,-1.7769, 1.9646,-3.4716,-2.6458,-4.1537,-4.0043, 3.7317,-1.4846, 3.5544,-4.0195,-2.3310,-3.3341,-4.0389, 4.9564,-3.4398, 1.2070, 0.1480, 2.2912
-3.7061, 4.0201,-1.5018, 4.0225,-1.9784,-2.6745, 0.8438, 0.6627, 1.4292, 3.7740,-2.9024,-4.4607, 0.6831, 4.7584,-0.9240, 2.9938, 4.3846, 4.9345,-0.9544,-2.5346, 1.1772, 0.0607, 0.9269,-4.4960, 2.6432, 0.2119, 0.8906, 4.9728, 3.7472, 3.4000, 1.6522, 4.5417,-0.7736,-2.0818, 2.9867,-2.7390, 2.1386,-2.5831, 0.1739, 0.7842, 3.9098,-4.4559,-2.0161, 0.5938,-1.8322, 0.6080, 4.3871, 3.8891, 4.0535, 2.5622, 0.4390, 3.8083, 2.3762,-2.2434,-2.2123,-2.7395,-3.8418,-2.8899,-0.6090,-1.6578
-2.1427, 2.5751,-1.4167, 4.6058, 1.6419, 1.0598,-2.0625,-1.8306, 2.2268, 4.3179,-0.6031,-4.9007, 4.7146,-1.5726, 2.5505,-2.5331,-3.5640,-3.1154,-4.4801,-3.5295, 4.7745, 4.4437,-3.8307,-3.9448, 1.8981,-4.5103, 4.2516, 3.2000, 1.6129, 2.5585, 4.9498, 2.6593, 3.1409,-3.3177, 0.9752, 3.1567,-2.8412, 2.7597,-1.5102,-1.5146,-3.4930,-2.6049,-0.3760,-2.8769, 2.9062,-0.9447,-2.7364,-4.4807, 0.9527,-1.5824, 4.5847, 2.8646, 3.4175,-0.0856, 4.4238, 2.6829, 3.5311,-0.3087,-3.6514,-2.6236
 1.9744,-0.7646,-2.3390, 0.5212,-0.9680,-2.3367, 3.1076,-0.9454, 4.4897,-1.0784,-0.0336, 3.0107,-1.9699,-4.3700, 1.8644,-1.1174, 3.1463, 2.0417, 4.8511,-2.6954, 4.1538,-1.9464,-0.1789, 1.7294, 0.5158, 2.0940, 2.2944, 0.2183, 0.0224,-2.0024,-4.8912,-3.4915, 3.6669,-3.1674, 3.2791,-0.9701,-1.1479, 4.5820, 1.3122,-0.1564, 0.0586, 2.3595, 1.0240,-2.7784,-1.6302,-0.2181, 4.3885,-3.4172,-1.2344, 3.4523, 4.3417, 3.8329, 1.6516,-1.7857, 3.0669, 1.3588,-2.7705,-1.7884, 3.9320,-0.9554
-4.3310, 4.0695,-2.6430,-0.2765,-0.1458, 1.6721, 3.8735, 3.5366,-3.2918, 0.9756, 4.5886, 3.8461,-2.6729, 0.9645, 0.8439,-3.2214,-4.4285, 1.1540, 3.5487,-1.5905, 2.4976,-2.8059,-2.6757,-4.4807,-0.2192, 3.7305,-2.5114, 0.0444, 4.7322,-1.2538,-4.8233,-3.0075, 3.3576,-4.0348, 4.3274, 0.8300, 3.0814, 2.3088, 4.1802,-4.1733, 1.8995,-4.3374, 3.9903, 3.3944, 1.5701,-2.2295,-1.8984,-4.2592,-2.3381, 2.9231, 2.3653,-3.8118,-4.4043, 0.1967,-4.0628, 3.0444, 4.6000,-4.7928, 2.0527,-1.3575
-4.0554, 0.5467, 3.5427, 0.8620, 3.8417,-2.1834,-0.1673,-0.3364, 3.7796,-2.2365, 0.9014, 4.8210, 3.8364, 4.6751,-2.1204, 2.6004, 2.5881, 0.1816, 1.7469,-0.7297, 2.7784,-4.1492, 3.6364,-4.6996,-4.6193, 4.2217, 2.9254, 3.7823, 3.7763, 2.9607, 3.7404, 0.6118, 3.4734, 0.9400,-1.9566, 1.7276,-1.3986,-4.5822,-4.2469,-4.4467,-2.1609,-3.1477, 3.0219, 4.2562,-4.1008, 0.1080, 3.3415,-0.1503, 3.9856, 4.3192, 0.8543, 2.3703,-2.1260,-4.2034, 4.8351, 2.2370,-2.5420, 2.5771, 3.7247,-0.6983
 2.6531, 4.2641, 4.9361, 0.2320, 2.5496, 0.6553, 3.1657,-4.6310, 0.6549,-3.5056, 0.1721, 3.4937, 3.9442,-3.0442,-2.6107, 2.0420,-0.4784,-2.7829,-3.2392,-2.4002,-0.1891, 3.6272,-3.2507, 0.8152, 4.3794,-3.6855,-2.9046, 4.7023, 2.5195,-0.6298, 0.2730, 0.0657,-2.7625, 3.6377, 2.4597, 1.6577, 4.2660,-4.0393,-2.2431,-0.3564,-4.0584,-4.5624,-3.2776, 1.5441,-4.6388,-4.1428,-3.8562, 1.4034,-4.3918, 1.8766,-1.2370, 2.3599,-0.9355,-0.7338,-2.1044,-1.3406, 2.7681,-1.6897, 4.3823, 4.6853
 3.6941,-4.6074, 4.6680,-0.7261,-3.7489, 1.7648,-1.0255,-3.0168,-1.1906, 3.8944,-3.7022,-1.9943, 0.4096,-2.0966,-3.5282,-2.8211, 2.6455,-2.0658,-0.5021, 2.8503, 4.0092, 4.6747,-0.1717,-1.6076, 0.5020, 3.4173, 2.8991, 0.6115, 4.2990, 3.2735,-0.2271,-0.5871,-2.8862, 2.8059, 2.6840,-4.4204, 0.9356, 2.3229, 4.7818,-1.3068, 2.5455, 1.8357,-4.0790, 0.3053,-1.8348, 3.2879,-1.6141,-2.3234, 1.6129, 1.4026,-1.8788,-0.4866,-3.2687, 1.4928,-2.0225,-4.5348,-4.4870,-1.2666, 4.1537,-3.2149
-1.1401,-1.6209, 4.0793, 2.9501, 2.8330, 2.2910, 3.0818,-1.5387, 0.2171, 3.9835, 2.1847, 1.7744, 2.9576, 0.3278, 1.4028, 3.7798,-0.2238, 1.5125, 0.4620,-1.1200,-3.8313, 0.3462,-0.8309, 3.6137, 3.8920, 1.2041,-3.3129, 4.5225,-4.5330, 4.9512, 2.7891, 1.7571,-0.0922,-0.3510,-4.7839, 2.8633,-3.7661, 4.6955, 0.5204,-0.1388,-1.0627, 1.3628,-1.3528, 3.8622,-3.5005, 1.5198,-1.3710,-3.5379,-3.7065,-2.3247,-4.3016, 1.1238,-3.8523,-2.9129,-3.9350, 1.9689,-0.3940, 1.3733, 4.4637,-4.6178
 4.2824, 2.0595,-0.7853, 3.1554, 2.8056, 2.9675, 0.2712,-2.0020, 4.5994, 4.4028,-0.6905,-1.7518, 2.9462, 4.5932,-0.8275,-3.3922, 3.9986, 0.8643, 3.3240, 1.9104,-2.7643,-0.7450, 3.8718, 2.0065,-0.5540, 1.7875,-1.5653, 3.4623,-3.2899, 0.1808, 4.4905, 2.9526,-2.7542, 1.7854, 1.9872,-0.6706,-4.1919, 1.7153,-2.6267,-0.1958,-1.3402,-1.1463,-1.7295, 3.5093,-2.0429,-3.6856, 0.2001, 2.9118,-0.1885, 3.1723, 1.6157, 1.4980,-0.4005,-2.9691,-2.8768, 3.0725, 1.8243,-3.3289, 3.0632,-1.3160
-4.1209, 2.6834, 2.7517,-2.7203, 1.7794,-1.6873,-1.4660, 3.9199,-2.5575,-2.4194, 1.6486,-0.2080,-3.7529,-3.0345,-2.5966,-2.5629,-2.3624, 4.4527, 4.6452, 4.9840, 0.2101, 3.3211,-3.8028, 0.3333,-3.2687, 4.4369,-1.2607, 4.3188,-1.7467, 3.4189, 4.5764,-2.9105,-3.1270,-3.8505,-1.5116,-0.3805,-1.4251,-4.5969, 4.6559,-2.2501,-2.2036, 0.3717,-3.6150,-1.0961, 1.3738,-2.2585, 2.1596,-0.9175,-0.2928,-4.6585,-0.6902,-2.0127,-3.1449,-1.5113, 2.2652,-1.6164,-4.4723, 2.3532,-1.1027, 1.8332
 2.0343, 2.3466, 0.0518, 2.9176, 0.6302, 2.4740, 3.6040,-2.3120, 1.9366,-1.0133,-1.8659, 0.8890, 0.9739, 1.6249,-4.2259, 4.7971,-4.3086,-1.0028,-0.1633, 3.3559,-4.9288,-3.1111,-0.4509,-4.1598,-3.5698,-3.8952, 0.4286,-1.3676,-1.5180,-2.4661, 2.0838,-0.9542, 3.2747, 0.8153, 4.5873, 1.7976, 3.1386,-3.9573, 4.9791, 4.2497,-0.9503,-2.9750,-3.0605, 1.9766,-1.5348,-4.4404, 0.6450,-4.1668,-3.6801,-0.6816, 2.6093, 2.7617, 0.3133,-4.4538, 3.6346, 4.8587,-2.0015, 4.3239,-2.5441,-2.4677
-2.6140, 2.7360, 2.8547,-2.3708, 2.1873,-4.8476, 4.6134,-0.7546,-2.0772,-3.0733,-2.1904,-3.1154,-1.7040,-4.1161,-2.5563,-0.8038,-3.4526,-0.9106, 0.4705,-1.6022,-1.7889,-4.5357,-3.7818, 4.7391,-2.6869, 4.5216, 3.4010,-2.4677,-0.9857, 2.1492, 1.9330, 0.2913, 2.2679,-0.1917, 1.2197, 0.1440,-0.4453, 3.9749, 4.9833, 4.9788,-2.5813,-2.0778,-0.7845, 3.9392,-4.9470,-0.2206, 0.9497,-4.7840,-0.4124, 4.3809, 2.1950,-2.6476, 4.6449,-3.6164,-1.5207,-3.9529,-4.7926,-3.4423, 1.8141, 4.0057
 2.2240, 3.3031, 0.3624, 3.0898,-3.5326,-3.9232, 3.5359, 4.9704,-4.4456,-0.1829,-4.7277, 3.6240,-3.7224,-4.6279,-2.0731,-4.8947,-3.3821,-2.1952, 1.5673,-1.7917, 4.2053,-4.4547, 4.6142, 0.2311,-3.1506, 0.7837, 3.2633,-0.8149,-2.3530, 3.9285,-0.7756,-0.7014,-1.0958,-3.3705,-0.0585,-4.2594, 4.2204,-4.6368,-2.8405, 2.5765,-1.8500,-4.6046, 4.4064,-0.4990, 2.2813,-2.0655, 2.1150,-3.9618, 1.3672,-3.3708,-3.4648,-2.7050, 2.7060, 1.3738, 0.0061,-0.4937,-4.6682,-1.4309, 4.9344, 2.7708
 0.8157, 4.0013,-4.6796, 1.6545, 1.7478,-1.0085,-2.2436, 1.5437, 0.3867, 2.8556, 0.3657, 1.0416, 4.2943, 4.2250,-2.2742,-0.8674,-0.8694,-1.8647, 1.3632, 1.7104,-1.2926, 0.4475,-0.0725,-0.9732, 4.2255,-3.4612,-2.4974,-1.1109, 0.4135,-2.8694,-4.1566,-3.7170,-1.6538, 4.2448, 2.7501, 4.7881, 4.8083, 2.5557, 0.3538, 2.2164, 3.6580, 1.8593,-4.9968,-0.9516,-4.4665, 1.7535, 2.7477, 2.9100,-1.6008, 4.7342,-4.8075,-1.4986, 2.3612,-1.4843, 4.7402, 4.8203, 0.4187, 3.2689, 2.2248, 3.1767
