-1.7059, 0.2624, 4.2560, 0.0277, 4.2435,-3.5342, 2.7691,-3.0954,-4.6513,-2.9199,-3.7794, 2.8460, 3.1235,-0.3770, 3.0967,-0.6043,-0.5843, 4.1785,-0.7288, 2.2166,-3.7596, 1.4348,-3.8049,-4.3190,-2.7785, 0.0318,-1.7276, 1.3647, 2.0370, 1.6675,-4.0806, 3.1570,-0.6109,-2.1915,-2.1086, 1.0433,-3.4822,-4.7640,-0.6023, 0.5941, 4.0065,-1.1454,-2.7623, 0.3496,-4.7210,-0.2096,-2.4149, 0.4025, 2.1580,-0.3063, 0.0781,-1.1432, 4.2475,-0.1652, 4.1551,-0.1182,-1.4796, 3.2496,-1.7841,-0.6852,-2.8813,-4.3981,-0.8158,-1.1522,-1.3273,-2.4826, 4.5924, 0.6658, 0.5555
-2.2939,-4.3081,-3.7883,-1.7968,-3.1724,-4.0940, 0.4235,-4.5241, 1.4793, 4.5995,-4.1549, 4.1617,-3.7105,-2.0109, 0.6413, 1.8639, 1.7561,-4.4266, 2.0189,-2.8910,-3.2782,-1.0140, 1.5787, 4.6742, 4.1959,-1.3849, 2.8490,-4.7434,-1.2870,-0.8433,-0.9225, 1.0405,-3.9334,-4.8912, 1.0331, 0.1203, 2.4478, 3.1820,-1.6978, 3.2670, 4.2368, 0.2158,-3.3260, 1.3444,-0.9991, 4.7589,-4.7764,-3.9992, 3.1722,-1.6606, 3.5290,-1.6262, 2.7538, 2.3548, 2.6065, 1.6615,-2.7124,-0.1211,-4.3994,-0.7859, 1.4711,-3.1030,-1.2018, 2.8435,-2.6393, 1.4091, 3.3839, 0.7927,-1.2218
-2.2341,-3.5562,-1.1980, 2.4748, 0.7692, 4.1071,-3.6304, 3.5374,-2.5485,-0.4793, 4.8993,-4.1138,-4.3903, 3.8376,-2.2077, 1.8219, 0.2837, 1.4061, 2.7851,-3.8957,-4.4794, 1.0486,-0.7922, 4.6393,-4.1622,-0.4167,-3.8741,-2.1107, 1.8611, 2.6654, 0.4117,-2.6734,-3.1460, 1.7217, 2.1061, 0.8882,-2.4628,-2.5058, 2.2003, 2.2569, 1.5689,-3.5084,-3.8478,-3.3634,-1.8035, 3.5414,-2.1256,-0.7408, 0.5368,-1.3503,-2.8280, 1.1211,-3.1887, 3.2476, 4.9159, 3.2998,-1.5077,-1.4908, 1.4742, 0.0388, 0.8238, 4.8677,-3.7174,-3.9585,-3.1478,-3.8717,-0.2875, 3.5191, 1.2772
-2.2551, 2.9766, 4.9326,-0.5735, 0.1892,-3.3011, 3.7079, 2.3961,-4.2559,-1.2325,-4.2301, 3.8963,-3.7872, 1.4324,-0.8038, 1.2807,-0.6807,-2.3908,-4.4604,-0.7704, 1.4218, 0.9565, 3.0670, 1.7483,-0.6067,-4.0181, 2.2092, 0.3368, 4.7471,-1.9771,-4.4164, 4.5613, 2.2188,-3.1225,-0.0819,-1.6754,-1.9559,-0.9652, 0.0622, 0.5388, 0.0510, 3.3167, 4.1840, 0.2236, 2.0204, 4.1803,-4.9796,-3.0338, 1.6404,-2.9857, 2.5531,-1.5966, 4.6951, 3.6551,-2.5511,-2.5746,-1.3702,-0.3109,-3.3041,-1.7781,-1.5223, 1.2181, 0.0328,-1.3821,-0.7830, 3.0666,-2.2049,-3.2156,-3.0109
 2.9647, 0.4294, 4.3599,-4.2292, 3.9614, 4.1237,-2.3525, 1.5920,-1.6116,-4.1243, 4.1782,-4.1715,-0.6441, 1.2263,-2.3491, 0.2107, 1.4090, 2.5065, 2.2189, 3.2244,-1.7910, 3.7597,-1.6225, 4.0760, 0.5266, 1.1913, 0.1589, 2.3701,-0.2371,-3.9746,-2.1379, 4.3258,-3.9948,-0.3415, 0.5678, 2.1500,-2.1943, 4.5715,-0.1069, 0.0134, 3.6356,-2.1576, 1.4712,-1.3723, 2.3433, 2.8194, 0.8086, 0.0351,-2.6408, 2.4298, 4.8987,-4.4755,-3.2192, 3.4656,-0.8683, 4.5367, 0.8371, 2.5995,-3.3526,-3.7781, 0.1050, 2.9566, 2.5200, 3.7419, 0.5638,-1.7957, 2.5313,-0.8401, 4.3289
-2.4670,-2.9337, 1.9410, 0.7468, 2.3687, 3.2519, 3.8944, 2.2283, 3.5762, 3.3251,-2.8517,-2.4204, 1.8499, 4.2333,-3.8900,-0.7544, 0.3483, 3.7852,-4.7324,-1.2103, 0.6797, 2.7867,-2.2261, 4.8598, 2.9882,-1.1914,-1.4497, 3.0434, 3.5316, 1.3783, 3.0829,-2.4144, 1.6534,-4.0425,-1.3005, 2.0466, 3.1363, 2.2921,-2.8510,-0.8907, 4.2824,-2.0963, 2.6881, 1.8399, 3.7890, 1.3122, 0.3606,-3.6229,-1.3666,-2.5976,-4.4133,-4.8826, 0.0061,-4.4036,-1.2073,-2.8928, 0.6661, 3.6213,-3.1596, 4.6195,-1.6313, 1.4568,-0.2473,-3.9839, 4.2236, 0.8223,-2.9274, 1.8072,-0.1300
-0.5585,-2.4511, 3.2812, 1.6439, 2.2731,-4.4264, 3.1694, 1.4667, 4.6165, 1.2921, 0.2613,-1.2666,-0.9368,-3.3506, 3.9850, 4.7989,-0.4537,-1.5687,-4.5200,-2.9198, 2.1077,-2.6547, 4.3383, 4.5812, 3.8459,-2.8187, 0.6646,-1.0235, 0.5662, 3.5210,-1.2048,-3.9192, 2.3068, 3.2853,-4.0823, 3.3155, 0.7923,-1.7823, 0.2818,-3.1283, 2.3155, 0.3958, 0.7119, 0.6694, 4.5805,-2.7037, 1.5281,-1.5350,-2.0509,-0.7829,-2.5001, 1.7026,-2.0228, 3.2285,-1.8562, 2.9204,-0.1258,-2.7171,-0.9987, 4.3447,-3.0768,-4.6545,-2.0363, 2.8370,-0.8483, 0.6487,-2.5850,-4.7634, 2.7380
-4.9067, 3.2216, 4.0725, 2.6355, 0.4621,-0.7392, 1.3089,-2.0275, 4.9267,-0.7828, 4.0990,-0.2265, 2.8771,-2.1846, 3.2751, 3.5015,-0.9967, 1.7316, 1.4301, 0.5791,-0.6506, 1.5474,-3.0902,-2.6576, 4.9683,-2.3754,-2.4272, 4.8054, 4.1528,-4.1038,-1.7607,-4.8399,-1.3267, 4.3675, 1.6498, 4.1473, 4.2311, 4.5908, 0.1487,-1.2388,-1.5331, 0.0592, 3.6491,-3.0911, 0.0616,-4.1412,-1.7079, 0.3115, 1.9357, 2.9606,-1.5878, 1.3206,-2.4343, 4.3599, 3.2003,-3.9980,-1.0571,-1.1656, 2.0427, 1.5253,-3.7976,-1.1987, 2.4033, 0.0862,-0.0382,-0.5811,-4.8932,-0.1621, 4.5914
 3.1055,-4.6325,-3.2521,-3.2389, 3.7966, 3.1221,-1.6324, 3.6976, 3.2262,-4.6929,-0.6828, 2.1233, 3.8545,-2.0619,-3.2726,-3.5639,-2.5752, 0.7779,-0.9493,-2.6996,-1.1886,-4.0983,-1.8489, 4.7875,-1.0983, 1.9844, 2.9056, 3.5298,-0.0417, 4.6417,-1.9823,-0.9941, 2.0069,-4.8354,-0.6885, 1.1026, 0.3768, 0.1376,-0.9139,-0.5387, 2.7022, 2.1200,-2.3560, 4.5985, 0.4619, 1.2094, 3.2294, 4.6653, 1.6348, 0.2322,-1.7898,-3.3058,-3.3148,-3.8432,-2.3570, 0.3240, 4.9201, 0.2470, 2.1214, 3.8394,-0.8734,-3.7593, 4.9442, 2.4879, 0.8178,-2.6389, 3.6277, 4.4317, 0.1942
-1.4102, 3.1396,-2.7248, 2.4149,-3.4712, 0.7222,-1.1072, 1.7238,-3.3501,-0.9771,-3.2095, 2.9925,-1.9191,-2.4143,-2.4388, 3.8519, 4.5267, 1.3018,-1.0986,-2.8953, 1.1813,-3.3721, 2.4427, 3.3396, 1.4849, 0.2968,-0.7009,-2.5013, 2.1352,-1.8487, 1.7770, 3.4631,-2.3310,-1.6980,-4.8597,-2.5902, 2.2162, 1.0418,-2.0081,-1.1307, 4.1980, 1.2678, 3.6991,-0.6884,-1.4720,-3.3728,-2.5404, 3.5654,-0.1275,-3.2893, 2.8136, 2.0431,-2.2025,-0.3700, 3.4609,-1.9964, 1.5525,-3.8431,-2.3592,-1.6557, 2.1366,-4.4889,-1.1323,-3.8498, 3.8464,-0.0108, 4.5250, 4.4389, 0.1109
 0.8319, 3.4418,-2.7654, 2.2698,-4.4934,-4.4664,-4.4584, 2.1942, 4.2185, 0.5466, 4.5164, 1.8805, 0.3785, 4.0987, 0.3595,-4.4172,-0.3295,-3.0444, 1.1437,-0.5880, 3.9582,-1.7759,-4.8730,-3.8107,-3.5860, 1.2081, 0.3427,-3.0221, 4.0760,-4.6601, 3.6937,-1.5681,-3.3254,-4.2524,-3.7130,-4.6661, 4.7671,-4.5819, 3.1370, 0.7396,-3.2477,-0.4698,-3.4214, 4.5184,-2.5507, 4.8332, 3.6751, 1.2912,-2.8176,-0.7167, 0.6745,-4.3794, 4.2101, 2.3353, 1.0248,-3.0698,-0.3396,-1.7503,-4.6566, 1.8931, 0.9680,-2.3892,-1.9588, 1.3679, 4.4635,-4.0787,-4.3798, 1.0098, 3.4149
 3.1543,-4.5665,-3.4702,-3.5466,-3.0536,-2.8273,-1.0711, 2.8458, 4.4467, 0.4931,-4.7325,-1.8439, 1.7513,-1.6378, 2.4483, 1.1951,-4.2065, 3.9467, 2.7944, 3.3583, 1.1258, 0.8300, 0.6759,-4.8385, 1.2846,-3.9612, 2.2533,-3.9226, 4.4950, 4.4087,-4.7539,-1.7541, 4.8722, 3.1624,-0.1806, 0.5919,-3.9885,-0.9467,-0.1949, 4.8028,-0.5693,-4.6704, 4.2686,-3.2587,-1.0298,-2.3340, 2.8826, 0.3900,-3.7574, 3.4283,-4.5304, 2.2341,-2.2513,-3.8602,-0.5928,-2.2880, 2.7558,-3.9066,-3.3400, 0.7803, 0.4068, 1.5765,-1.8300, 0.8699, 2.1758,-0.0933, 3.9298, 0.1081,-4.1525
-4.9367,-0.3962, 3.5337,-3.8064, 4.8102,-4.4813,-2.4723,-1.9656,-3.0292, 0.8680, 2.1849,-3.0415, 3.9730,-1.3126,-2.4064,-3.4309,-4.9386,-3.5455, 3.9086,-0.0379,-2.2235,-1.9447, 3.7323,-1.6585, 3.5053,-0.9057,-2.5271, 1.4874, 2.4815, 2.9755,-1.9227,-1.7281,-0.4687, 3.7522, 4.5038,-4.0098,-3.5799, 0.5523, 4.9883, 2.5092, 3.6657,-1.6523,-2.3900, 0.2339, 3.4916, 3.2947, 4.3444,-2.6938,-3.9031, 0.6969, 0.5198, 3.3061, 2.0973,-4.5031,-1.0640, 4.8033,-4.6870,-0.2997, 0.6788, 3.3105, 3.5843,-1.8557, 1.7961,-2.1090, 4.4055, 4.6334,-2.2378, 1.7435, 2.3809
-1.9875,-3.6566, 0.8469, 4.1459, 0.3582,-3.4763, 1.5699, 2.6432, 1.1014, 4.4290, 1.3801,-1.4256,-4.9869, 3.8438, 4.5215, 4.0616,-4.7832, 4.0829,-4.7031,-3.4357,-0.6678, 4.4240, 4.8337, 2.5328, 1.1077, 2.5060,-3.3412, 4.0234,-0.2060, 1.7938,-0.1386, 0.4134, 4.1599, 2.7659, 4.6971,-2.0825,-3.9596,-0.3552,-1.3507, 2.0238, 4.5912, 0.0796, 0.0065, 0.9855,-0.0795,-2.2338, 0.3885, 4.8668, 2.3186, 3.5041,-0.6985, 4.2612,-3.9441,-1.2891,-3.7517,-3.2012,-2.9140,-1.2575, 4.1352,-3.8778, 2.4869,-3.4474, 0.9619, 1.5799,-3.2926,-4.7893,-4.9755, 2.4552, 4.8840
 0.8664,-3.3963, 0.5972, 0.3202,-0.0930,-0.5110, 1.0570,-1.9543, 0.1904,-3.2877,-1.8413,-0.3869, 0.4136, 1.8193, 1.9970, 0.2764, 4.3575,-2.3371, 4.8872,-2.1977,-4.8349, 2.7633, 1.7418, 2.6690,-1.3653,-3.1197,-1.4530, 1.8033,-3.4128, 0.1244,-1.7928,-2.0213,-4.8575, 1.0226, 2.1785,-1.9838, 2.4237, 4.8555,-1.1369, 4.6555,-2.8918,-4.7021, 3.6828, 2.8649, 4.5723,-1.8020,-4.3729, 3.3480,-3.8426,-2.2256, 1.8857,-3.4243, 2.7344,-3.9202, 1.9710, 0.1252, 1.7230, 1.0813,-2.3544, 3.7568,-4.4762, 3.4023,-1.6260, 4.1222, 2.6658, 1.2276,-3.4595,-0.7390, 0.5595
 1.1635,-2.5070,-0.9984,-0.9316, 3.3978, 1.2807,-3.4208, 3.2487, 1.9299,-2.5241, 1.6492,-1.5349,-3.4893,-2.9783,-2.1979,-4.6733,-4.3836, 4.6452, 1.4880, 0.8680,-3.1622, 0.2945, 3.8667, 1.9093, 4.5857, 3.9957, 4.4505, 4.7439,-2.8052,-0.0832,-2.6672,-0.9698,-4.3007,-1.6325,-1.9461,-1.9329, 0.6575, 3.1217, 1.9828, 2.5085, 2.8569,-2.1714,-0.7083,-0.4586, 2.8303,-3.4229,-2.6483, 1.3578, 3.0593, 1.5027,-2.8626,-1.3620,-2.5186,-3.2080,-0.1232, 0.4293,-2.0780,-0.1647,-1.8667,-3.5923,-3.2400,-4.5622,-1.6155, 0.8092, 1.4543, 1.3133, 4.0937, 4.7273,-2.2777
-2.0792, 0.2676,-2.2603, 3.9929,-3.4727, 2.0921, 3.0251, 0.8158, 4.5777,-0.4322,-4.6002, 4.8972,-2.2248, 3.2080, 1.8722, 2.1116, 2.3360,-4.6468,-4.2507,-2.4612, 0.0367,-3.1706,-0.3487,-4.8278,-3.1468,-1.4005, 1.8714, 1.3010, 2.9288, 4.4611, 4.2036,-1.2694,-0.2027, 4.8871,-3.9824,-3.5056,-4.2252,-3.6849, 0.2007, 2.0520,-2.6936,-2.2722,-4.2022, 0.7505, 4.0296,-4.5490, 2.2535,-3.5366, 2.1047,-1.9719,-0.3188,-4.1041,-3.9027, 3.5500,-2.7106, 2.2224,-3.8568,-0.1626, 4.5510,-0.5248,-0.6826, 0.0571,-1.8406,-2.5135, 0.8725,-2.8626, 3.6056,-4.3462, 3.5481
 4.1036, 4.5680,-2.6959,-2.6986,-2.0436, 4.9959,-2.0658, 2.6420, 1.8429, 3.5043,-1.4620, 1.8829, 0.5361, 1.6597,-4.5304,-2.4006, 0.9575, 3.0380, 1.6803, 4.6525,-3.4225, 2.2447,-3.4054,-4.2821,-1.2253,-3.3196,-0.8567,-4.2299, 1.1500, 4.3301, 4.5559, 1.7377,-3.1232, 2.4338,-2.8358,-4.9759, 0.5013,-2.9538,-4.0248, 0.7838,-4.9737, 3.5534,-1.8643, 2.8759, 3.6544, 4.4137, 0.6108,-0.6112,-4.6532,-2.4237,-3.1904,-2.8486,-0.9411,-4.1050,-3.3152,-0.1727, 4.2980, 1.8624, 0.1513,-1.6292, 1.9550,-4.1818,-1.8287,-3.7997,-2.6449, 4.5815,-3.1708,-4.5578, 4.8705
 2.2132, 0.3754, 0.2499, 4.5365, 0.9288,-4.6631,-4.6747,-3.2578, 0.1683, 0.8600,-3.9486, 2.3904, 2.8215, 2.5324,-3.5179,-0.7515, 0.1054, 2.6168,-2.3698,-3.7979, 1.6207, 4.8504,-4.2932, 4.7993,-0.4100, 0.5550, 1.6920, 3.4134,-0.3923,-1.7215, 3.1786, 3.7910, 4.5153, 3.1750, 1.3085,-1.4376, 2.9835,-2.4242,-2.0623,-1.6867, 4.8246, 2.7905,-0.9764,-3.5759,-1.6302, 3.6835, 3.7902,-1.1095,-2.6030, 0.0980,-3.9839, 4.7873, 3.9847, 3.5428,-2.4420,-3.6703, 2.8833,-3.1531, 0.6958,-2.7879, 0.6175, 0.9725,-1.0277,-4.7216,-3.2025, 4.3441, 1.1981,-1.0941,-4.8064
-4.0700,-3.1769, 2.4077,-4.0275, 0.2982, 4.4815, 1.5899,-0.9919,-1.1437,-4.9647,-1.5624, 3.1861, 4.2935,-1.0158, 0.0469, 2.4298, 4.2304, 3.6782,-3.8089,-0.9953, 1.9377,-3.7891,-4.1713, 4.6983, 2.8485,-2.0910, 0.3828, 0.5500, 1.1582,-3.8267, 4.4800, 3.2827, 2.7788, 2.3591, 4.9700,-4.4491, 4.0451, 1.7146,-4.0877,-4.7475,-0.7650,-1.9838,-2.4891,-0.9976,-4.9095, 0.2167, 3.8642, 2.2122,-3.9282,-2.6759, 0.2242,-3.4645, 0.2570,-1.7318,-1.5700,-2.0295,-1.4496, 3.6530,-1.1002, 4.9537, 0.3473, 4.2364, 1.6140, 3.1930, 3.5376, 1.3242, 4.6176, 3.2997, 0.8745
 3.5163, 1.5515,-1.9981,-3.0651, 0.9614, 1.6718,-0.0267,-0.5013,-3.4438, 3.2977, 0.2072,-4.6173, 2.0208,-1.4624,-0.4436,-4.0678,-2.7753,-2.1028,-3.5324, 0.6828,-2.2614,-0.7223,-4.9219,-2.6163,-1.4883, 1.9766, 3.5660,-3.2671, 2.9533, 3.9081,-0.2866,-0.0064, 3.0218, 3.9654,-4.3757,-0.2108,-4.4395,-0.5721, 2.3393,-4.4353,-3.1956,-2.6314, 0.3138, 4.1094, 4.9236, 0.5549, 3.1378,-2.0794, 2.6047, 2.5268, 3.1811, 3.9613,-3.5057, 3.7669,-0.0406,-4.7567, 4.0508, 1.5546, 3.8008,-2.9264,-1.1058,-0.5023,-1.2153,-0.8635,-3.2066,-0.1009,-2.7850,-4.9745, 0.6226
-3.6628,-3.2327,-3.8517, 2.8419,-2.2746,-2.3634, 3.4538, 1.6076, 1.4331,-2.0239, 3.2614, 4.0480,-4.9586,-2.0630,-4.1024, 3.9197,-4.0198,-2.0591,-3.0445,-3.7348, 4.8912,-0.0328, 4.2675, 4.4534,-3.5490,-0.5953,-3.3941,-3.6932,-4.1856,-0.1835, 0.3259,-2.3574,-0.2795,-1.0793,-3.2139, 3.2391, 2.8417, 3.8907,-3.4148, 3.1220, 0.9360, 0.6445,-2.8434,-2.3877,-2.6426,-2.4896,-3.4510, 0.1235,-3.5007, 2.5970,-3.8271, 1.4072,-4.4433,-4.1096, 4.2802,-2.4607, 0.3206, 1.8588, 4.8821, 1.7413,-1.1819,-0.6057, 0.0313,-3.3280,-3.6644, 4.4329,-0.3581, 1.6649, 4.1831
 0.9586, 1.9299, 4.1526, 1.7681, 2.1244,-1.8696, 1.4077,-0.2610, 3.7707, 0.2486, 3.5560, 1.5235,-1.3725,-2.3301, 4.7841,-4.0013,-4.7239,-1.1908, 0.0972,-3.7107,-3.0596,-0.5446, 3.9610,-1.1811, 0.1003, 2.7245, 2.5656, 2.2804, 0.3203, 3.9679,-4.0944,-4.6967,-0.7179,-0.5030, 1.0049,-0.4730,-4.5032, 4.0113,-2.3810,-2.3502, 2.8275,-3.2451,-3.5874,-1.1584, 3.2217,-0.1431, 0.9604,-3.4506, 2.6054,-1.5002, 1.3040, 1.6839,-1.8657,-1.1123,-2.0231, 3.4057,-3.9368,-3.5448,-1.7311, 4.8979, 1.2436,-2.4895,-1.7446,-4.7509,-2.2865,-4.8593,-1.4931, 1.9223, 2.4802
-3.8915, 2.3123,-0.9756,-3.4560,-2.1595,-1.9925, 4.0703, 2.2401,-2.6413, 0.0094,-4.5120, 0.6759, 4.2037, 2.1802, 1.5824, 3.3248, 1.7928, 4.0647,-0.7534, 4.0761,-2.1001,-3.0721,-0.5126, 3.5103, 2.3506,-2.6246,-4.9309, 4.9417, 2.0749,-3.6976, 2.7273,-0.0823, 3.9976, 4.2269, 1.6112,-2.2475, 3.9238, 3.5222, 2.8949,-1.9093,-4.2182,-4.7020,-3.6622, 3.2312,-4.1617,-3.3427, 3.7865, 4.2512, 0.2551,-1.1450,-2.4332, 4.8721, 4.3067,-1.0792,-3.7428,-2.5607, 4.8311,-3.7036, 4.1677, 1.7702,-3.5001, 2.9190,-3.3300, 3.9810, 4.0074, 0.7011,-2.4817, 2.5372, 2.6014
-1.7734, 1.1262, 3.3851,-1.3611, 3.1329,-3.4576, 3.5064, 1.4616,-0.2085,-4.0143,-3.5085,-4.8582, 4.6658, 3.7197,-3.3122,-0.4927, 2.1880,-4.2952,-3.9328, 4.9477, 0.6264,-0.5895,-2.4685, 4.6861, 2.2436, 0.7473, 4.2718, 2.3364, 2.2746,-2.4054,-1.1403,-3.3034, 3.0578,-3.7435, 0.3191, 0.6212,-0.4910,-1.7795, 3.7947,-2.9136,-3.1435, 2.1520,-3.6603,-2.2452,-1.0217,-2.9901, 4.1339,-3.2864, 0.2507, 1.1271, 4.5761,-1.3161,-4.4772, 3.5405, 0.0925,-2.5578,-3.1970, 1.0011, 1.5209,-4.7884, 4.7423, 1.6152, 4.2328,-4.8772, 1.9697, 2.1742, 4.2251, 1.9814,-2.4338
-0.5153,-3.6147, 3.3124, 0.0321,-3.0935, 0.8738,-0.7013,-1.1841, 1.4362, 0.2687, 4.7237,-4.6640, 3.5216,-2.8128,-2.0505, 4.4558, 2.9677,-3.1560, 1.0127, 2.9577,-3.2118, 3.0802,-3.8748, 2.1215, 4.6937, 2.4104,-4.0414, 4.7742,-2.3008,-2.4701, 1.1328,-0.4220,-1.1136,-4.9961, 2.8577, 1.1585,-2.3198,-4.0555, 2.6541,-3.9740,-3.3665, 4.3373, 1.0174, 3.3797, 1.9855,-2.3244, 4.3129, 0.6826, 3.7674,-0.2999,-1.6126,-0.5905,-1.5564, 0.0382, 3.7704,-2.9473, 2.9755, 4.3356, 4.7895, 0.0402, 1.6011,-0.9613, 4.1846,-1.3671, 4.4904,-2.7148, 3.7402,-0.9817,-3.8910
 3.9522, 2.1051, 0.3128,-2.8498,-1.0793,-2.5964,-3.7296,-3.7314,-0.2113,-1.7868,-4.7107,-2.7979, 3.3992,-0.6706,-1.2090, 4.4507, 1.7050, 4.8052,-2.8636,-0.9420, 1.6254,-2.3731,-4.9817, 4.7865, 3.4310,-4.2949, 1.2687, 4.7772,-4.9342, 2.3559, 3.8982,-0.9309, 2.2274, 0.4685,-2.7551, 1.0054, 2.7204,-3.2707,-4.7020,-3.9296,-2.4648,-3.1334,-0.8656,-3.5631,-3.4575, 1.6964, 1.8394,-4.4153,-4.4810, 1.6284, 2.2079,-4.6418,-4.4256,-4.3273, 3.5657, 2.7134,-1.4217, 3.2731, 0.6913,-1.8423,-2.6976,-4.0332,-4.4163,-2.5971,-3.9975, 0.6068, 4.6031, 1.7929, 1.7843
-4.1633, 3.7242, 3.0378,-1.2646, 4.1769, 4.7827, 1.4212, 2.8971,-2.3803,-2.2515,-4.9741, 4.8670, 2.4201, 0.6606,-1.1083, 0.0855,-4.1343,-3.0948,-2.7275, 2.7666, 1.6364,-3.1901,-4.2632,-0.5693,-0.6640, 2.7113,-2.2844,-0.9042, 1.4456, 4.9698,-2.0793, 3.6406, 4.8752, 1.5635,-4.7582, 2.6418,-0.3044, 2.7303, 0.9996, 2.0389,-3.4706,-1.2902, 0.2325, 1.6902, 1.1909,-0.0238,-4.4192,-2.0917, 0.7011,-3.5661,-4.8394,-3.3203, 2.4764, 4.0511,-1.3244,-0.2379,-2.6193,-2.5395,-0.4286, 2.8528, 4.6658,-1.5752,-2.4402,-3.1704, 3.1195,-3.3626, 0.2534,-2.3536,-4.7979
 0.7754,-0.9230,-2.8181,-4.7255,-2.1686, 3.8845, 4.9513, 4.1787,-2.6520, 1.4141, 2.5047,-4.1811,-2.2507,-3.7753,-4.8696,-3.6630, 2.6812,-0.9461, 4.1842,-0.3146,-1.2144, 2.7347, 3.5375, 3.0638,-2.9878, 3.0397,-0.0482, 3.5277,-2.4117,-1.7968, 0.8007,-3.1139, 3.0211, 1.8219, 0.3573,-2.6026,-1.8382, 4.8417, 0.0951, 2.0402,-3.9678,-0.7444, 4.8043, 1.5945,-3.5464, 0.8150, 4.0924, 2.7450, 2.8088, 1.4528,-2.5712, 0.1341,-1.9674,-2.0867,-3.8859,-4.4578,-2.0789, 4.2158, 3.7839, 2.8672,-0.6291,-1.2051, 2.3554, 4.2435, 2.4293, 4.7820, 1.5936, 2.8644, 0.9600
 1.3579, 1.1426,-1.6637,-0.7150,-1.1245,-1.3328,-1.8749,-0.5933,-2.3253, 4.9675,-1.4088, 0.3758,-3.2339, 2.2517,-2.2984,-0.0516,-4.8757, 1.5808, 1.5434, 2.6305,-2.0895,-3.8535,-3.8519,-1.9520,-1.7002, 1.4086,-1.2194,-4.7747,-3.0660,-3.1479,-2.7932,-4.4515,-4.6889, 0.1545, 4.9738,-1.1982,-1.8215, 3.8722,-3.4026, 4.1950, 4.1086, 4.1411, 2.0377, 2.7998,-4.9271,-1.3573, 0.3644,-3.3283, 1.3692,-2.1624,-1.2139, 1.6850,-1.4485, 0.0238, 2.7042,-3.3182,-3.4829, 1.3128, 2.6204,-4.2714,-1.8721,-2.2886, 2.5534, 3.6773, 4.4009,-4.8241, 3.0637, 2.5905,-0.5402
-2.9475, 0.5325, 3.1148, 3.1121,-3.3136,-0.3289, 3.7367,-4.3747, 1.0589, 4.3640,-2.3034, 4.3194,-1.7653,-3.4253,-0.8628, 0.3185,-4.9973,-1.4469,-3.3332, 4.5925, 4.6280,-2.5088,-4.6600, 4.8967, 4.4046,-2.5455, 4.5788, 0.0153,-0.1376, 0.3942,-4.7988,-2.5971, 1.4665,-4.9408,-0.3376,-2.7541, 4.3788,-4.9690,-1.8723,-2.1154, 4.8818,-2.4414,-4.1319, 4.3538,-3.0907,-2.0074,-4.7950,-2.2993,-1.1733, 1.0535, 2.9285, 3.3255,-3.0478,-2.0185,-3.6280, 1.2749,-0.6524,-2.7805, 3.3019,-4.0145, 1.1056, 3.9382,-2.9526,-1.5104, 1.1914,-0.0847, 2.8056,-1.7247, 3.6315
-4.6923,-4.3190, 2.6892,-3.8238, 1.7951,-1.3550, 0.0797, 1.8015, 3.9882, 4.4382,-0.4531,-1.1743,-0.5543, 1.0990, 1.7265, 3.7399, 2.8740,-0.1752, 4.8203, 0.6074,-3.0395, 4.6472, 0.3410,-4.9233,-1.9231, 2.4587,-2.9155, 0.2941,-2.4295,-3.8478, 0.0813,-0.0549, 4.4145,-4.8429, 4.7700,-0.0116,-3.9375, 3.9092, 0.4228, 4.6112, 2.1201, 0.5592, 4.0406,-2.4657,-2.7277, 4.1136, 3.0196, 4.4402, 4.6957, 4.5601,-3.0782, 3.1847, 0.8881,-0.7054, 3.1932,-1.2419, 0.2923, 1.5207, 0.8158,-3.6259, 3.5766, 3.0729,-2.3275, 4.4604,-1.1445, 1.5976,-2.8631,-4.4453, 0.7832
 4.2458, 3.1705, 2.4202, 3.6764,-0.4219, 2.2634, 1.3166, 4.9468,-4.3597, 1.8288,-3.8722,-4.3068, 3.1248, 2.0495, 0.6892, 2.5622,-4.5219,-1.7628, 3.8377,-2.1865,-3.8848,-1.3043,-3.3112,-4.7673,-4.4392, 2.6105,-2.2028,-4.6674,-0.8681,-3.9525, 2.4541,-0.6336, 4.4055, 2.7447, 3.7577,-2.2400, 1.3082,-3.0153, 3.7022,-0.0858, 0.6437,-3.0985,-1.5620,-2.5971, 1.0880, 4.1921,-3.8283, 1.2468,-4.7720,-2.5755, 4.2274, 3.7504,-2.9317, 1.9439, 3.2901,-3.8438, 3.4151,-2.3010, 1.1355, 3.2433,-1.4409, 0.3046, 2.3153, 2.1245, 1.6484,-1.5444,-2.3798, 4.2642, 0.0635
-4.6658, 1.7799,-3.4672,-4.9728, 2.1464,-1.6033, 3.2009, 4.1153,-0.5178,-0.3395,-0.4790,-2.0311,-0.8001,-2.5425, 4.4060, 4.9793, 3.9438,-3.9610, 4.5769,-4.2913, 3.2282, 4.5417,-1.2654, 1.8729, 0.6665, 3.1807,-3.7334, 0.6495,-3.7925, 4.6029, 2.5730,-2.3431, 4.5490, 0.5209, 3.9305, 2.0385,-2.9951,-3.8157, 2.2896,-4.5053,-0.3549, 2.2649,-1.7895, 1.8369,-2.6738,-2.8841,-0.7628,-1.5612,-4.9474,-3.3376, 3.2331,-3.5321,-2.8572,-2.8849,-3.4574,-1.8145, 0.2733,-1.7930, 4.3213,-2.7345, 4.9862,-4.0815, 4.5672, 4.9383, 2.4524,-2.0137, 2.0217, 0.9475, 4.4983
 4.7379,-1.6113, 3.4431, 2.5396, 0.8938,-1.7341, 2.4681,-0.6383,-0.7207,-2.8430, 0.0486,-4.3712,-1.9310, 2.5104, 4.7502, 1.7494,-2.9378,-4.3774, 0.9378, 4.5310,-0.5851, 0.7975,-4.1937, 4.6454, 4.7639,-3.0408, 4.7768, 4.0124, 3.1873,-1.6190,-0.2206, 0.8391, 4.8659,-4.4599,-0.2280,-2.5982,-2.4702, 2.6351,-3.4324, 3.3675,-2.0649, 1.0070,-1.3712, 0.7912, 1.0124,-2.4595, 3.2245,-1.0686,-1.8471,-2.5306, 2.9823, 1.2423,-0.8111,-1.6311, 2.8894, 4.7302,-1.3662,-4.6635,-1.3433, 1.2460, 4.8979, 2.0658, 1.5955, 2.3635, 3.7510, 3.1202,-3.0111, 0.6293,-1.4750
-4.9305,-0.7127, 1.3310, 3.2234, 3.9514,-1.9492, 0.1188,-1.1705,-0.7014,-1.9720, 0.6335, 0.4903, 4.0880, 3.9733, 1.9832, 3.1404, 3.5816,-1.5950,-1.5130,-1.2595, 1.1087, 1.9528,-2.0696, 4.4101,-3.2709, 2.2270, 0.3129, 4.7904,-2.3594, 4.1370, 0.2007, 1.3304, 0.1318, 4.2263, 0.6671,-4.2941, 3.8320,-0.4058,-2.7091, 2.2897,-3.4314, 0.0587, 1.0741,-1.5598, 3.7031,-4.8575, 4.7253, 4.3909,-1.7622, 2.9387, 4.4887,-4.4794,-2.8681,-4.8918,-2.9607, 0.2022,-1.8661,-1.4997,-1.8068,-3.8013,-4.9910, 3.5886, 2.4700,-2.8522,-3.5733,-2.6945,-1.6599,-0.0855, 0.0658
 4.2044,-2.5337, 1.0978,-1.6261,-3.1412,-2.4923, 0.4613,-4.7369, 1.9600,-4.2075,-4.7313, 0.2755,-2.1909, 1.1168,-3.2502,-2.2151, 0.0726, 4.9969, 1.7596, 1.0019, 1.0351,-1.7422, 2.2688, 2.8693, 1.1882,-1.9974,-0.6606,-0.1828, 4.9330,-1.1984,-4.6538, 2.0968, 1.4918, 0.0290, 0.8834,-0.2424,-2.2473, 4.2667, 0.3528, 1.6790,-3.6807, 0.2089, 0.2243, 3.8008,-0.3579, 3.1868,-2.3481,-4.5339,-2.8056, 1.2819, 0.2223, 3.0239, 1.0802, 1.4157, 2.8456, 2.8391,-2.5926,-4.2095,-1.0551,-3.7524, 0.7365, 0.0201,-0.6266,-3.2021,-4.6462,-0.7213,-2.5103, 1.5402,-4.0774
-3.1205, 0.0947, 4.8791,-3.4331,-4.4214,-0.8195,-1.9923,-1.3631, 2.8840, 2.9843, 4.8697, 4.3305, 0.1281, 3.1755,-2.0792,-1.1192, 4.0915, 2.8584, 1.1103,-4.1621,-0.2444, 2.6163, 4.3494, 3.7201,-4.7149,-2.6784,-0.1147,-2.6745, 2.5000,-1.4344, 4.3323, 0.3773,-1.6015, 4.2978,-4.0579, 0.4470,-1.1026, 4.2307,-4.8782,-2.8943, 2.4780,-0.5196,-2.9812,-4.0470, 1.7650, 3.8077,-4.0194, 0.1007,-1.4719,-0.6991, 0.6099,-1.6336, 1.8559,-3.2244, 0.0905,-2.4511,-1.6390,-1.1827,-1.0600,-4.2037,-1.5240, 2.4232, 1.2144,-2.0992, 2.5448, 1.1583,-3.6834,-4.0085,-3.5051
-2.5490, 1.8551,-1.6482,-1.8902, 0.1930,-1.7969, 3.9531, 1.9899,-4.6749, 3.2565,-2.8585,-3.3940, 1.8732, 0.2735, 4.1485, 3.2305,-0.2571,-2.0194,-3.6684,-2.6247, 0.0954, 2.1807, 2.1191, 0.5259, 0.2151, 0.3457, 3.4947,-3.3431,-4.7836,-3.9490, 4.6833, 4.0043, 0.9057,-1.8935, 1.5799, 2.5934, 2.0408, 0.3275,-4.4672, 3.4278, 0.7542, 0.4575,-2.9033,-2.3503, 3.5385, 1.0309, 4.3474,-4.7028,-3.8704,-1.9686, 0.5632, 1.4866, 2.6026, 1.1640,-4.7824, 4.9381,-2.4077, 4.5233,-0.1428, 2.0785, 0.9437, 1.2333, 2.3370, 2.5646,-2.5183, 0.9552,-0.6765,-4.5187, 1.3875
 0.4035, 1.7732,-0.2128,-4.7135, 3.8870,-3.6524,-3.1343, 1.3737,-1.1991,-1.8181,-2.2530,-0.3835, 3.7815, 0.0535,-3.5812,-2.2369,-2.3282,-0.2295,-1.5991,-0.8207, 1.2147,-4.1403,-1.2744,-0.3035,-0.2953, 1.7119,-3.9510,-4.1435, 4.3889,-1.6385,-0.7694,-2.0903,-3.7720, 4.8099,-1.8856, 4.7293,-4.1987, 3.9135,-2.0520,-3.3814, 3.9608, 0.2307,-3.9186,-4.7831, 4.8151,-4.1380,-1.9951,-2.9036, 0.1654,-4.8596,-0.5979,-3.2387,-4.9615,-4.3178, 3.1253, 0.5824, 0.5074,-4.6466,-3.7392,-2.7977, 3.4793,-0.6675, 2.9946, 2.6554,-0.8404,-0.5762,-4.9405, 3.1850,-3.8716
 3.6781,-0.2676,-2.1030, 2.0685, 3.6483,-1.2711,-1.9004, 0.0464, 0.3732,-2.0613, 3.7729,-0.5066, 2.2334, 4.4124, 4.7640,-0.7105, 1.3449, 3.0317,-0.2891,-4.4441, 2.8368, 0.2845, 2.6331, 0.5227, 1.0766, 2.8764, 1.5001,-1.1886,-3.2113, 2.6699, 1.0599, 3.7764,-1.6632, 2.7861,-1.0968, 4.6076,-1.3963, 1.4813,-0.1211, 0.5222, 1.4620, 4.6451,-3.1489, 2.5505, 0.1751,-2.0248, 0.2724,-3.0061,-1.7672, 1.3674, 0.0642, 0.0412,-4.5895, 0.4416,-3.6121,-2.6443, 2.5790,-0.6990,-0.1394,-1.3215, 4.8084,-0.4956, 1.4506, 2.5910, 4.7561,-2.8211,-4.0364,-3.3405,-0.7990
-1.9599, 1.4420, 1.9656,-0.7451, 4.4523,-2.2807, 2.1711, 2.8238,-0.1538, 1.4856, 3.2777,-4.8881, 0.6276, 2.6633, 2.6784,-3.8570,-0.7408,-4.0113,-3.7275, 3.1848, 3.7874,-0.7005,-3.8724,-0.5448, 4.5562,-3.2422, 1.4058, 2.4226,-2.9228,-1.2475,-0.7005, 2.4301, 1.0506, 3.3143,-1.0616, 2.2271, 3.3751, 2.3987, 3.3650,-1.1356, 3.1583,-1.7963, 0.9159, 2.7368, 4.7212, 3.6778,-0.7967,-0.3160, 3.4567, 1.6763, 2.6918,-4.0620, 3.8163,-2.0430,-2.5078, 0.0875,-0.7560, 2.1187, 3.9236, 1.7664, 3.0322, 0.5600,-4.1249, 4.3797, 2.4192, 4.0579,-0.6709, 1.8563,-4.5002
-3.1726,-0.0767,-4.5072, 4.8638,-2.7157,-0.8398,-3.8530, 1.3165, 4.4638, 2.3852, 3.0169, 3.1934, 0.8435,-1.4849,-1.3416, 1.6689, 4.0556, 3.9942, 2.1371,-4.4750,-2.1136,-0.4121, 4.9088, 4.8043,-4.0701, 1.0187,-0.7267, 3.5091, 3.5855, 2.8483, 1.1003,-4.5975, 0.0013, 3.9429, 2.6623,-2.9413, 3.7637,-1.1385,-1.2707, 4.7314, 1.6812,-3.7434,-0.1623, 3.8071,-1.2756,-1.4343,-1.0216, 3.7779, 3.5742,-3.8642,-0.7693,-4.6334, 2.9568,-3.8726,-4.4379,-3.5554, 3.9971, 2.2553, 2.1632, 1.9180,-4.6890,-0.1301,-0.1425, 2.1246,-1.4508,-1.3187,-3.9468, 1.8957, 0.4769
 1.4877,-4.8859,-1.8180, 4.7333,-0.5671, 4.5606,-2.8342, 3.2342,-4.3113,-3.5558, 3.0411, 3.6587,-0.4990,-1.7396, 2.3070, 3.1399,-4.3203,-4.8305, 0.3630, 4.1179,-2.6443,-0.8946, 2.2701, 4.1170, 2.2716,-0.6123,-4.2531, 3.9375, 2.8503,-1.6411,-4.0211,-3.8825,-3.7669, 2.7433,-4.0379, 2.8076,-1.4629, 3.7113, 3.8838,-4.2462,-2.0386,-2.5554, 4.5825,-4.8833, 3.6399, 2.7579, 1.1903, 0.0141,-4.7533,-3.0546,-3.4164,-1.6623,-1.2248, 2.1874,-0.8918,-0.7712,-0.6910, 4.1949, 2.3312,-0.1390, 4.8667,-3.3321,-1.8004,-1.3572,-2.0184,-3.7351,-3.1095, 2.5510,-2.7420
 1.8451, 2.6762,-4.8321, 0.2549,-0.8749,-0.9096, 1.4115, 2.7942, 2.6334,-1.7361,-2.0188,-4.7261,-4.2369,-0.1719,-1.3486,-3.7343, 4.3279,-1.8123, 3.1651, 1.2226, 4.4485,-3.2426, 3.6236, 1.0529, 2.6071,-4.6954, 3.5486, 0.1711,-0.2004, 3.2663,-2.4352, 1.9549,-0.0616,-0.1101, 0.1204,-3.7519,-3.1058,-0.5868, 4.8279, 3.9594, 2.1956, 3.9984,-4.9573,-0.5357,-3.5242,-0.3137,-0.1263,-4.9476, 2.1422,-1.9200,-2.8660,-1.8958, 4.2575, 2.3640, 4.9017,-2.0845,-4.6717, 3.7870,-1.9347,-3.9380, 2.5287, 2.3774,-1.2261,-3.1121,-1.8529,-0.7484,-3.1980,-3.9354, 2.2790
 0.2700, 2.5554, 2.1645,-1.7034,-3.5542,-3.6006,-3.0844,-1.2360, 0.4396,-4.4947, 4.4031, 0.6648, 2.2009,-1.6250,-1.4449, 1.0504,-4.2536, 1.3886,-0.2045,-4.3405,-3.3210, 1.9329,-1.0100, 4.1708, 0.4754,-0.2782,-1.7808,-0.1108, 4.8645,-3.5983, 1.0518,-4.0036,-2.0211, 1.0959,-3.5828,-2.9042, 3.1931,-2.8371,-3.6985,-4.6718, 0.6393, 4.4597,-3.9992, 3.3843, 4.9295, 2.1423,-0.5503,-1.0829,-3.7978, 3.7732, 1.1619, 3.3715, 1.7659,-3.2661, 0.4340, 2.1498,-4.0085, 3.0236,-1.8079,-0.3263,-0.7100, 2.4748,-1.2849, 3.8501,-2.1777, 3.9621, 3.0568,-0.3249,-4.9666
-0.2584, 0.6766, 1.7605,-1.9838,-4.6429, 0.4225,-2.2767,-2.0460,-3.9475,-3.9454, 3.3822, 4.9577, 1.4622,-0.9446,-3.0956, 1.6736, 0.8806, 2.7277, 0.7058, 0.2513, 1.0605,-0.1277, 3.8645,-1.0451, 0.2995,-4.5469, 2.5084,-4.2988,-1.9863, 4.9494, 0.4574, 2.5429, 1.8589,-2.5815,-3.3591, 4.0280,-4.8472,-0.1444,-3.2493, 3.9037,-0.9735,-2.9071,-4.6323, 3.0894,-4.1727,-4.3925,-3.8294,-4.2210,-3.2723, 0.7155, 3.6525,-1.4578, 1.9257,-2.0894,-2.0902, 0.6364,-2.0980,-1.4871, 3.8792, 0.0467,-0.6089,-3.7333, 1.8535, 4.9638, 2.7908, 0.8544, 2.0573,-2.5622,-3.5278
-0.8114, 4.5371, 3.4840,-0.4902,-0.7839, 1.4238,-4.3927, 3.2358, 1.0831,-4.5127,-3.5739,-4.8423,-2.5369,-4.7906, 1.5002,-3.6716,-0.8585, 1.5858, 3.4320, 4.4086, 2.0399, 0.2577,-3.6502, 4.9374, 0.4117, 1.0880,-4.9938, 4.4537, 0.2943, 3.8519, 4.5482,-3.7196,-3.3626, 0.9584, 2.2502,-3.4905,-1.5996,-3.1470, 2.9745, 2.4668,-2.9470, 1.7514, 3.1077,-4.1101, 2.2055, 3.0215,-2.6484,-0.3836,-0.5000, 2.3934, 1.5186, 4.7211,-1.2261,-4.3848, 2.5711,-1.7577, 1.2264,-2.9535,-1.8995,-2.2605, 2.5513,-2.7009,-2.7419, 1.2714, 2.5684, 3.0834,-3.2669,-3.4720, 2.4652
 4.6545, 0.4561,-0.0603,-1.3413, 4.3805, 2.9919, 3.8096,-0.3613,-0.3789,-3.7624, 4.5442,-2.1564,-1.2491, 0.2018, 4.7018, 2.6841, 0.9788, 4.8884, 4.1901,-1.5827, 2.7410,-4.6521,-1.5448,-4.6452,-4.3595,-4.8623,-3.1817, 1.6395, 4.8695, 0.9375, 0.4286,-1.6347, 3.6924,-2.1388,-4.0425, 1.4561,-2.7429, 4.2779, 0.6114,-1.5871,-3.3208,-1.6253,-1.0899, 3.0132, 3.5597, 3.6495, 1.6946, 0.8733,-0.3489, 3.7589,-3.5845, 1.3122, 2.4590, 3.7958,-3.9813, 1.6633,-3.5801,-4.7916, 0.8279, 4.7036,-3.7341,-0.2488,-0.1515, 2.2917, 1.7217,-2.6410,-0.9305, 3.3153, 4.9761
 4.9437,-0.3687,-2.1199,-2.6792,-1.9463,-2.7082,-2.1489, 0.1003, 0.0520, 0.8837,-3.6944, 3.6225,-3.3529, 3.3933, 4.9394,-0.3087, 4.1468, 2.5203, 3.3242, 3.1126, 0.1194, 4.1310,-3.8836, 2.1164, 1.5079,-4.9308,-1.7003,-4.9688, 1.8413,-3.3280, 2.4893, 0.2242,-4.2332, 3.5879, 0.0689,-4.8660,-1.7739,-3.4007,-4.0696, 3.0434, 3.0264,-1.7477,-4.1120, 1.0778,-2.0309,-3.4195, 1.8324,-2.2522,-4.0556, 3.2070,-0.4491,-3.3010,-0.3412, 4.8889,-2.0340, 3.1718, 0.1841, 2.8215, 2.9620, 4.1031,-1.5532,-4.5355,-4.6389,-2.8678, 1.8670, 3.7578,-2.5185, 3.5838, 1.3536
-1.7363,-4.4389, 4.1962,-0.6292,-0.3885, 4.4237, 4.9876, 3.6002,-0.5887, 0.7147, 1.1554, 2.7581,-2.8932,-0.9558,-0.9803, 3.1932, 3.0872, 2.0661, 4.5476, 1.7998,-3.4388, 0.7288, 4.9143, 0.9182, 3.0143,-3.1101,-1.1502,-0.2510, 2.1025, 3.6984, 3.1066,-4.9276,-2.7211,-1.5665,-3.5690, 0.4386,-0.6554,-4.8009,-2.9163, 2.1394, 0.7749,-3.7948, 2.5934,-2.9316, 4.1758,-4.0487,-3.3394,-3.6617,-0.9398, 0.0979,-0.5020, 1.8721, 1.7405, 4.8649, 0.8473,-4.4301, 0.0370,-2.4382, 3.9616, 1.5045, 0.1513,-3.0959,-3.6971,-2.9922, 4.4982,-3.3298, 0.7302,-1.4299, 2.2546
 4.2526,-0.7960,-3.7277,-3.8492, 2.6284,-3.5242,-2.0144,-0.1178,-1.0730,-1.2933,-3.4440, 0.0849,-2.6960, 1.5465, 1.6189,-0.1159, 1.6084,-3.3281, 3.4421,-3.4443,-2.7276,-2.3554, 4.1546,-4.5958,-0.8087, 2.5921, 1.3096,-3.7284,-3.4775,-2.7586,-4.7420,-0.6960,-4.0344, 4.0860, 4.0959, 1.0052, 4.9915,-2.0416, 3.6942,-1.4515,-1.6987, 1.7229, 4.8242,-2.9060, 0.7214, 4.3475,-3.2204, 0.7381,-0.7817,-0.4722,-4.6557, 2.9284, 2.1259,-0.6247, 0.9376, 4.6240, 3.4633, 1.3727, 0.4426, 1.4370,-0.5717,-2.5384, 2.4228, 2.3721, 1.6581, 4.4894, 3.5752, 4.0115, 4.5456
 4.2274,-0.3765,-4.5318, 2.6192, 1.1902, 2.1931,-4.2255,-4.8475, 4.4096,-2.0212,-3.3427,-1.1824,-2.1134,-3.6121, 0.0898, 1.2797,-1.3442,-0.2761,-3.2664,-3.0341,-4.2098, 1.7580, 1.9268, 2.6287, 4.2039, 2.5160, 2.1236,-0.6237, 4.0632,-4.8865,-4.6696,-4.4004, 1.8516, 0.3370, 2.3708, 1.8261, 3.8795,-4.2721, 1.5369,-0.6771,-3.2985,-0.4794,-1.9454, 2.8014, 4.8220, 4.5267, 2.0395, 1.1696,-3.5466,-2.3393,-4.1203,-0.2559, 1.4478,-2.7442, 3.6922,-4.9093, 1.7420, 1.7200, 2.2247, 4.0441, 3.2369,-3.1171,-3.1602,-2.4434,-0.4358,-2.8598,-1.0215,-4.6842, 1.2557
 0.8690, 3.8329, 1.4626, 3.5835, 1.6917,-4.7476,-0.4718,-4.3066, 0.0183, 4.0712,-0.4454,-0.0020,-0.2968, 4.4843, 1.8042,-3.5054,-1.3501,-1.9749,-4.1857,-4.7605, 1.6839,-3.4599, 1.8295, 3.5977,-4.4700,-1.7530,-4.8068,-1.7843,-4.0341, 4.4053, 2.5127,-2.6404,-3.8980,-2.3741, 2.6544,-0.9900,-1.7257,-4.6637,-3.5989, 2.5386, 4.2120,-3.0377,-1.4067,-4.4867, 4.6363, 0.2612, 3.4632,-2.3744,-0.8318, 3.1861, 2.2842, 0.4699, 3.1633,-2.9343,-2.2526, 2.6017,-1.3892, 1.2112,-2.1872, 0.6160, 0.5586,-0.6091,-0.9807, 4.6358, 1.4908, 0.8183,-4.6240, 4.8213, 1.6062
 1.2803,-0.1784, 0.3110, 3.7840, 3.4292, 1.4189,-4.7534, 0.2404,-0.0939,-4.8211, 3.4765,-3.9340,-0.0687, 0.0817,-1.2061,-4.6506,-4.4917,-2.9942, 1.5069,-0.5337,-1.6419,-0.0166, 4.2762, 1.2071, 3.1633,-0.5813, 3.3285, 4.6416,-0.6045,-2.1200, 0.5449,-4.3846, 3.9913, 3.3631, 1.9984, 3.9403,-0.2600, 2.8088,-1.5588,-0.6234, 4.8379, 2.3496,-0.0024,-3.6284,-4.9712, 2.3299, 3.2356,-4.8735,-4.3683,-4.7210,-0.6928, 3.6508, 0.2543, 0.0931,-4.1754,-3.2124,-3.9790, 3.4318,-2.9827, 0.3592,-4.4728,-0.5287, 1.9532, 2.2986, 4.6380,-4.6010, 1.1292,-1.9629,-4.6447
-3.7681, 4.8619, 1.3843,-2.5843, 0.4009, 0.2233,-4.4157, 3.1025, 3.9476,-4.9982,-2.8790,-4.2000,-4.5489, 0.7153, 1.8331, 3.3293,-1.8123,-3.7604,-2.0292,-0.8788,-0.6739,-4.0171,-1.0524,-4.0775,-3.1379, 1.8439,-4.9095,-1.2447, 0.0310, 3.1477, 3.3442,-4.0499, 4.4605, 4.5671, 0.9579, 3.3676, 0.3324, 1.6871,-1.4153,-1.5095,-1.1262,-2.5842, 1.7995, 2.9069,-4.7933,-4.0049,-3.0533,-0.4910, 4.4775,-1.4665, 1.4285, 4.9499, 4.6472,-1.7383, 2.9807,-0.8906, 3.9741,-3.9066,-3.5903, 2.9751,-2.8902,-1.8122,-0.4348,-4.3735,-2.3361,-1.9174, 4.4371, 0.8991,-0.7834
-4.8530, 0.9010, 3.8746, 2.6729,-2.2643,-3.1141,-4.8335,-2.3508,-4.1169, 3.3604, 3.3026, 4.7186, 2.0818, 4.1678,-0.0501, 3.5229,-0.3127,-2.2108, 3.3092, 4.0623, 1.7307,-3.0501, 0.0600, 1.0642, 0.9854, 0.9411,-1.3875,-4.7586, 1.5820, 3.9829,-0.0045,-2.7920,-1.4795, 4.6569,-4.1640, 1.2098, 2.6585,-2.8721,-4.7953, 0.0775, 3.4507,-1.5220, 3.6010, 2.3440,-1.3052,-4.5055,-0.4530,-2.1571, 1.5518, 4.8801, 4.8855,-0.8644, 2.6462,-0.1583,-1.7910, 4.1159, 2.9008, 1.1891, 1.6267,-4.7848,-0.7100, 4.9233, 3.4889, 1.9788,-4.4045, 3.6812,-4.0408, 4.1369, 4.4752
-0.8599,-3.6479,-4.7590,-3.5659,-1.3953,-2.3393,-2.8638, 0.2195,-1.6496,-0.8075,-3.2788, 2.1271,-3.3814,-1.3087, 0.5227, 1.9799, 1.7183,-4.0115, 3.9501, 3.5354,-4.9435,-1.8790, 3.2847, 4.0793,-0.3892,-4.7571, 0.1317,-2.6972,-1.8791,-4.4785,-1.6359, 2.6852, 3.1052,-4.9227, 2.0886,-0.1098,-1.4105,-3.7715,-4.2409,-1.6680,-4.9079, 2.2751,-3.4324,-4.5159, 0.2604,-2.1947,-3.4727, 3.6010, 2.0777, 3.4905, 0.0570,-3.6259,-1.0796,-4.6955,-4.0082,-1.7071,-4.7544,-0.1609, 4.3333,-2.0908,-3.4087, 3.0359,-2.6745, 4.3209, 2.0229,-2.1534, 4.9314,-4.3905, 1.4587
 4.9996, 2.1508, 1.2312,-1.1838, 4.4692,-1.2240, 4.0559,-3.3069,-1.0353,-1.9001,-0.4393, 2.0334, 1.1615, 0.9198, 4.0372,-1.7098,-0.3573,-0.8448,-4.6597,-4.9315,-0.1746, 0.9344,-3.1825, 0.5865,-3.1573,-1.9399, 3.6782, 0.9323, 0.2262, 3.7946,-2.9307, 4.6835, 0.6255, 4.6209, 1.7930, 3.2602,-1.7598, 2.4398,-1.0749, 2.4018, 1.0936,-0.8589, 2.2062,-2.2141, 1.8833,-2.6147, 3.8455, 2.2376, 1.4255, 0.3111, 2.5630, 1.0043,-1.1554, 1.5575, 4.2567, 0.7836,-4.7579,-0.4714,-0.9171, 0.4192, 0.8658, 2.6800, 3.4420,-1.5645, 1.3735, 1.9314,-2.1151,-4.5835,-3.2438
 1.4037,-4.8573,-3.1183, 1.3463,-3.2134, 0.0200,-2.1070,-1.3332,-2.2239,-1.9814,-1.2519,-1.7815, 1.0754, 2.4905, 2.0398, 4.0204,-2.4356, 4.3933,-4.6439, 1.4637, 4.6997, 2.5314, 3.0307,-4.1870, 0.1308,-2.3669,-4.0395, 4.6491,-3.8787,-4.1470, 0.8913, 2.3589, 1.3773,-1.5111, 2.2921,-3.3687,-0.8030, 0.1139,-4.7350,-4.4757,-2.4594,-2.0893, 2.0801, 4.7399, 4.4733,-4.7525,-0.3589,-0.8657,-1.1424,-0.7632,-4.4098,-0.5001, 4.8884, 3.6356,-1.5873,-2.2186,-2.5308,-4.6218,-0.3857, 3.2507,-4.5550,-0.1622,-2.6992, 0.4967, 4.7767, 3.4005,-4.9332,-3.9766,-4.1719
 0.3186,-0.5142, 3.3637, 3.5348,-3.8559,-2.3822, 3.5929, 2.8693,-4.7203, 0.3801,-0.9621, 2.8808,-1.9890,-0.4292,-1.9862, 3.3737,-3.6785,-1.7023, 0.7593,-2.3182, 2.7754,-1.8343,-3.1567,-3.8914, 4.0404, 2.8619,-3.8862, 2.6991, 0.9781, 3.5761, 0.4314, 3.9511, 1.8716,-2.2961,-4.0725,-4.1651, 4.7044,-1.7190, 2.0906,-2.1276, 3.8655, 4.6933,-3.5174, 0.9659,-4.6335,-0.1880,-4.5453, 0.5276,-0.8711, 2.5586, 2.0462,-0.9280, 0.4963,-4.2544,-4.2751, 0.1890,-3.2653, 4.7268,-2.4993, 0.2676, 1.1142,-0.6160,-1.5810, 1.9350, 1.8928, 0.6145,-1.3791,-4.9265,-3.3667
-3.6534,-3.3992,-2.1023, 2.4846, 0.2346,-2.4030, 1.9455, 4.0526,-4.9035,-1.5278, 0.6337,-3.6695, 0.6872,-2.4949,-2.4589, 1.6870, 2.0126,-4.6087, 3.5396,-3.2101, 3.1873,-0.9982,-4.0360,-4.3760,-1.4290, 2.3129, 4.0914, 4.8812, 2.8642,-1.2268, 0.2731,-2.9325, 1.1711, 0.1628, 2.7416, 3.2413, 0.7479, 2.6262, 1.5740, 0.5983,-1.7914,-0.1510, 0.1097,-2.3030, 3.7780,-1.2005,-1.8310, 2.7833,-1.6180, 4.7063,-3.1226, 1.7962,-2.9132,-4.5447,-2.6808,-0.6795, 3.7680, 2.1915, 4.3096,-1.2679, 0.4641, 3.3512, 3.4454,-1.1650,-2.1151,-3.4197,-0.6452,-3.6571, 1.5195
 1.9775,-2.0960, 3.2395,-2.6353, 1.4376, 1.6789, 0.4607, 4.6033,-1.5735,-4.3019, 3.9472,-0.2277,-2.6124,-0.5280, 1.1800,-0.8722, 1.5753,-1.5369,-2.4612, 3.3324, 0.8813,-1.1016, 3.1175, 4.4157, 2.3928, 3.6908,-2.7081,-4.1694, 1.2263,-2.6593, 0.3209, 4.9767,-0.7398,-1.0153,-0.1106,-2.2057,-4.0865,-3.9015,-1.6541,-0.0876, 0.5009, 3.9117,-4.4865, 1.5133,-3.6781,-2.8652, 0.7550,-1.6892, 4.3153,-0.3062,-2.3672,-3.3831, 3.8801,-4.9741,-3.6206,-1.8762,-2.3660, 2.2780,-4.4984,-3.7546,-1.5043,-2.0973,-1.7960,-2.6899,-1.2463,-2.1204, 4.3747, 4.8533,-1.6729
 3.4357,-4.6091, 1.6845, 4.8036,-4.1940, 0.4574,-3.9725, 0.8476, 0.8770, 3.3676,-2.2987, 2.8765, 3.9621, 2.7539,-0.7105, 3.1385,-4.2777,-0.5227,-4.6588, 2.3142,-2.2446, 0.8212, 1.3081, 1.8842, 1.6727,-3.4894,-0.7048,-0.8432,-1.6442, 3.0037,-3.3716,-0.7381,-0.5700,-4.3065, 3.0005,-0.7850,-2.7604, 1.7189,-1.6700,-0.4378, 2.7010, 4.1284, 0.4862, 3.7200, 3.4318, 3.9028, 4.1607, 2.0382,-2.2674,-2.8728,-2.8182,-1.8552, 0.0930, 4.4761,-0.0582,-2.1236,-1.0268, 1.4951, 4.6401, 2.8818,-4.0819, 4.7865, 0.2192,-1.4194,-4.7018, 3.4785,-1.1911,-0.8670,-0.8311
 2.6621, 0.2010,-1.8641, 3.2713,-1.9551, 3.8279,-1.9137, 0.7944,-2.4563, 0.3086, 2.9572, 0.9075,-0.5350,-3.4895, 3.4199, 0.5181, 4.7027,-4.3494,-3.4991, 0.2581, 1.6218,-3.6680, 4.6489, 0.7914,-0.4639,-2.4033, 3.7455,-2.4945, 3.3924,-2.0413, 2.3901,-3.2290, 0.1597, 4.5669, 2.3598, 0.2016,-4.3899, 1.3364,-0.4719,-2.3845, 3.5032, 0.8923, 3.6717,-4.2254,-3.4420, 4.7542, 4.7977, 0.0590,-1.9528,-3.2590, 1.8406,-3.0986, 4.9289, 3.6725,-4.4654, 3.3472,-1.4564,-2.1052,-4.5026,-3.6613,-2.8020, 1.8925,-4.9824,-4.0404, 2.4502, 4.6999,-1.0730, 2.8156, 2.1018
 4.4493, 2.4274,-1.3733,-3.3906,-3.7243,-0.8128,-0.7967,-1.4502,-3.6605, 1.4160,-0.7715,-1.0813, 1.8897, 3.0425, 2.7243,-0.6780,-1.6614, 3.9087, 0.5148, 2.1157, 2.2267, 2.2806, 1.4541,-2.0920,-3.6551, 3.4713, 2.4224, 4.0171,-3.1779, 3.0578, 0.8250,-2.9094, 3.3619,-0.2463, 1.9650, 3.4454, 0.2021, 4.1846,-1.5776, 0.6959, 2.3618,-0.6985,-2.8860, 1.9252, 0.9585,-2.2714, 1.1930,-2.9197, 3.7696,-1.6075,-1.8793, 1.3400, 2.5114, 2.9450,-2.4971,-2.1620, 4.4113, 0.9622, 2.5346, 0.6489,-0.1355,-3.4897, 1.9543, 1.8590,-4.2111,-4.0927, 4.8935, 4.7982, 4.6692
-3.6168,-4.4864,-0.2459, 1.9544, 1.1208,-0.7241, 4.0958, 2.9428,-4.4030,-3.9064,-2.7295,-3.3385, 0.8119, 0.2289,-2.2546, 3.9007,-2.7990, 0.0241,-0.2091, 3.8589, 3.3254,-2.4034,-0.5314, 3.1093,-4.7940, 3.8375,-0.5397, 3.4591,-3.2696,-0.2106, 3.1462, 1.7988, 1.0678,-1.6672, 3.3828, 2.7082,-1.1268, 2.7560, 2.9633, 3.9712, 3.9259, 0.9947,-1.5724,-0.8017, 2.0649, 0.5646, 0.1422,-1.0565, 1.2739, 4.7176,-2.2966,-3.0217,-4.7737, 0.0181, 0.4653, 4.0115, 3.0207, 3.4525, 1.4892, 4.4179,-2.8927,-4.0795, 1.2013,-0.1372, 2.2839, 0.1072, 1.6791, 2.0283, 2.5113
-1.8525, 1.8436, 4.8069, 2.7288,-3.3137,-3.1810,-2.2343, 0.9518,-3.0521, 4.7188, 3.4200,-1.6885, 3.8439,-2.0327,-4.5392,-4.0203, 4.8385,-2.6440,-0.7439,-4.5654,-1.6641, 1.2651, 1.7549, 2.5380,-4.6041, 0.6022,-0.6406,-1.3746,-4.1031, 3.5877,-2.6964, 0.9510, 4.1029, 2.3888,-4.7459, 0.1827, 2.9717,-4.6356,-2.4444, 2.9621,-0.9903,-0.3081, 4.8613, 4.6678,-0.0152,-1.1930,-4.9850, 1.2131, 3.9210, 1.7873,-3.9913,-2.7599, 4.9725,-3.0020, 0.5888, 1.3857,-0.0629, 0.3279, 4.8486, 2.2165, 0.8107, 4.0832,-2.2489,-4.4279, 4.2947,-1.7223,-0.2623, 2.8528,-3.8566
-1.5111,-4.8608,-4.3123,-3.8565,-3.9653, 4.3679,-4.3652, 1.0445, 1.2008, 1.6694,-3.9607,-3.7376, 4.5160,-4.4564, 4.3689, 2.4284, 1.2022, 1.3992,-1.1066,-2.6203,-3.8250,-0.4915,-3.1540, 0.8558,-4.9407,-2.7107, 4.4257,-4.6998, 0.7041, 4.8852, 3.2887, 4.5995, 2.2597,-2.4054,-0.4294,-3.9722, 4.4646, 3.8857,-4.6397,-2.5887, 1.6180,-0.2128, 3.9109,-1.9830,-1.0505, 2.7319, 2.5997, 0.6156,-1.0197,-4.4585, 4.8373, 3.5179, 3.5015, 3.5558, 0.0867, 4.2703,-0.8078, 1.8128, 4.8375,-4.7224,-3.4180, 1.0965, 0.0865,-2.9455,-3.5328, 1.6515,-3.7863, 0.1277,-0.3266
