 0.4316, 1.9059,-3.5018, 4.6897,-0.8332,-2.2975, 3.8675, 2.0586, 0.8018, 0.4964,-4.4826,-0.7500, 1.7208,-2.7967, 4.5427, 4.4847,-0.2769,-2.5713, 3.3696, 0.1971, 4.4963,-3.5717, 3.4902, 2.2275, 2.7400, 2.6251, 1.3718, 3.0816,-0.0217, 4.6240,-1.1766, 4.8312, 0.1401, 2.3305,-4.7258,-4.5458,-4.7320, 3.1118, 0.0961,-1.8718, 1.0107, 4.5077, 4.9197,-0.8309,-0.3613, 4.7475, 0.4630, 4.2184, 2.9870, 1.2427,-1.2356, 2.5132,-3.2761, 3.6782, 2.5398,-1.1354,-4.5791, 0.3815,-0.3045,-3.2859,-0.3196, 0.6919, 0.0047, 2.9673,-3.0958, 0.7194,-2.1883,-0.3501,-2.4998,-2.4561
 4.5122,-3.3449,-4.6725, 4.2496,-4.4843,-4.7108, 2.7409,-3.4489,-3.1139, 2.7176, 2.8416,-4.3141, 4.9489,-3.5941, 2.7317, 0.0613,-2.3363,-4.6865,-0.8795,-3.7567, 4.1291, 0.8632, 3.0190,-0.6361,-4.6792,-3.2151,-4.3675, 0.5034, 1.7721, 2.6094,-3.6856, 4.2315,-3.5489, 0.0992,-0.1874,-2.0607,-4.2808,-0.1902, 2.2943,-2.2843,-3.4071, 2.8881,-1.7696,-3.5280, 1.0227,-2.4571,-4.4403, 3.2046, 4.4315,-1.7469,-4.1428,-1.4639, 4.6142,-2.0461, 0.1050,-2.3156, 0.7506,-1.4963, 4.8026, 2.5304, 3.5118, 0.4532,-2.7831, 4.1488,-2.9037,-2.1125,-1.9080, 1.2805,-0.7233,-4.6699
 3.4427,-4.2666, 3.3080,-0.9829,-0.3547, 3.2733,-0.9629, 2.6537,-2.7089,-2.6863,-1.9262,-0.6414,-1.4496,-4.1030,-2.9750,-3.5957,-1.2848, 1.4376,-1.5623, 0.0275,-2.9600,-4.7338,-2.1587,-3.1079, 0.5066,-2.1223, 0.2289, 2.3061,-0.0011,-3.6970,-4.1647,-0.5661,-3.1627, 4.0815, 3.5121,-1.6650,-4.6065, 3.2313, 0.2346, 4.9628, 1.1668,-1.9437, 1.0338,-3.7320,-0.2938,-0.2383,-3.9322, 2.0047,-1.1985,-1.9595,-4.4342, 4.7719,-2.5265, 0.3019,-1.6626, 2.6259,-1.0953,-4.8904, 3.2539,-3.4913, 4.1947,-0.6227,-2.0541, 1.1817,-4.8611,-2.2218, 3.9851,-4.8833,-0.9229,-1.8219
 3.5474,-2.8150,-0.6394, 1.8181, 2.6739,-1.6301, 1.6308, 0.1847, 4.6705, 0.2294,-3.6373,-4.5412,-4.3822, 4.7011, 3.0897, 0.2030,-2.7862,-2.7187,-1.0859, 1.1158, 3.8022,-0.7082, 3.4154, 3.1236,-4.2914,-1.8121, 4.6592,-0.5555, 3.9997, 4.5135,-4.3638,-3.3479,-0.3447, 3.5106,-3.1145, 0.8177,-2.4683,-2.3163,-0.9907, 4.3809,-4.0822,-1.1623, 0.3361,-3.1239, 0.3065,-3.2525, 0.2302,-4.5283, 3.0441,-2.8951, 4.2577, 0.3853,-0.8708,-2.6024, 0.6318,-3.9227, 0.8959,-3.2925, 2.6455, 1.5866,-4.6618,-1.1277, 1.8535,-0.3739,-1.5188,-2.9844,-3.2344,-1.0934, 4.4564,-0.5655
-3.1949, 3.6307,-0.1334, 0.8717, 2.5168, 4.5403,-1.2995, 2.8108,-1.5249,-3.0711,-2.6989,-1.1848, 3.8798,-0.2739,-0.0015,-3.1504,-2.7559,-1.2674,-1.1468,-4.5015, 1.1933, 1.4720,-0.2102, 1.8291,-2.4546,-2.9218, 4.4172,-3.8888, 4.4039,-3.4690,-2.3282,-2.8511, 0.9759, 4.3903,-2.5779,-4.8866, 2.9474, 1.9919,-2.1400, 0.7494,-4.6954,-1.1520, 0.2483,-1.5557, 1.0745, 4.3758, 2.7737,-2.1481, 3.1871,-0.7371, 4.8728, 0.9882, 4.3638, 1.8014,-4.2216,-0.1383, 1.5036,-4.0986, 1.8568,-0.1582, 4.4085, 3.9514,-0.3819, 4.4298,-4.4356,-1.5611,-2.6550, 1.9673,-1.8015,-4.0770
 2.7673,-4.3248, 0.5939, 2.2307, 4.7173,-4.2507,-1.0726, 2.4443, 4.7190, 4.4755,-1.4475, 0.0889,-4.3605, 4.8537,-3.2990, 3.2813, 0.0089,-0.5507, 4.2157,-2.3639, 2.0172, 0.7316,-0.4318,-1.8232, 0.0475,-3.5956,-4.9464,-1.2314,-2.2041, 2.1689,-4.7727, 0.5500,-2.9010, 4.9943,-4.9409,-4.2305, 4.2712, 3.1458,-4.7842,-1.3431,-2.8005, 2.7147,-4.7489, 3.8347, 4.4197, 0.5409, 2.5629,-4.8042, 1.4254,-1.7034,-2.1664, 3.4950,-4.9977,-1.0478,-3.7881,-3.6417, 1.0721,-2.5423,-4.9617, 3.0398, 4.1941,-2.6508,-3.4669, 0.8694,-4.3212, 2.6431, 1.7249, 4.0618,-4.0828, 2.1765
 3.0231,-4.9549, 2.2824,-1.1195,-0.1202,-4.3570, 2.3065,-0.2661, 3.2183, 0.9249, 0.7535,-1.2946, 1.6720, 4.3972,-2.7403, 2.7585, 3.0582, 3.1406,-2.1551, 2.5243,-0.2869,-0.7981,-1.9800,-3.4860,-0.8548,-2.2737, 1.4478, 0.9395, 4.9471,-3.6243,-0.9561,-1.3535, 2.1203,-3.6776,-1.5489, 3.7686, 4.4681, 2.5719,-3.5433, 2.1613,-3.5901,-1.1024, 0.2964,-1.5902, 0.4977, 0.9641, 0.3013,-0.1779, 2.3117, 0.6866, 1.8710,-4.4359,-1.8700,-4.3941,-3.5985,-3.9492, 0.7115, 0.0124,-4.5874, 2.0146, 0.5244, 3.2307,-2.7743, 2.0316,-1.5167, 1.4523,-2.1609,-1.0185, 1.3148, 1.3342
-3.4306,-0.0672, 3.3095,-0.2510, 0.4954,-2.2945,-4.6576,-0.8112,-3.2185, 3.8165, 1.8032,-0.0656,-0.6522, 2.5516,-3.8203, 4.5292, 0.3058,-3.1511, 0.4609, 4.0247,-1.9604, 0.9421,-0.3720,-4.7514,-0.0901, 0.4902,-3.6577, 1.6073, 1.3224,-3.0233,-0.8103, 4.2369,-3.9061, 0.1991,-2.2899,-0.9903,-4.2120, 1.7243,-1.0771,-1.9718,-0.4941, 3.0964,-2.9341,-0.6331,-4.2073,-4.3685,-3.4255, 2.3157,-2.7840,-4.1145,-0.2641,-4.5607, 2.0526,-3.1938,-0.6196,-0.9511, 0.4840, 4.6914,-3.3000,-4.5687,-3.1160,-3.4252, 4.3066, 3.4377, 0.7421, 3.1670,-1.3015,-0.3407,-2.7715,-1.5207
-4.6914,-4.6814,-0.0733,-1.1870,-3.1665, 4.5308, 4.6122,-1.8223, 1.5982, 2.5705, 1.8201, 4.0413, 3.7854,-0.0120, 2.0284, 1.6535, 0.9659, 2.1557, 3.6166,-4.7334, 4.5829, 1.2990,-4.9762, 0.3730,-4.7243,-0.3835,-1.4889, 0.7359,-3.6893, 0.3425,-0.2433,-3.3268, 4.5990, 0.8992,-3.3642, 2.0931,-2.5232, 0.1884,-2.9051,-3.4110, 4.1949,-1.6552,-1.9726,-4.9208,-2.4542, 2.9469,-4.2464,-2.9209,-0.6428,-0.8740,-0.8509, 0.7177,-0.5054, 3.6646,-3.8140, 3.4058,-3.7129, 4.1661,-0.4019,-0.6876,-4.6040, 3.5173, 4.9797, 0.0958, 0.7402, 1.6437, 0.7365, 0.4580, 1.4323, 2.6739
-0.2524, 4.2989,-4.4749,-4.0009, 1.3433,-3.2001, 1.9169,-4.0465, 2.5069,-4.2559, 4.2449, 2.7010, 0.9842, 2.6270,-2.5255,-2.6999, 1.4075,-3.1440, 2.9826, 1.9975,-3.4573, 0.1858, 1.8757, 3.9361,-3.0563, 0.1821, 0.0436, 1.2198,-4.2031,-0.8202,-0.7019, 0.1440,-2.4869,-4.9906, 3.2697,-4.6623,-2.1689,-4.1398, 2.1330, 3.4529, 4.6481, 4.6691,-3.3618, 4.9983,-2.6441, 4.9601,-0.3010,-2.2557,-2.4028,-3.9464, 2.7870, 1.6699, 2.6284,-2.0634,-4.1329, 0.9466, 0.5763, 4.3163, 1.9986,-3.6009,-3.3425,-1.1939,-0.9205,-4.8475,-1.0032, 1.5984, 1.0771,-2.5432, 1.7212, 2.4055
-2.1361, 2.8581, 3.0832, 4.8842, 0.6010, 2.8314,-0.8068, 3.9106, 3.5668,-4.7792,-4.8712,-0.3077, 0.2122, 4.7005, 0.2120, 2.8856, 0.9927, 1.7885,-3.3176, 3.5109,-3.9761, 2.4705,-4.1249, 1.7626, 2.7668, 2.9505, 1.3752,-4.6490, 0.0980,-0.7860,-0.5741, 4.5549,-1.0308,-1.0937,-3.6073, 3.2273, 0.5425,-3.5625,-2.8658,-2.1471,-2.8568,-4.3419,-4.1231,-3.8612, 4.1902,-0.0263, 0.5181, 3.0395, 1.3632,-4.8442,-1.0707, 3.6866,-2.9636,-4.4011, 4.1906, 3.6630, 1.0674,-2.4594,-3.3099,-3.1902, 4.3391, 2.6561, 3.1943, 1.8036,-1.3553,-1.4658, 3.3393,-4.9955,-4.9461,-0.6165
 3.6648,-0.1254, 3.2009,-3.5712,-0.2039,-0.1203, 1.0125, 1.1453,-3.4838, 3.0361, 1.9400,-2.1532,-4.0165, 1.4134,-1.0200,-1.3711,-4.9815, 4.8332,-0.7409,-3.0759, 4.8565,-4.1662,-0.7580, 1.8826,-1.1601,-4.1828, 4.2003, 4.3948,-1.2930,-2.9623, 1.2507, 2.6928,-2.2804, 2.6906,-3.8087,-0.7815,-2.3666,-4.6249, 0.7512,-3.2567,-4.0577, 2.8072, 2.3623, 3.8566, 3.7904,-0.1599, 4.9425, 1.5623, 2.4838,-3.2765,-2.3126,-1.0764,-3.9865,-4.7345,-2.8599,-3.6169, 0.2777,-1.5785,-1.3481,-4.6359,-4.5433, 1.8703, 3.9024, 2.5393, 2.3037, 3.4418,-0.2953, 3.2910, 1.4348, 3.7767
-1.4114,-0.6619,-0.0417,-1.9798, 3.8126, 0.1832,-3.7807,-2.0589, 3.3053,-0.6156,-1.2893,-1.0279,-3.7948, 1.9240,-3.0333,-4.0493,-4.6130, 3.4929, 3.1438, 1.3079, 0.7989,-2.1278, 1.7298,-2.3114, 0.3604,-2.0295,-1.3597, 2.4020, 2.6828,-2.3472, 3.9812, 4.9777, 1.6306,-0.2206, 4.0340,-3.5482,-3.7368, 4.2388, 1.2378,-3.8286,-4.1548, 4.5719, 3.6331,-2.5981, 3.5529, 0.0632, 4.5368,-1.9510,-1.4415, 2.3702, 3.8381, 4.4523, 4.6798, 0.5259, 0.4162, 3.9518,-3.9996, 1.0860, 4.8535, 1.7598,-0.2322, 1.9239,-0.4301,-1.2663,-0.3401,-1.4761, 2.4258, 2.0881, 4.2278,-2.8508
 2.0891,-3.8362,-1.5625,-4.2133, 2.3393,-3.9051,-2.3567, 0.1226,-4.5352,-2.5843,-4.2065, 4.7362, 0.8619, 3.2082, 2.6916,-3.7740, 0.4851,-4.8431,-3.0217,-1.0251, 0.1508,-1.2707,-4.0724,-1.1069,-4.6444, 2.4228,-3.5417, 4.1808, 3.9120,-0.2357, 2.3634, 2.6717,-4.2722,-2.7231,-3.9410, 0.6414,-0.2096, 1.2378, 1.6186,-2.7640,-0.5994, 3.6144, 4.9945,-3.0361,-3.3266, 0.7802,-1.1311,-0.4435, 0.5314,-4.9493,-1.9397,-1.5038,-0.0790,-0.8124, 1.8782,-3.9485, 2.1307,-0.7403,-3.4426, 1.0825, 0.5014, 1.6274, 4.8708,-1.4096,-1.9334, 0.3709,-0.4579, 0.8610,-4.5701, 3.2111
-3.1961, 1.7658,-3.2178,-1.0685,-2.4508, 3.7368,-2.9064, 2.1189, 2.0299,-0.4916, 2.9487, 2.9442, 3.7484, 2.8702, 2.3647, 1.4582,-1.0270, 4.6633, 3.1247,-4.3715,-1.6348, 1.1156,-0.1619, 1.3458, 2.7800,-4.6548, 2.1126, 1.9636, 1.7155, 4.5965, 0.5542, 2.0328,-4.5010,-3.8245, 4.2712, 4.2394,-2.3748, 1.9478,-0.8047,-1.3381, 4.7128,-4.7420,-1.2386, 0.9724, 2.4687, 0.6220,-1.3208, 2.0428,-3.7585,-2.2571, 3.5065,-3.9619,-0.5174, 4.2058, 0.7261,-4.6063,-3.2496, 2.1541,-4.6228,-3.9581,-0.2839,-1.9645,-3.7437, 3.2160,-1.2425, 0.2620, 2.5730,-2.5910,-3.7823,-0.2083
-0.8830,-1.1166,-2.2879,-4.4819, 4.0773, 0.0188,-4.5355, 1.5634, 0.2964,-4.6538,-0.7822, 2.5203,-0.2103,-1.6328, 0.2533,-3.6053,-0.6591,-4.0513,-0.4056,-0.3150,-3.4957, 2.7698,-3.9615, 4.1410, 1.2269, 0.1473, 2.3024, 3.7494,-0.6833, 2.9215,-1.8052, 4.1989, 4.6272,-0.8791, 4.4784,-3.2957,-2.6638, 4.6758,-0.2324,-0.2050,-2.8255, 2.3692, 1.7578, 0.7555, 4.5678, 1.2719, 2.5654, 0.6293, 0.3524, 3.9264,-3.1888, 3.5002, 2.2328, 3.5910, 4.7874, 3.3998, 3.1765,-4.8860, 1.1979,-0.2242, 3.2312,-0.8094, 0.5651,-3.6385,-4.0150,-0.1145,-1.7411,-4.3208,-1.1050,-0.9889
-3.2120,-2.5211, 4.0679,-0.0098, 0.7200, 1.6405,-4.8944, 0.6277, 0.3920,-3.4383,-4.7867,-1.0096,-3.2402, 0.7144,-1.4539,-1.2927,-4.1827,-0.5600,-4.6810, 4.5997,-2.9933, 2.1954, 1.2332, 2.5223,-2.9025,-2.7582,-2.3680,-1.6784,-1.0716, 0.0660, 2.5238,-3.2214,-2.7962,-4.9750, 0.6256,-2.2865, 3.3377,-4.2442, 1.6392, 2.9666,-0.7854,-2.2240, 0.3236,-4.7148,-1.8120, 1.8929, 4.8795,-0.4679,-3.0912,-0.4568, 4.0138,-0.9081, 4.3389, 2.2299, 0.9525,-4.7211,-4.5525,-2.4072,-4.4284, 1.4570, 1.2223, 3.7025,-0.1101,-1.6874, 0.9665, 3.0332, 0.8479, 3.3330,-4.9498,-2.0501
-1.0290,-1.0869, 4.7525, 3.3865, 3.7157, 0.9760,-2.3657, 1.4236,-3.7150, 0.9845, 1.0723, 2.0787, 4.5021,-1.6706,-1.2589,-1.6027,-2.6741, 4.6883, 1.4387, 0.2611,-1.7212,-4.1506,-4.9176, 4.4600, 3.3221, 1.4672, 2.0416,-3.2350, 2.5677,-2.9467,-0.8699, 4.0708, 1.7820, 0.7818, 0.1717, 1.6726,-0.6070, 2.6667, 0.9370, 0.2210,-4.6908, 2.5034, 4.6936, 2.1743, 4.5313, 1.2339,-0.3219, 3.2242, 4.0487,-2.8037,-3.9484, 0.2766,-3.4800,-0.0031,-2.6158, 4.8087,-3.3847, 1.9507,-2.8496,-2.3288, 4.7042, 1.1931, 4.9677, 4.3405,-2.4778,-1.2738,-2.1239,-1.6881,-4.9185, 2.3451
-1.0714, 4.7173,-4.4155, 1.3735,-1.2056, 2.9349, 0.8057,-0.6771,-4.3184,-4.1472,-4.4683,-0.0370, 2.0090,-3.1745,-4.7317, 4.2674, 3.4849, 2.2586, 4.0187, 4.0258,-3.0246,-4.6777,-1.8258, 0.7433,-3.0586,-1.4443,-0.1683,-2.0176, 0.9180, 3.2883, 1.1645,-1.1808, 2.1763,-1.0394,-3.9860,-4.9065, 0.0083, 3.7426, 4.9626, 4.8897,-4.6170,-4.0784, 3.1367,-4.8670, 2.4472, 2.1234, 0.3068,-3.6122,-1.6936, 4.1318,-0.8194, 0.0029, 1.8503, 0.7228,-3.9663,-3.8435, 1.3176,-3.1719, 1.7036, 1.6805,-3.4742, 3.4930,-2.0536, 2.3679, 4.6761,-1.5170, 3.5841, 3.7908, 2.8590,-3.7059
 3.9173, 2.0196,-1.5095, 2.2033, 2.9554, 1.5328,-4.2852,-3.2413,-0.2582, 3.7088,-2.6039, 0.4953, 0.5591, 3.3173,-2.7333, 2.9204, 0.5244,-0.9385, 4.4778,-1.9500, 1.5330,-3.5389, 1.2596, 3.3223, 0.4518,-4.2710,-0.1576, 3.7400,-0.1334, 3.4786,-2.9370, 2.1012, 1.8312, 2.8524,-0.2247, 4.2700,-2.8400, 4.3726,-1.9032, 1.1566, 3.3915,-0.0894,-1.6073,-2.8723,-2.2455, 0.5795, 4.7269, 3.8285, 0.2323,-3.0322,-1.9349,-3.3242,-3.4418,-3.8353,-4.9917,-1.0914, 3.4733,-3.3429,-1.6721, 1.6958, 1.8870,-1.0173,-3.8386,-3.7030, 0.6473, 4.3827,-0.9578,-3.3055,-2.8798,-1.9730
 0.2788, 4.3351, 0.0841, 2.2237, 0.9860, 1.1058, 2.5915, 4.6306, 3.4592, 1.0414,-3.1385,-3.0883, 0.8015,-2.7594, 0.9352,-3.8022, 3.2280,-2.3839,-2.8737,-3.0320, 1.9344, 1.3485,-0.6628,-0.5698,-3.7025,-4.2267,-2.8310,-3.7508,-0.4672, 2.9150, 0.8383, 1.3079,-2.6779,-2.4565, 3.9041,-2.7982,-4.2292, 1.3562,-3.7337, 3.9065, 3.6001, 1.9459, 4.6382, 4.6503,-4.7146,-1.0372,-0.0957,-2.9218, 3.5901,-1.7019,-0.3084, 2.6923,-0.0158, 3.2901,-2.4125,-1.7563, 2.0424, 4.4238,-0.3911, 3.9065, 4.8569, 4.2628,-2.9158,-2.2832,-2.5083,-4.6285, 2.2894, 4.2966,-1.5072, 2.6760
 1.3225, 1.2835, 2.7139,-1.6742, 1.5289, 3.9217, 0.4750,-3.4038, 1.2461,-1.7094, 4.3771,-0.2531, 4.5228, 0.0711, 2.3386,-1.0193, 3.8945, 4.1017, 4.3575,-3.7758, 2.5484,-1.6493, 2.8869,-1.8817, 3.6910, 3.4650,-2.9431, 3.4446,-4.5218, 4.5874, 1.5834, 0.3376,-4.5579, 2.7839,-0.9386, 2.4945,-2.3460, 1.0946, 1.6806, 2.5530,-1.3930, 3.5257, 2.0623, 1.4930, 1.5525,-0.3292,-0.2994, 0.9686,-4.2681, 3.0480,-4.3813,-2.3606,-3.1384, 2.6723,-3.0844, 2.8155, 4.5347,-3.9707, 4.8166, 2.5867, 0.1058,-2.9684, 4.1144,-3.7251, 2.7451,-0.5265,-0.1308,-0.7430, 4.9626, 1.6308
-4.6017,-3.9708,-2.6648, 3.3883,-1.0816,-2.4109, 4.6231,-4.2958,-1.8787,-3.8176, 0.7919,-1.2185,-0.4864, 2.1076, 3.3077, 0.9988,-3.4120, 0.7002, 3.4290,-2.7821,-4.4800,-2.0565, 3.9894,-1.7993,-0.6067,-2.3169, 2.4571, 2.9241, 4.8450, 0.0622, 1.1175, 1.5703, 4.6584, 3.1996,-2.1630, 0.6428, 0.7544,-3.7605,-4.1933, 4.1987, 1.6231, 2.0186, 1.4212,-4.3452,-3.2247,-4.7187, 0.9799,-4.8318, 4.3907, 0.7927, 3.2046,-2.9746, 1.4693,-3.4647, 1.3571,-4.4848, 2.8939, 2.1526, 3.0706, 2.0072,-4.7419, 1.8016,-3.4949, 2.5551, 0.4511,-2.7545,-3.5686, 0.1435,-4.8829, 1.8578
 2.1287,-0.0985, 3.6626,-3.0483,-2.9603,-0.4493,-3.6059, 4.4815,-3.2344,-0.7656,-1.5497,-2.1884,-1.3408, 3.7370, 4.7122, 4.7871,-0.7016, 3.0156,-2.7346,-1.1530,-1.4174,-4.4188,-0.8011,-1.5606, 1.0361,-1.0323,-1.0455,-0.9644, 4.7802,-1.6259,-2.4232, 2.6184, 1.9901, 2.5632,-3.7778,-0.9679, 0.5299,-1.1579,-0.3031,-3.8453, 0.7171,-1.5021, 4.4632, 4.6444,-4.9106,-0.7025, 4.0455, 4.8734, 2.4189,-0.9675,-3.8151, 1.3761, 2.9776,-3.1187, 1.8029, 2.2332, 4.5377, 1.5585,-1.9868,-0.4754, 0.4506,-1.6927,-4.6603, 3.8498, 2.4647, 1.1926, 3.9183,-4.2003, 0.3841, 0.8252
 1.0687, 2.9555,-2.1791, 2.9988,-0.4367,-2.1595,-2.0963, 1.8752, 3.8784,-2.2992,-4.8287,-2.4064, 2.7699,-2.5095, 4.4434, 1.7597, 2.1267, 1.4003, 4.6276,-3.4557, 4.5629, 0.2585,-4.4879, 3.7624, 1.8183,-0.3955, 1.5101,-0.2483,-1.8949,-2.5626,-4.2018,-0.9543, 2.6951,-2.1066,-4.7753,-1.5244,-3.4610,-4.9349, 2.6659, 4.7180, 0.8177, 4.7557, 2.4230,-2.9172, 4.3122, 3.2368, 1.5887, 2.5070, 1.1393, 3.2278, 2.1692,-4.0919, 4.1414, 1.9723,-2.5149,-2.5481, 1.4429,-2.1955,-1.7461,-2.7898, 3.6194, 1.1570,-3.9568,-4.1524,-0.5351,-0.1134, 4.0237, 1.5159,-4.7361, 1.9168
 2.7305,-0.1324, 3.2017, 4.3877,-2.9351, 4.7009,-3.9201, 0.8586,-4.7439,-3.8202,-3.6430,-4.7839,-4.1558,-3.7350,-0.3570, 0.5964,-0.7137, 0.9630, 2.9711,-3.0835, 2.3439,-3.3184,-0.5160,-3.5893, 0.4984, 0.4958, 1.2828,-2.3921, 0.3084,-0.8121, 2.7711,-1.8575,-0.9282, 0.9814, 2.1583, 4.0254, 1.2775, 2.4634, 0.3484, 4.1317,-2.4792, 1.3257, 4.7702, 1.0870, 2.5583, 1.2495, 2.5001, 4.7097, 2.1246, 1.0351, 2.9138, 4.6862, 2.8931,-2.4960, 4.6780, 4.3273, 1.0195,-0.0143, 3.8348, 2.4314, 0.6462, 1.8014, 0.0281,-4.8897, 3.1776, 2.3010, 3.6992, 0.2405,-2.6798, 2.3346
-1.6766, 0.5700, 0.8743, 2.3575,-2.5753, 3.2761,-1.8506, 3.0580,-0.0314,-0.5384,-2.0847,-4.9654, 1.4524, 4.9549, 0.7736, 0.8147, 0.5553, 2.0300,-1.4139, 1.4116, 3.4040, 2.5960, 3.8979, 1.1654,-0.7769,-4.8389, 4.7475, 2.9968, 1.8346, 2.7306, 2.2912, 1.0988,-4.2942,-3.1836,-4.6206, 3.1061, 3.1403,-3.8510, 2.9562,-0.8046, 0.1408, 0.7669,-2.9047, 1.8421,-2.8254, 1.3357,-3.6090,-4.2429,-2.7612, 0.9147,-3.8493, 4.2514,-0.2913, 4.8791, 3.0682, 2.8440,-0.8892, 2.9113, 4.8497,-1.5386,-4.7946, 4.3586, 2.3680, 0.8467,-0.3418, 0.5478, 0.9345, 1.6076, 0.1852, 4.3490
-0.3014,-4.7820, 2.1709,-3.1647,-0.0614, 3.8206,-1.8010,-2.9598,-1.6711,-2.7551, 4.7335,-1.3667, 3.6706, 1.6709, 1.2118,-4.3547, 1.5672, 0.7594, 4.8060, 3.5454,-2.3152, 3.6641, 4.1544, 2.4691, 3.3631,-2.1619,-2.9060, 4.6397,-3.7764,-1.4178,-3.8420, 4.8930,-3.6995,-4.3214,-3.7374,-0.0765, 0.8176,-3.2749, 1.3333,-2.5795, 2.7310,-3.4157, 2.4825,-3.4175,-4.1571, 4.5245,-2.7722,-2.7999, 0.7452,-2.6482, 3.7020,-3.6037, 4.7868, 0.1695, 1.1518,-1.4380,-3.0170,-1.7486, 3.1614,-4.0788, 0.2947, 4.7268,-0.6370,-1.1218,-0.5038,-4.2838, 4.5065, 1.7471,-1.7276, 3.4323
-2.0616, 1.8133, 0.1885, 4.2989,-4.4591,-1.3009, 1.0740,-2.6760,-1.2146,-1.1012, 1.7760,-1.9071, 1.5699,-4.8686,-0.8297, 1.0502, 1.8605, 0.6991, 3.3562,-0.8703,-4.5113, 4.2072, 3.2432,-4.7355, 3.8205, 0.0529, 1.9358,-0.3891, 0.2276, 3.6314, 1.2546, 1.1642, 0.6491,-0.2172, 0.5949, 2.6110,-4.1676,-0.9819,-0.1493,-1.8457,-1.0735, 1.2372, 4.6662, 0.0829, 1.2867,-4.6175,-2.4413, 3.9893, 3.0123, 1.0439, 3.5502, 0.6992,-3.7547,-4.7588,-2.5520,-3.2938,-1.2441, 0.0454,-2.4485, 1.5367,-4.3231,-4.9927, 0.8497,-4.9350,-2.4083,-4.5023, 4.7469, 3.5091, 0.3576,-1.2954
 2.7931, 2.6912, 2.6978,-4.4530,-1.9685, 0.6983,-4.5537,-4.9694, 3.6226, 4.2593,-1.6813, 0.3347, 1.0679, 1.3898, 4.4612,-4.9999, 0.0309,-0.5154, 3.5623, 4.8939,-4.4292, 3.2160,-3.3737, 3.2629,-4.3994, 0.9219,-0.7544, 4.5557,-1.2083, 3.6695,-2.9788, 1.1495,-2.8608, 3.1420, 2.5986, 3.6799,-1.0324,-0.9044,-4.9199,-2.4710, 0.1110, 1.4274, 3.8356,-1.1716, 0.4616,-2.2713, 0.9197,-2.0301,-0.5866,-4.6199, 4.9151,-4.1754,-1.8017, 1.7433,-3.8737,-4.1648,-0.7313,-2.0316, 1.4525, 0.3015, 0.0120,-4.8522, 1.3357, 3.1937, 1.8222, 4.2307,-0.8115,-2.9450, 0.0480, 4.8405
 4.8241, 1.3161,-2.4046,-2.8859, 1.1763,-3.4154,-0.0588,-2.4283, 2.1876,-1.5516,-2.5665, 0.7762, 2.6160,-2.3776, 1.7795,-4.9229,-3.1273, 2.6165, 2.7387,-3.8786, 0.1866, 2.4133,-0.8344,-4.6996, 0.5144,-4.4855, 1.1223, 0.1145, 0.2697, 4.9013, 1.8610,-2.5360,-2.9378,-1.0387,-4.4968, 0.0068,-2.5559,-2.5701, 2.1534,-4.3409, 3.9028, 0.0623,-2.0211, 3.3294, 1.6742, 2.3507,-2.2732,-0.0498,-0.8879,-2.6259,-4.2537, 3.4241,-1.5637, 3.9135,-0.0305, 3.5908,-4.6821, 3.9269,-2.6769, 3.1244,-0.3613, 1.7213, 4.5676,-0.6106, 2.3239,-0.2306, 2.4399, 3.6710,-2.3796,-2.9817
-1.3558, 0.2344, 4.2205,-1.4417, 4.1209,-4.6628, 4.4733, 4.3211,-3.1380, 2.6362,-2.4883,-2.3393, 3.9311, 3.9447,-2.2828,-4.6236, 4.6664, 0.4708,-4.5694,-1.1908, 2.8829,-4.1862,-4.0204,-1.3839,-1.5745, 1.2785, 3.5980, 4.1782,-2.4389, 3.4349,-1.0522,-4.2044,-2.3968, 0.3893, 0.5378,-3.8072,-0.9047,-3.9755,-1.8246,-3.6559, 4.6690,-3.2994,-2.2321, 3.3937, 4.2826,-3.6161, 4.6190, 0.7233, 2.5044, 3.3425, 3.4430, 2.0020, 1.7998, 2.7202, 2.2942, 2.2345, 4.8651,-0.8025,-2.6183,-4.4971,-3.8424,-1.5313, 2.4169,-1.1010, 3.6894, 0.5752,-0.8242, 3.2249,-3.3004, 3.0596
-3.7170,-1.8448,-2.9327,-4.1690, 1.8540,-3.7133,-2.8761, 0.0344, 2.3007,-3.6880, 4.1400,-0.3261, 2.7037,-3.2161,-0.5710,-3.7763, 3.0125,-4.9456,-2.1573, 1.3139, 4.2028,-2.9839,-0.2754,-2.2759, 3.7482,-2.6513,-2.2629, 2.5811,-4.7240, 2.3951, 4.3109,-1.0136,-4.3054,-2.5391,-2.0475,-3.4720, 3.0315, 1.7082,-4.5718, 4.0543, 2.2856,-4.6869,-1.3678,-3.2411, 2.6803, 3.1487, 0.9679,-2.8937,-0.5406, 0.9922,-1.7680, 2.8513,-1.8067, 4.1182, 2.1389, 0.5664, 1.2429, 4.9703, 3.5058,-0.9651,-3.6946, 0.8605, 3.1632, 3.6668,-1.9364, 4.8412, 0.5077, 2.5334, 2.0728, 1.3001
 0.5024, 0.5000, 4.5141,-2.9318, 2.0123,-4.1829,-0.7862, 3.1980,-2.7868, 1.3481,-2.0207,-0.6467, 0.1387,-1.2632, 3.1067,-3.2110,-3.7153,-0.3814,-1.8915,-4.6794, 1.0086, 1.6245, 0.3369, 2.7205, 0.3465,-2.4076,-4.0310, 2.8622,-3.7633,-4.7730,-4.1552,-3.6444,-1.2333, 0.0941,-2.8844, 3.5536,-0.6529, 2.0000,-2.5483,-0.3656, 1.2881,-1.3036, 2.3201, 3.1617, 4.2071, 4.4287, 0.9394, 1.5112,-3.0339, 0.5235,-0.3787,-3.5792, 2.9010,-3.8251,-0.2686, 2.5352,-4.1475,-3.5801, 3.0254, 4.8517, 4.2860,-3.4596,-3.8546, 2.8541,-3.3001, 0.0045,-3.2238,-4.1698, 2.3459, 2.7682
 1.4903,-4.3488,-1.4104,-3.1264,-0.5845,-4.1731, 2.6539, 3.7365,-2.2837,-2.6598, 2.3699, 1.8254,-3.8168, 2.7226, 1.0597,-1.0154, 0.3149, 3.8131,-2.5984,-0.0415,-1.3352, 3.6216, 4.9691, 1.2345,-0.3301,-1.9644, 2.4922, 0.2633, 1.0735,-3.8961, 2.8091,-3.9802,-1.1130, 3.7685, 4.1579, 1.4719,-3.5183, 4.6896,-2.7581, 3.3078, 4.4165,-4.4875,-1.7309,-1.0917, 1.8621,-1.5512, 2.3764,-0.2798,-3.0469,-4.6646,-4.0923, 1.7118,-0.7918, 3.4466, 4.4118, 2.9334, 4.1442,-4.4212,-1.1552, 1.2589, 4.8873, 1.6497,-4.5535, 1.0065, 3.0459, 1.2547,-2.6187,-4.4796,-0.1570, 3.9524
-0.3200,-3.4787, 3.0038,-3.5511,-0.7182,-4.4955, 3.5161,-1.8224,-0.9113,-1.7759, 4.6605, 4.5904, 0.4707,-3.1673,-0.1184, 4.5081,-4.3349,-0.8214,-0.8556,-2.1862, 1.2431,-2.3452,-1.8670,-1.9288, 0.7089,-3.1281,-0.7237,-1.4847, 4.6843, 4.7774, 2.6206,-1.5012, 4.5929,-4.0094,-4.0658, 1.3440, 0.6818,-4.3027, 3.4035, 3.7827,-1.5134,-4.9569,-1.9413,-1.7935, 3.1003,-1.3257,-1.1289, 1.7232,-3.1709, 2.5925,-4.3818,-0.8081, 4.6119, 2.5306, 2.9738, 3.0860, 2.7653, 2.1954,-0.6772, 1.8853,-1.4476,-0.3442, 2.0288,-1.5816, 3.1549, 4.5212,-4.5039,-4.6108,-2.0010, 3.1969
 3.8247, 1.9154,-2.7673,-1.2673, 2.9881,-1.3775, 3.7971,-0.8008, 0.5115, 0.9555,-2.7348,-1.1762, 2.0312, 3.3848,-4.4625,-1.1322, 4.8929,-4.1532,-1.9139, 3.2117,-1.2654, 3.3960, 3.5058,-1.6436, 2.6477, 1.6351,-0.8604, 1.6105,-2.6118,-1.1178, 0.8271,-0.4631, 3.2227, 4.9101, 1.8602, 0.9436,-0.4301, 2.7951,-4.8898, 4.8184,-4.6464, 0.2748,-1.7516, 1.3951,-4.0251, 4.5818,-1.8740,-0.3155,-1.9525,-0.8328,-1.0101,-1.9653,-3.0260,-2.5331, 3.1230, 4.9995,-4.5891, 0.5269, 0.0236,-4.7547, 4.6106,-3.4707,-4.2934,-2.4273,-0.5329,-1.3266,-2.5793,-1.0383, 0.2424, 3.3199
-4.6990,-2.8109, 0.6732,-1.7071,-0.5869, 3.0769,-3.1888, 0.6571,-1.8308, 0.9924,-4.7779, 1.2674,-4.0391,-0.6043,-3.3428, 2.2124, 2.2807,-0.4510,-0.4382,-3.3468, 3.4390, 2.2779, 1.0924,-1.0839,-3.9195, 1.5721, 4.5970, 4.4088,-0.5448,-4.3671, 4.2423, 3.1845, 1.0875,-3.3608, 2.5575, 1.6997,-0.5755, 0.8349,-1.8543, 3.0157,-1.5376, 0.4617,-4.0435,-3.1632,-2.6940,-3.3790,-2.3157, 3.5520,-2.0197,-0.5824, 1.0401, 1.6382,-3.5176, 2.4654,-2.8285, 2.9948, 1.2550,-1.8263, 4.3113,-2.5948, 0.1822, 3.4228, 4.3378,-2.0264, 0.1861,-2.4068, 4.7065,-3.3769,-3.6998,-2.1248
 2.2696, 3.7462,-2.3047, 4.6685, 0.5413, 2.4296,-1.7026,-1.3230, 3.0546, 2.6152,-3.2006,-1.5234, 3.8938,-3.6130, 3.6863, 2.8972,-1.1112, 2.8394,-2.6061,-3.3164,-3.2641,-0.6582, 2.3558,-2.6727,-4.0781,-1.6240, 1.8397, 1.5307,-4.3905, 4.4799, 0.8413,-3.7806,-1.4313, 1.8494, 2.7244,-2.7716,-3.2727,-0.2404,-0.3467, 2.0891, 2.4585,-0.5343,-4.8692,-2.8669,-0.6595,-4.1138,-4.1345, 4.3717, 0.4629, 1.0088,-1.0201, 1.2677,-3.4409,-3.2848,-3.3544,-3.2988,-1.0164,-0.2155,-1.7465,-2.0431,-2.7261, 3.5962,-1.3262,-4.1496, 4.3021, 4.0544, 1.3646,-4.3765,-0.4198,-1.1609
-2.2049,-1.4173, 3.1639, 0.4071,-4.7634, 4.9516, 3.9224, 0.1012,-4.4655,-4.2245,-2.5647,-4.7938,-0.7544,-0.7573, 3.1012,-0.6456, 1.4780,-1.2661,-0.1676, 0.7266, 0.8088, 2.7738, 1.3458,-0.0397,-2.7177, 4.2502,-0.1602, 3.0697, 3.7554, 0.6860, 0.7610, 3.7291, 4.7066,-4.0671, 2.7117,-0.8874, 4.6176,-3.3593,-2.6315,-3.5154,-3.9237, 3.2602, 1.0706, 3.2291,-2.2879,-4.8945,-2.2074,-2.1317, 3.6261, 3.8792,-0.8240, 0.4747,-1.3649, 3.8382, 3.5702,-0.5996, 2.1126, 2.8895, 3.3381, 4.5495,-1.7883,-1.2251,-4.3233, 3.4706,-1.9151,-2.9340,-3.2109, 0.6444, 2.4063,-0.9624
 4.4453,-2.3497,-2.2989, 2.7972,-3.9996, 1.6533, 1.1185,-4.5577, 0.7532,-4.9803, 3.9578,-3.5033,-1.5143, 2.5610,-1.2431,-3.0429, 1.9270,-4.2648,-1.5394,-2.3977,-1.5358,-3.3288, 3.8378, 3.1872, 2.1527,-3.9467, 0.1101, 2.1208, 0.8535,-3.7322, 1.5109, 4.3879, 2.5640, 0.1173, 4.9121, 3.8988, 4.8375, 0.2738,-0.1645,-0.2820,-3.7569,-3.1335, 1.6785,-3.9409,-2.2786,-0.1933,-2.2916,-3.4376,-0.9131, 2.8677, 0.5715, 3.0942, 4.2011,-3.3400,-3.5503, 3.4642,-1.9921,-0.0275,-1.3840,-3.8263,-4.0083, 3.6793,-2.6627, 2.9190, 4.3029,-0.1438, 3.6835,-4.7648, 2.1869, 1.1662
 0.7338,-3.0798,-3.7845,-0.2522, 1.7332,-2.6732,-1.0663, 3.6871,-3.2906, 0.6011,-4.4930,-4.5228,-1.1005, 4.1464, 1.3729,-0.8334,-4.7062, 2.0030, 1.4219, 1.6221,-0.3801, 1.4949,-0.0079, 0.7986, 4.9446,-0.6740,-4.6455,-0.3204, 4.5456,-2.6636,-4.2355, 4.2608,-1.1321, 4.4615,-2.5981,-0.2534, 4.1566, 3.0549,-2.9601,-1.0550,-0.3139, 1.4215,-4.1091,-1.3777, 3.2862, 1.7995, 4.4319, 1.5690, 4.5465,-0.2403,-4.2988,-4.6561,-0.2149,-0.6327, 0.7089,-4.2886, 2.1820,-0.9331, 2.6914,-2.1724,-4.0988, 0.9129,-4.3936,-4.4972,-0.9448,-2.3154,-3.3285,-0.2724,-3.3375, 0.2036
 1.6167, 3.0761, 0.9756,-0.2468, 4.0618,-2.3042,-2.4152,-1.4964,-0.6729,-1.8920, 4.5731,-2.1937,-2.5937, 0.1466, 3.5808, 4.1832, 0.6748,-4.8371, 4.3335, 1.1690,-3.8514, 1.3840, 0.0075, 0.0347,-1.9009,-0.6150,-0.3824,-3.6182,-4.5722, 4.3001, 0.2380,-1.0400, 4.3320,-2.8395,-0.8179, 4.7961, 2.4719,-3.8530,-2.8009,-2.4861,-1.1726, 1.0393,-2.2387, 2.6084,-0.0676, 0.3738,-3.4246, 3.2535, 1.4512, 0.3443, 4.2438, 1.8963,-4.0807,-0.1000,-3.3118,-3.9841, 3.8241,-4.2667, 2.6246, 4.3095,-3.8156, 2.7574,-2.0213,-3.3851, 3.6344,-2.1795, 4.9275, 4.6801,-3.1874,-4.3711
 3.1797, 4.6518, 4.4607, 3.4088,-3.3294,-4.1755, 4.9477,-1.7982, 2.3899,-0.5963, 4.3426, 3.3441,-3.8176,-1.1835,-1.1546, 4.4361,-2.2169, 2.0100,-2.1861, 4.1332, 0.4356, 2.9828,-1.2106, 0.9933, 0.6847, 4.5896, 0.6444,-2.6127,-0.7681, 4.7534,-1.4007, 2.6707, 0.5226, 2.9824,-3.5900, 4.4540, 0.3215,-2.4950,-0.9076, 0.0790, 3.5439, 2.7659,-3.4296,-1.6958, 0.8639,-2.0364,-3.2302, 1.9415, 3.4933, 1.1341,-3.8938, 3.5649,-3.5957,-0.2976, 4.5884, 2.5908,-3.6043, 0.8946,-3.7138, 2.3118,-2.7006, 1.5610, 1.7021, 2.6619, 0.6080,-0.1745, 1.7022,-3.6695, 2.6482, 3.5214
 1.7132, 2.2503,-4.0370, 3.7649, 3.1229, 0.3001, 0.3654, 3.6178, 3.4783,-2.2585,-3.2699, 4.0003, 3.4717, 0.5832, 2.5017,-3.3833,-1.4263, 4.6003,-1.9474, 2.9660, 1.3854,-1.1824,-2.9269,-1.7532,-2.6937, 3.5731, 3.3635,-4.1632,-4.9486, 3.3573,-2.1141, 2.2009, 0.9606, 3.9572,-0.6807,-3.4700,-0.3956,-2.8553,-4.3815, 0.0884,-0.0950,-1.1531,-2.9686,-0.9895, 0.4405,-4.5722, 4.2517, 4.0941,-1.6882, 4.0861,-2.4364,-2.6605, 3.4054, 4.2348, 0.3669,-1.2515, 3.6236,-1.6166,-2.0779,-4.4732, 2.9093, 0.3039,-4.3955, 2.6772,-3.4101,-0.3588,-3.0797,-3.0590, 1.1347, 3.8224
 1.1957,-4.8814,-4.4070, 1.7187,-0.7021,-1.5689, 3.8277,-1.4626, 3.6261, 2.3082, 2.4309, 1.9073, 3.7313, 0.2630,-2.5927,-3.2252,-2.3795, 4.8363,-3.0634,-1.1820,-4.0858, 2.4354,-4.3073,-2.9580, 1.6186, 2.8571, 0.2978,-1.3542,-2.3895,-3.8378,-1.3153,-2.1935,-2.0059,-1.6825, 3.1360,-1.9845, 0.8711, 4.9974,-2.7680,-3.6889, 0.3230, 4.6972, 1.8620,-3.8431,-2.7581,-3.0824,-2.2665, 2.7830,-0.4314, 3.8125, 0.6549,-1.3724,-2.7141,-1.2292, 4.1609,-4.8256, 3.7061, 3.2676,-4.2221,-0.1613,-0.3069, 1.2114, 1.3089, 2.6180,-3.2745, 4.8632,-4.5079,-3.9424,-3.9902, 3.2369
-4.5628,-3.5680,-2.0206, 2.4059,-3.1216,-4.3216,-3.6743,-0.2670,-2.0079,-0.7441, 2.5726,-0.1242,-0.5785,-0.3620,-0.0878, 0.5050, 1.6747, 3.6707, 4.9211, 0.8400, 3.8862, 4.5656,-1.5834,-0.4870,-0.7851, 3.5858, 2.8693,-4.6941, 0.5841, 3.3861,-1.9513,-3.0281,-3.6582,-2.6544, 3.5654, 4.0941,-2.2248, 4.1098, 3.5804,-1.2107,-4.2261,-1.8503, 2.4839,-2.3795,-2.1174,-3.4572,-2.0381, 2.3681, 2.6100, 2.4347,-3.8725,-2.4555,-3.0685, 2.4054,-4.6191, 3.1710,-1.9156,-2.2352, 2.4253,-4.7431,-0.1489,-4.6195, 3.7504, 4.6053, 0.2613, 1.2312, 0.3082,-1.2747, 4.3765, 2.7381
-2.2512,-2.5824, 2.8490,-1.1360, 4.4502,-0.7890, 4.2569, 2.2738, 0.2472, 3.6007,-0.3904,-1.7931, 0.8862, 3.1296,-1.4632,-1.1233, 1.5544, 2.3728,-4.5121,-4.3092, 2.6050, 2.5071,-3.1280,-4.3683, 3.5087,-3.2079,-4.2295, 4.2145, 2.5626, 0.3716,-1.7847,-2.0453,-3.8391,-3.2075,-2.1567, 4.7374,-1.1064,-3.0272, 2.6952,-4.8886, 2.6631, 2.7293,-0.6004,-1.7369,-4.1806, 2.0470, 0.6244, 4.6459,-3.8954, 1.3708, 0.0778, 0.7728, 4.1139,-4.3437, 4.8960,-2.0468, 0.5256,-4.2058,-4.6749,-4.6861,-0.7590, 3.7512, 1.6951, 0.2847,-0.8779, 1.6250, 2.4784, 3.8635,-1.6301,-4.9096
-4.0921,-3.0672, 0.7920, 2.2831,-2.9951, 4.3744, 3.8941, 4.7655, 1.5366, 4.2779, 4.3811,-4.2651,-3.9820, 4.9213,-3.0135,-0.2540,-1.8057,-1.3515,-1.3420, 2.2394,-4.8854,-3.5634,-0.2431, 3.5469,-2.1891, 4.9911,-0.7482,-3.2877, 4.5516,-0.0054,-3.5790,-0.5106,-1.3775, 0.9541, 2.8016, 2.2530, 3.6096, 1.1762,-2.2447, 3.6918, 2.4159, 1.8463,-0.4541, 1.2095,-2.1106, 2.7967,-3.1180, 0.5701, 3.8052, 2.2095, 4.1293,-2.7797,-4.2299,-0.6051,-3.3657,-1.2403, 2.6249, 4.5150, 4.9368, 4.6998,-0.6244,-1.6642,-0.5215, 4.4093,-3.6254, 1.3847, 0.2174, 0.2360,-2.2220,-0.4071
 4.8708,-3.3640, 1.3668, 4.6113,-3.5614, 1.4083, 2.9188, 4.9992,-3.1051, 4.9390,-2.3269, 2.2777,-4.2019,-3.1561,-2.3684,-2.7623, 1.9285,-3.2795, 4.3700,-2.4048, 0.4015, 2.1879,-4.6344,-4.0598,-1.4955,-1.3881, 2.3071, 0.1174, 0.0858, 0.2157, 0.2225,-2.3133, 3.9184,-4.1687, 3.7124,-3.9775,-3.1801, 3.2307,-3.0835,-3.2790, 1.3273, 1.4897, 0.9632, 4.6683,-4.4070, 3.7786,-4.4316,-2.2548,-0.4954,-1.0752, 4.4253,-2.5191,-2.8145,-0.0159,-3.1552, 2.8500,-3.2581,-4.9496, 2.3207, 0.3601, 3.5667,-1.3384,-1.3081, 3.7282,-3.4570,-2.6447,-2.7573,-3.6242, 1.4137,-4.7145
-0.3259,-2.5773, 3.9570,-1.6778, 0.1189, 1.7163, 4.6018, 2.9312,-2.0603, 3.8919,-1.9031,-3.6316, 2.1965,-3.0091, 0.1213,-2.2276,-3.2656,-0.3458, 4.1055, 0.9311,-0.3388,-4.3796,-3.1456, 0.5498, 2.4571,-0.3100, 2.7985,-4.0929, 3.8774, 0.0729, 3.3833, 0.7480, 4.8285, 1.5609,-3.5521,-2.7935,-4.7936, 4.7190, 2.3115,-1.3774,-1.2419,-0.8241, 3.6263, 0.9484, 4.6130, 2.8857,-3.1128,-3.5397, 2.3306, 4.8163,-4.4596, 3.1106,-0.4516, 2.2506,-4.6905, 0.5718, 3.6383, 3.3055, 2.1171, 2.6560, 0.1010, 0.3493, 1.2941, 2.0394, 1.9780, 3.1930,-1.3354,-2.2848, 1.0674,-3.6607
-4.1337, 3.5417,-4.4848,-1.1483, 1.7980, 0.3020,-3.0980,-2.7219, 3.1625, 3.5507, 3.0319,-2.5985, 3.0120, 3.6159,-2.3302, 1.2570,-0.6291,-0.2571, 4.8485, 1.3263, 1.1252, 4.0609,-0.8538, 0.5427,-1.3210,-4.2475, 2.9525, 3.2851, 0.7041,-3.1507, 1.7764, 4.1299,-2.1069,-4.6721,-1.6869, 4.0023, 2.6918,-3.8309, 3.0061, 3.0207,-2.9888,-3.3858,-3.4070,-2.7973, 3.2495,-3.3422,-2.3879, 3.0816,-2.8856, 0.6394,-1.3658, 2.4139, 4.5754, 3.3236, 4.4109, 2.8211, 1.5754,-0.9759,-4.1565, 4.3409, 4.9681,-1.9855, 2.7871,-1.3981,-2.6734, 3.2662, 0.6080, 4.1565,-3.6267,-2.5560
-2.1158, 3.3529, 1.6923,-3.1997,-4.8648, 3.5023, 0.4504,-3.5022,-4.4040,-2.3123,-2.3646, 3.0181, 1.6157,-4.6570, 4.4290, 1.8210, 3.1627, 1.4379, 4.7850,-2.7432, 1.7442, 4.2913, 0.0341,-2.4355,-0.1294,-2.7413, 3.8814, 2.6061,-4.8466,-2.8592,-3.5490,-2.5646, 4.3214,-4.1371,-3.1722, 1.4877, 2.5710,-1.1241, 3.9332, 2.4521,-0.8983, 4.4016, 3.5089,-1.7751,-1.8200,-0.1388,-4.2485,-2.7753, 4.4636,-0.6384, 4.7060,-2.8836, 3.9707,-1.0551, 3.1808, 0.2213, 0.1547, 3.9254,-1.4244,-0.8567,-1.4682, 2.3051,-4.2972, 0.9469, 0.0867, 0.2046,-2.6179,-0.1672, 0.1359, 4.1560
 4.6968,-3.8928,-4.9782,-1.5776,-4.0275,-3.9254, 3.5188, 2.8585, 4.3126, 3.9054,-0.4365, 0.7063,-3.2318, 0.2938,-0.9804,-3.1741, 3.9998, 0.8000, 1.3314,-0.2074,-1.6885, 1.3777,-3.3780,-1.1849,-1.3836,-4.3623, 4.6183, 4.9589, 3.5408,-1.1916, 0.6857,-0.8623, 4.9864,-1.6844,-4.6425,-1.7503,-0.1711, 2.9453,-4.4526, 0.9445,-4.7618,-1.9522,-1.5065, 4.1194,-2.9078,-4.8469,-2.6863, 2.8008, 1.7421,-2.6535, 4.9291, 0.4609, 3.4946,-4.0334, 0.5817,-1.0995,-2.4784,-3.8877, 3.2588, 3.4834, 4.2185,-1.6710, 3.2021, 0.9048,-0.2208,-4.7576, 2.3908,-3.4365, 0.9275,-2.7639
 1.1214,-3.6513,-4.3854,-1.0867,-1.7233,-1.6409,-4.9220,-4.3968, 3.3818, 4.8871,-2.3913, 0.0760,-3.0069,-0.1613, 1.2170, 4.8084,-1.6965, 2.5334,-1.7504,-1.7269,-2.6513,-2.2764,-3.3096,-0.4600,-1.7079,-3.5597, 1.0994, 2.1698,-4.5380, 2.1060,-0.6520, 4.4777,-1.5973, 1.4049,-3.5926, 3.1784,-0.3062,-4.5677, 0.6852, 3.8517, 1.5794, 4.3485, 4.2969, 0.8011,-0.3679, 3.8418,-3.5212, 1.4920, 3.3709,-2.5688, 0.6029, 3.8867, 2.4349,-1.1000,-1.8429, 0.1011,-3.4288, 1.1372,-4.9966,-3.3882,-2.1769, 1.1587, 2.3275,-4.4266, 2.6224, 0.6615, 3.9310,-1.4027,-1.9771,-4.4070
 4.6004, 2.0081,-4.1381, 1.1652,-2.6847, 2.3622, 0.2451,-0.8760, 1.1330, 0.1959, 0.4814,-1.4813, 3.2451, 4.3794, 1.2330,-2.4506,-2.7246,-4.2989,-1.9766,-0.6144,-1.5355, 2.9554, 1.1536,-1.4842,-4.3340, 3.4050,-0.4208,-0.3138,-0.2252, 0.5503, 4.6117,-0.5014, 3.9331,-4.3671, 4.0139, 2.7668,-4.9135, 1.0125, 3.7109, 2.7969,-0.9789,-4.8958, 3.7012, 3.2691, 1.3454,-1.4403, 4.1577,-1.6236, 2.8513,-0.7754,-1.6123,-1.9932, 1.6221, 2.2735, 0.6066, 4.1888,-4.8869,-1.2784,-3.6060, 3.6945,-4.9804,-0.3381,-0.1827,-1.7970, 2.0289,-1.1370,-2.3432,-4.7519,-3.5323,-1.8665
 2.4738,-2.0483,-1.4217, 0.9449,-3.5557, 1.0806, 2.0665,-4.2943, 1.2949, 2.0460, 4.6562, 3.5457, 4.9190,-0.4428,-1.0789,-4.9879, 2.6121, 0.4779, 0.1556, 2.0624, 2.2838,-4.4621,-1.6363, 4.2182,-1.1541,-1.8724, 1.9698,-4.4853, 2.0663, 4.4450,-3.0333,-0.2053,-0.2846,-4.9449,-4.4230, 1.0589,-2.2558, 1.5809,-3.7890, 4.9182,-1.6857, 3.2394,-1.0621,-1.3412,-4.9554,-2.7562,-4.9145,-4.9576,-2.5477,-0.5921,-0.2017, 1.1584,-3.3234, 4.9233,-0.4975,-4.1486, 2.3877,-2.3179, 1.3237,-3.3204, 4.7238, 3.3177,-0.2265,-1.6304,-3.2925, 4.3752,-3.4572, 4.4387, 3.8087, 1.4006
-0.9478, 3.0997,-3.6856,-2.0357, 2.3187,-1.7565, 4.7118, 1.7878, 2.9379,-1.4536,-1.6392,-4.9013,-3.6568, 4.9737, 0.1813, 2.8409,-3.5978, 1.6197,-2.8679, 0.3976, 4.7081,-0.4796, 0.6951, 3.0162, 1.0070, 2.1021,-0.8606, 0.8650,-3.0604, 3.6276, 2.2293, 4.3041,-0.1380,-2.7589, 4.2267, 4.5565,-3.8692,-2.9223, 1.3517, 4.5872,-0.4013,-1.6672, 4.8275, 3.9411, 0.4514, 2.1448, 3.4523, 4.2325,-0.0905,-1.9020, 4.6972,-4.7562, 3.9313, 0.0121, 2.0720,-3.8180, 3.6178, 4.5820, 4.3473,-4.4612,-4.4589, 1.6701,-2.1827,-4.9454,-3.1461,-3.3105, 1.6858,-1.1162, 0.2199, 1.1913
 2.9618,-3.8286, 3.9379,-1.1607,-2.9352,-4.3892, 2.2447,-4.8545, 2.5508,-4.0273,-3.8057, 1.8790, 3.7106, 2.8694, 4.3604, 1.1092, 2.7133, 2.1694,-4.5768,-3.0016, 0.8127,-3.7871,-2.8792,-0.9948, 2.1646,-3.1993, 4.7783,-3.0218,-3.8190,-3.6994, 3.4440,-3.9644,-0.3144,-3.7699, 4.6210, 1.2577,-0.4660,-2.8841, 4.4338, 2.2763, 0.7264, 4.0472, 2.5474, 2.7647, 3.0593,-1.5677,-0.4259, 2.3251, 4.2565,-1.0693,-1.1727, 1.0850,-2.2819,-0.3005,-2.0398, 2.1173,-2.5195, 3.4412, 1.9270, 3.9516,-0.0979,-3.9962, 1.2680, 1.8202,-3.4358,-4.8217,-4.8501, 0.1901, 0.9972, 1.4855
-1.8546, 2.8104, 1.2467,-3.7954,-1.9556, 0.9020, 3.4207, 3.7384, 4.0412,-2.2225,-1.5480, 0.0344,-3.8007,-3.9206,-4.0693, 2.7058,-2.1181,-4.7136, 3.6429,-0.8713, 3.6598,-2.3072,-4.7286,-2.9527, 1.7736, 2.1984,-2.0541, 0.8859,-3.2429, 1.5682, 0.6430, 0.3272, 4.2962, 1.1355,-0.1248, 1.3622,-0.8908, 1.3260, 3.3817,-3.8304, 3.1812,-2.2828,-3.2182, 2.6377, 3.9587,-0.1122,-0.3682, 4.2639, 2.6320, 3.1274, 0.4376, 4.3902,-4.8137, 0.9847,-4.4395,-2.3766,-3.4856,-4.4778,-2.2007,-3.4186,-2.4040,-3.1367, 3.9835,-3.0581, 3.0785,-0.7847,-1.4754,-0.9114, 0.9124, 2.6814
-1.5438,-4.8330,-4.3818,-3.2596,-0.7549, 1.4225, 4.4831,-2.2961, 0.4363,-4.6085, 2.9069,-2.6104, 3.4474, 3.3249,-2.3445,-0.1655, 0.8643, 2.0403,-3.7560, 1.5207, 3.6086, 4.7978,-2.6655,-3.2261,-3.5780,-4.3195, 3.2567, 3.2396,-2.3785,-1.2519, 1.3386, 1.5157, 0.1226,-1.9322, 0.5619,-2.0075, 0.3039, 0.8583,-0.8256,-4.9211, 1.9733, 2.0628,-4.6428, 0.8939, 0.8576, 1.9176,-3.8198, 2.3168, 3.3731,-2.0591,-4.4477, 0.0298,-0.6590, 0.3286, 1.2114, 4.3419, 3.8330, 1.9452,-1.8070, 4.5274,-4.1280,-0.5792, 0.2047, 0.2486, 0.2899, 3.4797, 1.1322, 1.7131, 0.2921,-4.8769
 0.8374, 3.2240, 2.2191, 0.0983, 3.8092, 2.7881, 4.7915,-1.3908, 3.6510,-3.4236, 2.5819, 0.5425,-4.7441, 1.2748,-0.7806,-1.0773, 1.3640, 0.3569, 1.3560,-0.0759,-4.8679, 0.3372, 4.4793,-4.4818,-3.7055,-1.0714,-2.0840, 1.6021, 4.5720, 3.4551, 1.5571, 2.1499, 4.3860, 3.7194,-0.2370,-2.6728,-2.2153,-0.3319, 4.6200, 1.1161, 4.8217, 2.5386, 2.3015, 3.9055,-0.9576,-0.8480,-1.4833,-3.9925, 4.6570,-0.6582, 2.4585,-0.9851, 4.3903, 1.6465,-1.4885, 2.1017, 3.2657, 3.8613, 1.8127, 0.6886, 2.4526,-3.5682, 0.9085,-1.5399,-2.3978,-2.4653, 4.5752, 1.6230, 3.9494, 3.3970
 4.0778,-0.3397, 4.9362, 4.3503, 3.0301, 2.0811, 3.3120,-3.8857,-4.8491,-2.5791,-0.2415, 3.1655,-1.0344, 1.8571,-3.1752, 3.2193,-3.2548, 1.6879,-0.8913, 0.0464,-0.5978, 2.0706,-2.6625, 3.1833,-4.3977,-4.3392,-0.3921, 0.1873,-4.1334, 0.0963,-4.6564,-1.3072, 4.5042, 3.7124, 2.3406,-4.2827, 2.5142,-0.8479, 2.8354,-3.3275, 1.6541,-1.0979, 3.7341,-2.3414, 0.9332,-4.7445, 4.6182,-2.9312,-3.4242,-0.5543, 1.8359, 3.7689,-2.0386, 0.4417, 4.8364,-3.0137,-3.2765,-1.1764, 2.0667,-2.6072,-1.3134,-2.5668,-1.9097, 3.4933,-4.6307, 2.7064, 4.7952, 0.4733, 2.9580,-0.7179
 1.2617,-2.4392,-0.4943, 1.2896, 1.5394,-4.4124,-3.1632,-2.2464,-3.0339, 3.6399,-2.1559, 3.8163, 1.7929,-0.0683, 2.9798,-2.7891, 2.6156, 4.9100, 3.2177, 3.3106,-4.6349, 3.1637, 4.2733,-1.5376,-3.6271, 3.4984,-3.2473,-2.7853,-3.4159, 2.4651, 2.3848, 0.2617, 0.9512, 2.3090,-2.4594, 2.6198, 4.6552,-0.2650, 0.4059, 3.5929,-0.9279,-4.9649, 4.6991, 1.7051,-4.8744,-0.6140, 4.7462,-2.6380, 3.3988, 3.9344,-2.9758,-0.8445,-4.4075,-3.9016,-2.2221, 1.2872, 2.4298,-4.4596,-0.3991,-2.9765,-3.4699, 4.4806,-0.1199, 2.3949, 1.3479, 3.2800,-0.6059,-1.2757,-0.3921, 0.3488
 4.7652,-2.3210, 1.0157,-4.8814,-4.9995, 1.0368, 3.4721, 1.6034, 0.9040, 1.1207, 2.4026,-1.2549, 2.8380, 4.5313, 4.0484,-4.7805, 0.4669, 4.7903, 0.8223, 1.1500,-0.8203,-1.9281, 0.1859, 3.0300,-3.3422,-2.2233, 2.4842, 4.6548, 1.5604,-3.1241, 3.7150,-2.3979,-0.1092,-3.9137, 4.8449,-0.1457,-1.9328, 2.0783,-0.6174, 2.9508, 0.5765, 4.9453,-2.0282,-0.2579, 1.4005, 1.6671, 2.5225,-0.8187, 0.3717, 2.0803,-1.1813,-0.4047, 4.2568,-1.5052, 0.0194, 1.7497,-1.5481, 4.5426,-3.3844, 4.5241, 1.6799,-2.3860,-2.7818, 2.5306, 1.7875,-1.4642,-1.8716, 3.4905,-3.5246,-0.0764
