 2.8404,-0.1994,-2.5665, 3.1135,-3.0043, 0.3743, 1.1051,-0.4963,-3.8011,-3.2721,-1.7395, 4.7654, 0.9037, 1.0941,-2.0691,-4.8601, 2.6586,-1.9941,-2.4873,-4.5534,-3.3197,-0.2550,-3.6115, 0.9109, 3.0159,-3.5280, 3.8546, 1.0734,-2.8722, 0.6062,-1.9339, 4.4276,-4.1073, 1.8813,-1.6700,-3.4948,-1.7705, 4.5557,-1.3803, 3.4947, 1.1969,-4.4262,-4.5319, 1.1131, 0.4267,-2.1129, 2.3971, 3.3858,-4.5991, 3.7691,-2.0340,-4.1955,-0.4561, 4.0426,-3.5145,-4.0302,-1.9899,-0.8150,-1.0493,-0.0169,-1.0289,-1.0379,-2.9338, 1.8883,-3.2913, 2.7241, 3.5533, 0.7929,-0.3232, 2.3545
 2.8895,-2.2394,-2.0291, 3.5605, 2.2256, 2.9552, 0.0190,-4.4736,-0.2236, 1.7216, 2.1399,-4.1121,-3.6699,-3.3453, 1.3441, 3.3733, 0.7492, 0.6330, 3.0736, 2.5294,-4.9590, 3.5623,-0.3525,-1.3446, 3.9359,-0.2034,-3.5592,-0.3238, 0.4423, 0.4922,-3.5951, 0.5928,-3.2624,-0.1416,-4.5961, 0.9137, 1.9269, 4.5511,-3.8634, 2.0199, 0.4333,-0.5831, 4.3652,-4.6630, 3.7028, 2.2504, 3.5358, 4.5293,-4.1124, 0.7842,-0.6233, 2.1613, 2.1452, 3.0823, 1.0284, 3.9405, 4.5726, 3.0348, 2.2114, 2.1856, 3.0116,-3.0830,-2.5109,-2.9866,-3.8425,-2.9583,-1.1742, 3.3323,-1.8127, 0.8434
-0.4074,-1.8779,-3.8308,-2.4823,-3.9843,-4.1823, 3.6440, 2.4396,-0.5625,-0.4201,-0.6786, 4.2356,-1.1038,-1.4938,-3.2643, 3.3811, 3.5037, 0.9548,-2.9826,-3.5604, 0.4440, 0.6385, 0.0158, 1.8027, 2.6673,-3.2296,-1.7328,-4.1982,-4.4114, 4.8878,-2.8387, 4.4622,-4.4673, 2.4010, 3.5494, 3.5488,-4.1116,-1.6139, 2.9824,-1.9531, 0.1386, 2.8627,-1.1280, 0.6507, 3.0231, 4.0427, 1.0317,-1.5894, 3.6466, 4.1116,-2.7305, 1.7626, 2.3266,-3.8931, 1.3333, 0.3165,-0.6571, 0.3325, 0.3537, 1.4492, 2.8754, 3.3631, 3.8063,-2.0626, 1.5049, 0.9529, 2.3372,-0.2908,-1.9473, 3.6143
-1.1711, 0.3895,-4.8536, 0.4607, 2.0972, 0.2915, 1.0592,-1.2277,-1.4982,-2.7617,-1.3229,-0.8015,-4.4755,-4.4773,-0.8507,-4.5507,-1.8777,-4.0259,-2.6702, 3.2557,-2.4038,-4.9460, 2.9139,-0.5487,-3.6877, 0.2808,-1.7787, 4.6084, 2.7105,-2.3413,-3.2613, 3.4994, 2.1384,-4.1936, 3.2802, 1.1232, 2.4460,-4.5141,-2.4836,-4.6473,-0.5313, 0.2191, 3.0393, 4.2853, 1.8565, 3.4216,-3.2213, 1.1464, 3.3090,-3.0433, 1.7035, 0.3492, 2.8681,-4.5583,-2.5001, 2.4607,-1.1738,-3.2935,-0.6069, 2.3153,-3.5932,-2.1367, 2.8465, 2.4254, 4.8909,-4.5956, 2.8165, 2.0456,-3.2090, 0.9377
 2.5675,-3.6031, 1.0864,-3.1304,-2.8442, 3.4621, 4.4719,-4.4968, 4.8991,-1.5335,-1.4323, 0.5826,-1.1614, 0.1283, 3.8816, 3.3794, 3.6516,-2.6988, 0.7497,-1.0130,-2.7873,-1.6937,-3.7754, 3.5830,-0.8538, 2.1367,-4.8006, 0.4036, 3.1784,-4.3798,-1.7733, 0.3080, 3.9456,-3.1538, 0.4628, 0.2646,-3.3128,-1.0471, 4.8634, 2.4836, 3.6116, 0.6183,-2.0882, 4.7835,-4.3556, 1.4573, 0.1285,-0.8498,-1.1999, 0.5412,-2.2215,-3.6504,-2.7843, 4.6580, 1.2767, 1.7195,-2.6855, 4.4564,-4.5832, 4.5920,-0.4982, 4.1247, 1.6102, 1.5570, 0.3966,-0.2705, 0.9952, 1.1301, 1.3599,-4.4788
 1.6282,-1.7963,-2.9256, 2.4168, 0.1304, 1.7735,-4.6933,-0.3062, 1.2430, 1.1843, 3.6665,-4.5007, 4.1057,-0.0038,-0.8375, 2.1045, 3.9685, 3.9427, 1.5731, 0.9069,-4.7074, 0.4973,-2.6800, 1.6119, 4.6849,-0.8383, 0.0349,-0.9238,-2.0048,-4.7575, 4.8006, 2.6879, 1.0088,-4.9776, 2.9704, 4.6467,-0.9757, 4.8054,-1.6141, 3.4766,-2.7562, 0.1481,-1.6235,-1.4836,-0.8982,-1.1328, 0.8917,-1.0563,-1.5657, 1.9923, 0.0208, 1.6915,-1.9510,-2.9500, 2.1071, 1.5551, 1.6885, 3.1186, 0.0721, 0.3469, 1.2312,-2.3726,-2.7432, 1.0013,-4.8330,-3.5616, 2.6193,-4.4698, 0.7275, 0.6471
 1.5924, 4.9661,-4.9278,-0.2392, 0.3697,-1.2912, 3.7078, 2.0477,-4.3273, 1.5448,-3.3064,-4.4185, 4.4121, 2.9516,-4.7573,-1.3805,-2.8289, 1.2566,-3.1418, 2.5942,-2.9315, 2.3223, 4.6170,-4.0800, 2.4342,-2.0118, 1.9376,-0.9813,-2.2146, 0.7461, 2.9468, 3.4894, 1.8195, 0.1658, 1.3120,-2.0829,-2.6149, 0.8022,-3.1834, 3.3724, 1.4595, 4.3084, 3.9948,-4.6644,-3.6652, 2.6391,-2.7439,-0.1834,-0.6291, 2.9166, 3.1567, 0.7743, 2.6321, 4.4936,-2.6477, 3.9382,-4.2491, 1.9080,-0.3754,-1.2141, 2.3409,-4.9395,-0.8443,-3.8832,-2.1478, 0.8177,-0.8633, 3.4072, 2.0854, 4.8100
 0.7248,-4.4250, 2.0423, 1.4203,-0.2986, 1.2108, 4.1946, 2.1769,-4.3564, 1.4149,-2.5553, 0.6666,-2.2002,-3.6998,-2.6686,-1.9721,-2.1835, 4.5741, 2.8477, 0.7273,-2.9320, 1.2463,-4.0126, 1.3517, 2.7857, 2.2369,-1.9044,-1.5727,-2.1348,-2.7847, 0.7530, 2.3888,-2.5728,-4.8852,-3.1521,-1.3457,-1.1367,-2.9996,-2.9149, 3.2925, 1.2245,-0.3154, 3.6047, 2.3792, 3.2675, 4.4109,-2.7088, 3.0134,-0.7906, 4.4722, 3.7352, 2.0709, 2.5465,-1.2701,-0.0409, 3.4778, 2.1985,-4.4567, 1.3720, 2.2294,-2.4377, 3.2941, 2.3846, 0.1976,-0.1097, 2.7001, 0.6093, 0.1138,-1.3900, 2.1162
 3.0155, 1.0345,-3.7651, 4.7625,-3.3969, 4.7035,-2.4049,-4.1987,-2.9742, 2.9406, 0.1878, 1.4489,-1.3114,-2.6147,-1.4329, 1.9589,-0.4245,-1.8507,-0.5973, 0.5473,-2.5160, 1.3886, 0.0292,-3.0464, 4.5699, 3.4484,-0.1399, 3.9381, 0.0211,-0.7951, 1.9758, 0.6376, 2.3873, 1.5749, 0.9638, 3.8483, 1.6919,-3.5592, 4.6339, 0.7463,-0.4283,-0.8245,-0.4004,-3.8102, 1.3200,-2.5280,-2.4732, 4.3556,-1.1284, 1.0212,-3.3069, 1.5694, 4.8303,-4.3580,-3.9289,-4.9869,-1.6763,-3.7829, 1.1553, 0.7296, 0.0921,-4.9622, 3.1475,-3.5569, 4.3499, 4.0084, 0.7966,-3.7688,-0.2857,-3.0528
 1.9643,-2.8531, 2.2573, 0.1627, 3.8033,-4.8017,-0.7711,-1.1970, 1.5548, 3.1585,-1.6526,-3.1546, 1.7823,-2.2909,-1.5637,-3.5447, 4.6870,-1.7872, 2.8608, 3.0267, 1.0608,-4.5730,-2.8898,-4.4771, 4.8016,-1.4046, 3.7889,-1.8142, 0.4585,-3.3006,-3.1274, 2.6065,-3.9585,-1.0854, 1.2660, 2.3320, 4.2417, 1.4381,-1.7667,-0.5450,-3.5788,-3.2863,-3.0681,-4.6821, 2.9812,-1.2317,-0.1282, 2.3655, 2.8697,-2.0657,-2.2455, 4.9605, 3.4035,-0.4373,-1.7290,-3.4470,-1.6154, 4.1795,-0.5779,-1.2902,-2.2254,-2.4776,-4.4721, 0.1361, 1.7875,-1.0425,-0.9024, 4.4669,-4.8446,-3.3009
-0.6515, 3.8996,-1.7613,-2.8940,-4.5057, 2.0307,-3.6249,-1.0195, 1.7381,-2.8569,-3.7294, 1.3465,-3.0256, 3.8905,-3.8036,-2.6158,-2.0355,-1.7696, 1.5320,-2.3245, 3.2181,-0.2646, 4.5476, 4.1740, 1.4631, 4.6697, 3.2824, 3.3119, 4.4513,-3.6573,-0.5328, 1.1287, 2.0558, 1.4520, 1.0832,-4.6964, 1.7238,-4.7767,-3.8695,-0.4700, 0.0653,-4.7924, 0.1642,-4.9960, 3.2974,-3.3781,-3.7844,-3.7330,-3.7204, 2.8941, 3.3625,-1.6593,-0.0494,-3.8398,-4.5432,-1.6125, 0.3677, 2.0558,-0.3061,-1.8160,-1.7929,-4.4155,-4.5029,-4.7453, 0.5621,-4.2841, 3.1289, 3.6946, 1.9785, 4.4771
-1.9236,-1.0603, 4.3593,-3.0565,-4.2999, 4.0761, 1.9346,-1.1171, 3.0866,-0.8780, 1.6046, 0.4546,-2.5249,-1.0185,-2.7460,-3.1486,-1.7739,-3.6807, 0.0777, 2.4790, 2.2777,-0.2711,-4.7055,-1.5823, 0.7741, 4.4722, 2.9917, 4.2818,-4.8048,-3.9820, 4.4549,-0.5613,-4.5481, 3.3471,-2.4874,-1.2050, 4.6070,-2.6481,-0.0809,-2.3106, 4.7308,-2.5714, 4.9255,-0.3835, 0.2736, 4.2094, 0.1298, 1.0486, 1.3663, 4.3282,-4.3962, 1.0515,-2.5487,-2.5204, 0.6605, 1.0793, 3.7588,-0.3131,-4.5585, 3.2209, 3.8601, 4.9888,-0.1063, 4.7665,-3.2449,-0.4559, 2.6352, 1.3766,-0.3971,-0.9872
 3.4619, 4.1963, 1.6872, 2.0876, 0.8122,-0.7582,-0.8791, 1.5063, 1.2875, 2.3877,-4.2499, 1.5644, 1.4299,-3.9373, 3.0088, 3.9501, 3.1840, 4.6931, 3.6101, 4.7774,-3.4924,-4.4765, 2.2028, 2.5449, 1.6708, 3.0726,-4.3324,-4.1409, 1.7760,-2.1954, 1.5980,-0.2240,-1.9641, 4.1049,-1.9186, 2.6336,-1.4879,-1.1952,-1.5507,-1.9127, 3.5908,-4.9529, 1.9153,-2.8447, 0.1625,-4.2263, 3.2029,-0.1269,-2.7660,-3.8694, 4.7310,-3.6482, 1.4869, 4.3893, 3.5014, 2.3571, 2.2709,-4.3935,-1.1905,-2.7381, 1.7311, 3.2509,-2.1718, 3.2961, 1.2856,-4.7851, 3.3486,-0.5094, 0.7722, 0.3236
-1.2759, 0.3855, 4.4994,-2.4945,-4.2181, 2.2802,-3.5972,-2.8123, 3.5128,-1.4146, 3.3807, 1.0991, 3.8348, 0.7689, 0.6291,-1.7833,-0.3883,-0.9980, 0.8754, 0.1276,-2.9294,-4.2730,-4.7030, 4.0373,-0.2410, 1.6313,-2.1600,-1.9162, 0.1502,-3.9234,-2.9098,-1.1016, 1.1468,-3.0520, 0.7178,-1.8712, 3.4752, 1.1452, 3.7839,-3.9325, 1.1481,-1.5766, 0.4667, 0.2253, 3.7771, 4.1699,-2.8645,-0.8026,-2.8361,-3.9107, 4.2639, 4.9155,-4.3940,-4.2330, 1.8582,-3.2596, 3.4893,-2.8154,-0.0591, 3.9692,-0.6491, 2.3069, 3.7536,-2.1317, 4.8428, 3.9090,-3.8029, 4.7338,-1.1734, 1.2335
-1.8776, 4.2671,-3.3039,-4.7677,-1.4084,-0.5498,-2.5046, 4.7558,-1.3169,-0.0569,-3.1106,-3.5478, 1.7004,-1.0511, 0.2590,-1.0703, 3.7200,-4.2798, 3.7658, 4.9247,-0.0376,-1.2148, 3.8058,-3.5070, 4.2575, 1.8028, 3.7819, 4.6695,-0.1289, 0.7069, 1.2823, 4.3146,-4.2642, 0.9088,-3.1354, 4.2741, 1.2798, 4.9706,-0.9568, 2.2444,-1.9835,-3.6148, 4.2270,-1.4670, 4.2678,-4.0086,-1.1208, 0.6782, 2.2804, 4.4525, 1.3683, 3.3927, 0.4930, 2.7377,-3.4841,-4.1450, 3.0099, 4.6486, 1.7903,-4.5814, 0.6895,-4.3051, 4.5061, 0.8460, 0.7111,-1.8673, 3.6512,-1.0393, 4.0569, 4.4125
-4.2650, 0.6243,-2.1910,-1.0975, 2.2040, 2.4411,-4.4623,-3.3635,-0.5022,-4.7001,-1.9647, 1.1857,-4.7722, 0.7279, 1.7962, 2.1692, 0.5083,-0.6317,-1.0797,-2.2666, 4.3195,-0.5743, 0.6987,-3.7554, 1.0386, 2.8591, 1.5368, 0.3454, 1.2036, 0.6984,-2.0532, 3.5426, 0.9724, 0.9323, 0.5517,-4.3209,-2.8335, 2.1912, 3.9575,-0.3218, 3.7021, 4.2121,-3.4544,-4.6324, 0.5568, 0.0209, 0.7610, 2.1408, 1.3738,-1.2433,-4.1574, 2.6912, 1.5642, 2.2647, 3.9023,-4.7101,-0.0126, 2.3204,-1.3946, 2.1617,-3.7204,-1.7733,-1.5082,-1.3131,-1.5507,-3.0093,-4.3473, 1.2584,-4.4365, 3.3069
 2.7296, 4.6327,-3.8997, 4.9353, 4.3935, 0.6905,-0.6227,-1.1784, 0.3915, 3.4324,-4.3167,-0.1524,-4.8094,-4.1932, 4.0687, 1.9679, 3.1810, 1.0139,-3.5754,-1.6546, 2.1702, 1.2848, 4.4517, 4.3195,-4.4875, 3.1652, 4.1657,-2.9172, 4.7033,-0.3976,-0.3580, 4.8624,-0.7353,-3.8726, 4.7654,-4.5859,-1.6903,-3.6571,-0.4127,-2.6527,-3.5452, 4.8508,-1.4079, 0.0708,-0.4639, 0.6121, 1.1528, 2.9995,-1.7849, 1.3024,-4.3657,-3.3366,-0.6898, 4.5768,-0.1517, 0.5604, 4.5758,-0.7739,-0.7053, 0.8156,-2.5655,-1.6717, 1.8703,-1.2806,-0.4959,-0.2212, 1.3722,-1.1609, 0.6395,-2.1413
 3.1419,-4.8149,-1.2467, 1.8093,-4.1330,-1.6647, 3.7706,-1.1103, 3.9258, 3.6208, 3.2652,-1.7496,-4.6129,-3.9605, 2.9139,-2.7924, 3.8913,-0.7483, 4.2912,-4.5907,-0.5843, 4.4300,-0.4400, 1.7669,-3.6275,-2.3437, 0.0062, 3.4874,-4.4275, 2.6628,-4.9203,-3.5211,-3.2223, 1.6016, 2.7434, 4.7384,-4.5186,-0.6451,-1.8429,-3.3506, 1.4944, 1.7686, 3.4628, 1.6144, 4.5347,-0.1900, 0.5237,-2.9709, 2.5894,-4.4612, 1.0580, 3.0647, 4.1611, 1.4993, 2.3324, 1.8051,-4.5736,-3.2213, 4.8088,-3.8534,-3.4337,-3.7998,-4.2718, 1.6375, 3.6747, 4.2944, 4.0320, 1.3706, 4.9811, 3.6427
 4.6487,-2.1766, 2.5546,-3.4080,-3.9926, 4.9530,-3.4759,-3.3178, 1.2873,-3.9417, 0.5500, 1.6712, 3.7261,-4.0861,-2.8213,-4.6791, 4.2443, 3.6111, 0.8698,-1.0374, 4.9997,-4.7285, 3.7262, 1.8105,-3.6691, 4.8867, 0.9775,-2.9414, 2.6152,-1.0293, 3.3335, 2.7655,-2.4434,-3.1041,-1.0225,-3.7712,-2.7722,-0.6364,-0.4956, 2.9656, 3.2607,-4.3055,-2.1747, 0.3723,-3.7591, 3.5259, 1.8673,-3.3960,-2.1561,-2.6010,-3.3116, 4.7620, 4.0243, 0.9479,-2.7168, 0.0470,-0.1276, 2.8354,-2.4090, 0.6712, 1.4477, 1.9607, 1.0111, 0.8857,-4.1268,-0.5448, 4.7024, 0.6677,-0.3229, 3.0010
 2.5176, 0.9351, 3.9306,-4.8171,-1.5001, 1.0937, 3.1852, 0.4633, 3.5393,-3.8222, 0.2677,-1.2290, 4.3277,-4.0793,-4.0867, 3.9360, 2.7322,-1.5380, 3.9672,-1.6998, 1.0239,-2.6631,-0.8002,-3.7773,-0.5820,-1.4506, 2.2752, 1.9225, 2.3075, 0.2325, 2.0724,-1.6122, 1.2311, 0.4184,-4.7782, 1.1441,-2.0710,-2.3486, 3.8658, 4.1025,-3.2128, 4.3703, 2.4110, 4.7624, 4.1519, 0.6653,-1.6506, 4.4029,-4.6059, 3.5020,-1.7452, 3.1583,-2.7205,-0.8487, 3.0835, 3.5056,-4.6647,-2.8285,-2.4043, 2.6336,-0.2409,-4.9590,-1.2963, 1.4781, 0.7719,-3.3588, 3.7333, 0.2724, 3.2156, 0.4452
 3.0721,-4.4290, 0.5032, 2.7880, 4.5802,-1.5922, 1.5569, 2.5516,-0.2494,-1.2223, 1.7396, 4.3756, 0.1797,-2.9614,-0.1899, 0.9782,-2.3934, 2.1791, 2.3267,-3.4160,-2.2133, 0.5670,-2.1050,-1.1678,-2.4788,-1.6494, 0.0155,-3.0728,-1.5771,-2.9000, 3.7322,-2.7683,-1.9269, 3.0748,-3.7161, 1.8217,-1.1387, 3.1038, 3.9836, 4.6510, 3.3609,-4.4818, 4.6868, 0.8796, 2.3687, 4.8674, 3.2116,-0.3417,-2.0691, 4.1052, 3.1498, 1.7683,-3.1444,-1.5021,-0.9739, 3.6951,-0.8930, 3.7792,-0.6146, 4.0225,-4.1409, 0.4129,-2.2702,-4.9624,-0.6748, 2.9605, 1.9488, 4.4385, 3.0192, 4.1188
 4.7221, 4.1900, 4.3987, 0.7706,-3.8673, 4.4615,-3.3763, 3.2578,-4.0617, 0.5950,-3.9555,-0.6693, 2.4182,-0.3836, 0.4691,-4.5084,-3.9625,-3.1275, 3.9439,-3.4469,-1.6506, 4.6404, 3.0240, 3.2713,-4.5790, 1.6125,-1.4886, 3.3890,-4.7128, 4.6430, 1.9905,-4.2663,-4.2901, 0.6581,-0.4381,-4.2304, 4.4892,-0.1968,-4.2635,-3.1291, 2.6606,-3.2333, 0.1770, 3.4908, 3.3173,-2.9687,-3.8749, 0.1603, 1.5477, 4.3858,-3.4607,-4.9394,-3.2839, 2.6681,-4.3141, 2.8328, 0.0708,-2.7443, 2.9329,-0.5850,-1.6241,-4.6470, 4.4186, 4.3611,-2.4834,-0.3170,-1.4498, 2.4895, 4.1834,-0.4398
 3.9960, 3.5483, 1.1690,-0.7824,-0.0986,-1.6842, 3.7750,-1.5588, 2.2121, 4.4599,-1.9620, 4.9471,-1.7918, 3.6900, 1.7044,-2.2768, 1.3709,-0.8499,-1.3629,-2.6789, 0.3261,-1.2558, 3.9652,-2.9164, 2.2582,-2.7784, 2.0657,-3.3045,-3.1450,-3.7731, 2.0983,-1.5231,-1.3644,-3.0736, 4.0936,-2.7345,-3.6202,-2.9894,-3.7685,-4.4062,-2.4413, 1.4260, 0.0689, 0.7642,-1.3241, 2.1253,-1.6858, 2.5766, 2.9781,-4.1805, 1.3317,-4.8458, 0.5303, 2.5476,-3.2545, 1.1268,-3.8699,-4.5072, 1.4808,-2.3320,-3.7253,-0.5697, 2.3817,-0.2429,-0.0733,-3.8071, 1.0940,-1.1584,-3.7039,-1.7552
-0.5604,-4.1636,-1.7343, 2.9515,-1.0767,-2.7999,-2.5174, 1.7515,-2.1271,-0.6195,-3.2068, 0.9527, 3.6897,-4.8101, 2.7789,-1.8692, 4.4931, 3.0358,-2.1034,-4.5420, 3.5869, 2.8715, 4.2929, 0.6951,-3.5638,-4.8583, 2.5919,-4.7458, 1.9080, 4.6313, 0.8519,-4.7344,-2.8260,-0.4460, 2.2388, 4.3788,-0.1587, 2.5850, 1.2266,-3.0345, 4.5730, 0.3485,-0.9830,-4.7370,-2.6198,-4.6450,-2.0762,-1.8586, 1.9772, 0.5917, 1.6571, 3.2819,-0.5139, 0.2971, 2.1117, 4.6549, 2.5974,-4.3102,-2.8629,-1.9172, 1.6170, 3.9609,-2.8226, 0.0630,-3.8351, 2.2661,-4.6626, 2.1509,-2.8361,-4.2387
 1.8854,-0.4083,-0.1964,-2.0944,-0.4365,-4.6454,-3.2022, 1.8253,-0.1461,-3.5377,-1.4615,-1.6902,-1.7112,-4.7270, 0.3875, 4.2747,-1.4038, 1.0420, 0.3813,-4.5083, 0.3059, 3.7551, 3.6670, 2.3376, 4.4490, 3.2691,-4.6094,-2.2264,-0.2415,-1.7267,-1.3617,-4.3634,-4.2932, 4.8113, 0.2412, 3.4704, 4.7454, 4.4217, 3.2674, 3.9492,-2.6521,-4.1192,-1.8063,-0.6667,-0.2997, 0.4141, 2.1584, 4.1112,-0.4238,-4.1177, 0.5855,-1.3966,-2.6919,-3.3935, 4.7113, 2.9106, 0.7839, 1.7736,-3.1396,-0.8030, 3.9484,-3.5328, 0.8113, 3.2449, 3.8792,-1.8509,-2.7570, 1.0864,-2.7159,-4.2524
-2.8824,-3.6371,-2.0789,-1.2887, 2.4177,-1.7177, 1.7763,-1.6701,-3.0893,-1.3080, 4.2595, 2.1710,-4.5428, 3.0505,-4.4764, 3.2501, 4.1598,-0.9853, 1.9309,-4.2233, 1.6705,-0.1659,-3.5515, 2.2521,-3.3541,-0.9667, 3.5103,-1.3246, 1.4589,-3.1084, 3.2062,-4.8465, 4.7779, 2.6271,-4.1949,-4.1827,-1.9478, 4.1818, 4.4883,-3.9014, 0.3181,-1.1491,-0.7079, 0.1580,-0.7525,-0.9170, 0.0744, 4.3387,-3.6336,-0.6969, 1.5960,-2.7841,-1.3682,-4.4735,-2.4562, 3.3114, 0.9548,-4.5153,-2.8966,-2.8431, 4.7405, 4.7359,-3.2672, 4.4228,-1.9854,-3.0049, 1.8292, 2.8766,-3.9384, 4.0892
-1.3787, 3.6712,-3.5146, 0.4115, 3.5188, 1.3835,-4.0495,-1.7224, 1.8070, 1.6707, 4.4151, 3.4725,-1.6572, 1.9484, 4.3727,-1.8280, 1.3931, 0.5226, 0.0797,-4.1117,-0.9370,-4.9017,-3.6949, 0.4595, 3.2516,-1.7917,-1.8411, 4.9779,-3.5288, 1.7476, 4.6844,-1.6632, 4.3085,-3.7791,-0.4026,-4.4720,-1.0557, 1.2774, 0.6414,-3.2321, 4.3266, 4.9060, 3.3567, 2.5033, 4.9994, 0.5695,-2.5514, 1.4399,-4.0886, 4.6507,-1.2251,-1.2250,-0.1170,-3.4096, 0.8658, 4.3567, 1.8585,-4.9819, 4.2709, 3.8148, 3.9215, 2.9976,-1.6450, 4.3507,-0.3739, 0.0818, 2.5657, 4.9712,-4.7564, 0.5207
 0.9748, 2.0051, 4.2236, 0.7264,-3.3331,-0.0232,-1.5869,-2.9244, 0.4326, 2.6093, 4.7135, 0.8164,-1.6394,-2.6425,-0.9828,-0.2655,-2.4837,-0.1404,-0.2924, 3.6227, 2.5306, 4.5143,-0.3244, 1.8561, 3.7569, 3.7410,-0.8918, 2.3644, 2.7930,-1.9732, 2.7208,-3.2538,-3.4255, 0.7685, 3.0680,-3.3680,-3.4189, 4.2407, 1.0394, 4.5091,-4.1066, 1.0192,-0.2058, 3.5156, 1.2586, 2.4812, 4.7452,-2.8048, 0.9104,-0.9607, 2.3541, 1.2802, 3.4860, 4.4518, 1.8004,-1.7751, 2.2133, 1.0923, 2.4633, 4.2396,-4.9773,-0.1161, 4.9111, 1.6201, 3.8346, 4.1999, 0.0383, 4.6541,-4.3902, 3.8334
 4.2740, 2.3659,-2.1217,-2.0939,-2.0037,-2.5608, 0.0941,-4.7676,-3.0393,-1.2856, 4.6822,-2.4336,-3.2498,-3.7685, 2.5738,-3.8852, 0.7230, 2.6924,-2.8611,-3.6993, 2.2196, 3.3960, 2.3328,-2.6834, 2.9113, 3.3758,-2.6947, 4.3334, 2.3300,-0.1517,-2.0134, 2.3874,-4.5119, 0.1302, 1.1875, 4.7668,-0.0627,-3.4800,-1.5282,-0.2873,-2.0313, 4.4907,-3.4947,-0.1029,-3.6359, 0.9960, 1.5979, 4.2015, 2.2997, 4.2322, 4.7960,-3.1010,-3.9847, 4.5227, 3.4977, 4.1836, 2.3852,-2.5469, 2.6440, 3.0927,-0.1660,-4.8910, 4.9470, 2.3610,-4.6048, 3.2951,-2.8568, 1.1545,-4.4204,-4.7378
 1.9634, 1.8904,-1.1186, 0.7790, 1.7662,-1.1918,-1.2185, 1.8832, 3.4342, 1.6924, 0.9899, 2.0608,-3.0116, 0.5712,-1.1191,-0.7516, 4.7790,-0.0743,-1.2702,-1.3972,-3.8640,-4.1109, 1.5165,-4.3651, 3.4683, 0.2385, 0.1655,-2.2922,-0.4474, 0.7097, 0.3101, 4.8507,-4.8777,-0.9247,-2.6644, 1.4432, 2.0731, 3.9021,-1.2468, 1.5258,-3.5438, 3.1126, 2.5425,-0.6530, 2.0137,-3.3770,-4.9219,-2.6122,-3.7237, 0.1630,-0.3206,-3.0555,-3.5776, 0.7659, 0.1894, 3.9327, 3.7880,-4.2701,-1.1511,-2.6549,-2.9037,-3.3654,-4.2193,-0.8448,-2.0220, 1.6334,-0.5115,-3.7053,-3.9931, 0.1619
 0.2004, 2.3724,-3.9732,-3.0312,-4.4063, 4.4325, 3.3347, 4.4739,-4.8081,-2.0526,-4.2311,-2.6797,-2.2588,-1.0135, 2.8458, 2.1429,-4.1795,-4.9803,-2.1953,-0.5451,-0.3489,-2.5431, 1.6786,-1.4457, 2.9236,-3.1897, 4.5477,-1.9989, 3.3900, 2.9740, 0.9205,-4.1227,-4.5794, 1.6583, 4.1787, 2.7861, 2.3924, 1.3298,-0.4830,-0.2478,-1.9617,-3.5511,-4.5515, 1.2347, 0.6056,-1.8051, 2.4558,-0.2005, 0.8910, 2.7275, 3.9013, 1.3454,-0.8517,-1.9102, 4.1517,-0.9965, 3.6634, 3.3248,-3.4162,-4.4141, 4.9833, 3.2432,-2.8953,-3.9140, 1.6539,-0.7869, 3.3571,-3.0302,-1.2237, 0.4549
 4.2452,-3.0004, 2.9655, 0.0719, 2.6610, 2.7670,-0.8134, 1.5804, 1.7982, 2.1143,-1.1622, 4.6405,-2.9674,-2.8861, 2.8787,-0.7063,-4.0572, 4.7148, 0.5960, 1.0929,-4.7440, 2.4387, 0.1977, 1.0948, 0.3384,-4.6434,-3.5109,-3.1253, 2.8203, 4.3248, 1.1125,-2.0079, 0.2732, 2.4053, 1.2417,-4.9393,-0.9989, 1.4411, 2.3901, 0.3454, 0.1705,-3.7530, 0.0509, 0.1243, 0.3536,-2.8473,-2.1850, 2.4319, 0.0649, 0.2198, 3.9745, 3.7513,-4.2163, 2.3171, 4.0331,-4.4885,-3.2972,-2.6505,-3.4121,-0.8309, 0.5771,-4.8889, 0.4081, 4.2408,-2.3843, 0.1534, 1.3591, 4.9840, 1.9893, 1.4483
-3.1163,-1.7830,-1.4678,-2.8805,-0.3011,-4.6149, 0.4014,-3.1563,-2.8797,-1.8744, 1.0544, 4.2025,-2.3453, 0.2710, 3.9881,-2.2974, 3.4868,-1.3764,-1.0732, 0.9479, 4.9229,-3.2595,-1.1651,-0.7816,-2.1774,-3.2255,-3.4164,-0.1880,-2.9989, 4.5692, 4.5705,-2.0681,-1.4752,-3.9834, 4.2372, 4.6385, 1.5333, 4.9524, 4.3449,-0.8427, 4.0092, 1.4313,-1.8362, 2.9427, 4.5260, 4.6271, 3.9712, 3.9891,-4.5413, 4.3100, 4.3693, 1.6256, 2.7913,-4.1094,-3.5649,-0.8008, 3.1080, 3.8867, 2.5784,-2.7779, 3.2674,-1.5321, 4.1040, 4.2941, 1.3925,-2.6307, 1.3673, 2.6020,-2.2948,-2.3927
 3.0839, 4.9932,-2.2521, 4.0877,-1.8602, 0.4377, 3.1014,-0.7774,-1.6278,-1.2632, 1.2201,-0.5351,-2.7694, 1.0389,-0.1744, 4.1965, 1.9509, 0.3026,-4.4407, 3.8565, 4.6781,-2.6317,-0.7313,-1.1868, 3.6013,-4.9399,-4.7819,-4.1732, 4.0461,-4.2746,-1.8117, 3.2862, 3.5290, 3.1380,-3.7102,-1.8503, 0.5631,-4.2710,-0.0528,-2.9220,-2.6504,-1.6508,-3.6081,-2.6174, 3.5392, 2.4973,-0.9908, 1.9013,-0.7994,-1.1926,-4.2635,-1.4781,-2.3957, 1.1432,-1.5891, 1.3384,-1.5777, 0.6468,-0.0371,-3.4257, 1.6776, 1.2950,-0.5805,-0.1316,-4.8640,-3.1135,-2.0053,-0.6945, 1.5218,-3.8427
-3.7600,-0.5452,-2.0197,-1.7021,-1.9059,-2.9739, 1.6940,-0.5501, 1.6061, 3.6195,-4.4191,-0.9268,-3.4340, 4.8092,-4.6335,-3.4173, 4.5970,-1.2897, 0.8945, 3.8768,-0.0438,-3.6305,-2.9859, 0.5194,-0.6515,-0.2160,-1.4099,-1.6184,-3.3700,-0.0498,-0.3996, 0.7204, 4.3833,-2.5806,-4.3028, 1.7666,-4.1399,-0.0808,-3.6034,-3.7087, 4.6444,-1.5157,-2.0323, 3.1352,-1.2640,-4.1057,-4.8764, 0.6759,-2.7020,-4.6975, 2.2597, 0.2167, 0.3636, 2.0744, 4.2774,-2.4005, 2.7040, 0.8443,-4.1894, 0.5765, 4.0110, 1.6213,-1.8751, 4.7590,-2.9213,-3.4967,-0.4926, 4.7084, 2.2522,-1.9172
 3.2623,-1.5000,-0.4123, 1.2256,-2.5128,-2.2266,-4.6576, 4.7739, 3.9012,-4.0724, 3.0445, 1.4111,-3.8058,-2.2869, 2.7103, 4.7513,-1.7005,-1.8896,-2.2971, 0.0171, 1.9126,-3.0461, 4.7875,-4.4584,-3.2870,-4.3827,-0.8848, 3.6723, 4.5527,-3.2527, 1.8006,-1.5477, 1.8858, 1.0573,-4.7095,-4.8909,-3.9056,-4.6649, 4.3971,-3.6499, 1.9510,-2.7808,-4.1451, 0.5025,-0.5991, 0.9050,-0.7816,-3.1654,-0.2060,-2.1382,-1.0715, 1.7247,-0.4529, 1.3265,-0.5187, 0.4678,-4.8286,-1.6996,-3.0074,-4.9681,-4.3228,-2.9608, 0.6523,-3.7557,-1.4212,-3.1425, 1.1952, 1.0757,-0.1894,-0.7226
 4.6223,-2.9303,-0.5469, 1.3112, 4.8417,-4.1259,-1.2136,-2.9592,-2.5071,-0.7945, 3.1952, 0.0074, 4.4898,-2.0421, 1.6938,-0.1315,-0.0147,-1.2921,-1.4611, 3.0555,-0.5162,-2.7556,-1.5663,-2.6699,-4.8555, 2.0957, 3.6387, 1.8769,-4.3080, 0.1454,-4.5983, 2.5278, 3.6035, 1.3519,-2.7125, 3.4736,-2.3548,-4.6657,-1.1523,-2.3906,-4.1841, 4.0663, 4.0825, 2.7799, 2.0350, 1.1492,-2.2103, 1.9262, 1.6198,-2.4921, 1.1191,-1.3515,-2.1728, 0.1264,-1.5674,-2.4704, 3.5986, 4.1296, 1.9339,-0.0500,-0.5764, 1.4770, 4.3546, 1.1288,-0.9788,-3.4123,-0.5478, 0.2823, 2.0371,-2.6378
-4.8899,-2.2446,-4.8908,-1.2906,-3.9523,-0.6367, 1.8627, 0.2311, 2.3806,-2.1001,-0.8148,-2.5883, 4.5451,-2.4307,-1.6698,-0.7098, 3.0453, 0.6462,-3.9411, 3.8348, 2.6543,-2.3292, 3.4090,-1.8597, 0.6913,-0.5953, 0.5927,-1.3234,-0.7287, 2.2121, 2.7424, 3.5510,-2.5788,-1.0437, 0.1896, 0.0868,-2.1749,-1.8400,-1.3055, 1.0620,-4.2998, 0.5916, 2.6505,-1.3296, 4.2224, 4.8817, 3.0865, 2.0071,-4.0443,-4.9165, 0.4135, 2.4516,-2.9239, 4.0832,-4.1220,-4.7667,-2.9498, 2.6816, 4.0911,-0.8485,-4.1871,-3.5359,-4.1258, 2.5378,-1.9038,-0.1267, 2.9808,-1.6129, 0.8148, 3.0369
 2.5445,-2.6063, 4.5107,-0.7304,-2.5004,-2.4486, 2.6657, 0.1205,-3.4245,-4.0778, 3.8134,-0.1985,-0.4554,-4.3849, 2.8014, 3.1419,-1.9277,-1.1262, 2.8154,-2.3148,-3.7876,-4.3748,-3.4072,-2.4473, 3.1536, 1.1136, 0.7928,-3.3047,-4.8472, 2.7915, 1.9454, 3.4431,-2.3414, 0.7884, 2.3701,-4.2054,-2.0379,-4.6145, 0.1356,-2.3408, 1.4878, 0.2907, 0.0465,-4.5435, 3.5400, 3.7537, 3.0468,-3.4991,-3.2574,-4.7376,-0.2497, 4.6087,-0.0136,-0.3595, 3.6818,-3.3446, 2.4120, 1.3798,-3.2375,-1.0178,-3.1813, 1.0203, 2.8460, 4.8073, 0.5910,-0.0888, 2.3187, 0.3673,-4.8855, 2.8085
 2.9387, 0.1462, 2.8702, 3.3852, 2.6781, 3.1247,-2.1349,-2.6461, 3.0702, 1.1156, 1.7999, 1.8091,-0.0804,-3.0377, 0.7139, 3.1178,-0.5434,-4.6887,-2.6782, 3.7834,-0.4941, 1.9540, 4.9246, 4.4113,-0.9168,-2.4060, 0.0929, 3.4524,-1.9704, 1.9977, 1.4823, 1.0318,-0.8692,-4.8470, 2.6583,-1.5354, 4.7441,-2.7791, 3.6939, 3.0961,-3.6893,-4.3119, 1.5138,-0.5847,-2.2132,-1.2804, 2.3845, 2.4265,-1.6062, 0.3464,-1.9522,-4.2379, 1.8467,-1.0735, 4.9773,-2.6308, 3.0064, 4.0329, 2.8180, 1.3568,-2.0923, 2.3904, 0.7262, 4.0772,-2.0553,-4.3504, 2.3975,-0.9256,-4.2246,-1.0624
-4.8511, 0.0540,-3.8849, 3.5409, 2.3931,-3.3487, 3.2936, 0.6581, 3.5500,-3.8393,-2.7297,-1.8837, 4.1284, 4.8119,-0.6369,-3.7046, 3.7621, 1.3370, 4.4974, 2.9018, 4.4624, 4.0848,-0.1363, 2.6493,-0.4384, 2.8846,-2.6556, 0.0725, 1.2895, 1.0638, 2.4464,-0.0514, 0.8888, 2.7200, 1.4660,-3.7749,-2.3434,-2.8567,-0.1536, 4.1688,-0.4757, 0.8772,-4.1986, 1.3872,-3.4076,-2.9438,-2.5885, 4.6751, 3.3328, 4.4521, 3.5516, 4.2510,-0.3412, 1.2912, 4.9981,-3.8880,-4.9247, 3.2477,-1.4189, 2.4741, 4.7809,-0.1351,-1.0404, 2.3974, 4.1921, 3.8824,-1.5075,-4.6816,-3.5365,-4.8913
 1.1565,-1.0350,-3.9193,-4.7080,-4.2597,-0.5318,-4.4138,-3.3197, 1.0468,-1.4657, 3.6380, 2.0522, 3.3344, 0.9407, 2.4072, 3.1805,-3.6437,-0.7930, 0.6807, 3.0712,-4.2999, 3.7790,-3.6796, 0.1369, 1.0911,-0.5514,-2.3547,-3.1559,-4.8874, 0.2985, 0.4839, 1.0786, 4.0935, 0.0948, 4.0418, 0.1965,-4.5542,-2.5545,-1.7895, 0.8222,-1.7174, 2.1932,-1.7655, 3.3287,-1.5911,-2.0762, 4.0981, 2.1877, 1.6552,-4.1836, 1.3802, 3.9940,-3.5531, 4.0302,-4.3140, 2.9475, 3.6562, 4.3288, 3.2277, 4.0255, 0.4151, 3.7794, 2.4575,-0.2310, 3.9868,-4.8323, 0.4865, 4.1969, 3.2469,-2.6785
 3.0785,-4.6124, 1.1969, 3.3512,-3.1356, 0.6204,-2.6605, 4.4778,-2.2778,-0.2773,-2.9342, 4.5096, 4.8248,-1.7943,-0.1483,-3.9252, 0.1551,-3.4665,-1.5618, 4.1495, 4.0580,-4.1914,-0.1479,-1.4165,-2.9658, 0.9547,-2.9264, 4.4428, 1.5209, 2.8214,-3.0089,-0.7265, 0.2031, 4.5724, 2.2723, 2.3803, 2.8604,-1.0703,-0.1592, 3.8607,-4.0567,-2.6081,-1.8568, 3.3854,-4.5066, 3.9148, 3.9698,-4.4857,-2.8546, 1.0966,-0.8359,-3.4120,-1.0811, 2.3217, 2.0731, 3.3337, 4.1927,-4.2367, 0.5544,-0.6363,-2.9114,-1.3526,-4.8761,-3.1921, 0.1751,-0.8410,-3.7754,-0.3482,-0.1610,-1.6342
-0.2281, 1.1748,-2.6208, 0.5155,-0.7325,-3.1641,-1.3396, 1.5976,-2.1314,-4.7401, 1.2672,-3.2854,-2.7976,-0.4438,-0.0700,-4.1789,-4.1646,-2.2229,-4.8702, 2.6805,-3.5176,-1.9538, 3.0845, 1.7368,-2.2319,-3.5105,-1.7791, 2.5834,-2.9823,-2.0592,-4.1002,-0.9394,-1.5785,-2.4715, 1.5831, 0.8939,-4.8411,-1.6897,-3.7513, 1.8843, 4.3604,-3.6085,-4.9255,-4.3685, 3.7840,-4.5379, 4.6944, 2.0916, 4.2545,-1.3679,-2.3233,-1.7039,-4.9298, 3.8216, 4.2456,-0.1337, 4.0460,-1.0283, 1.8758, 1.0892,-4.2872, 1.8013, 1.6405,-0.0550, 1.6589,-3.1228, 0.4360, 1.0342,-4.8765,-1.0393
 0.5279, 4.2198,-0.8172, 1.3888,-3.0333,-3.3231, 2.3132, 3.0535,-3.1413,-1.1341, 0.5690, 2.6581, 4.2412, 2.7198, 4.0718, 0.7770,-3.9467, 3.4369, 1.3533,-2.6193,-3.4320,-0.1234, 2.5176,-1.5011, 0.6288, 3.9863,-1.2716,-0.4793,-3.0648,-1.4489, 2.8936,-4.5408,-1.9709, 2.1644, 4.5456,-3.4415, 3.1366, 2.8053, 4.9041, 4.9378,-4.4948, 4.6143,-0.8936, 1.1559,-1.1007, 2.9505,-1.1388, 4.0535, 4.9441, 3.1020, 1.0575, 2.4300, 0.7332, 1.3892, 4.9621, 3.9058, 2.3024,-3.4994,-3.8920, 3.8401, 3.8958,-3.9577, 1.1492,-4.1795,-4.4010,-1.4872, 1.1915, 2.3329, 3.0586, 1.3324
 2.9115,-0.1792,-2.0341, 2.5359, 4.5862, 2.7723, 4.8962,-0.9569, 3.5468, 0.4039, 2.8558,-0.9971,-1.1418,-4.1866,-2.4722, 2.3511, 0.4531, 0.2245,-4.3198,-2.8383,-3.5422, 0.0104,-1.0605,-1.7344, 0.3845, 0.7158,-4.6010, 3.9298,-0.1246,-2.9599,-2.5415,-4.5982, 3.4078, 3.7626,-2.2186,-2.5293,-3.9991,-1.2975, 3.3640, 1.6549,-3.7545, 4.4015,-3.6813,-4.3475,-2.0302,-1.2800,-4.5957,-3.1118, 0.3136,-3.2647, 4.1958,-4.9701, 1.8160,-2.2331,-4.1347,-1.9936,-2.0193, 4.2866, 2.9258, 1.5245,-0.0116, 1.0436,-4.9750,-0.8259,-1.6084,-2.2584,-0.6462,-2.2313, 2.8612, 0.9700
-4.9708,-1.9642, 4.4522,-1.7149,-0.6666,-1.3657, 4.5134, 1.3897,-1.0262,-4.4843,-4.5343,-4.3617,-0.8444,-1.0592, 0.0808, 3.4128, 3.8239,-1.2636,-0.6222,-2.4967, 1.6730, 0.0091,-4.7518,-0.9555, 1.4052,-3.4800,-0.0721, 3.0630, 2.0292, 3.4822,-0.0640, 2.3972, 3.2823, 3.0945, 0.8495,-0.6285,-4.7907, 4.3401,-1.4835,-3.1237,-2.4276,-3.6866, 1.3881,-1.4918,-4.8990, 0.2087, 3.2493,-0.7003, 1.9278, 1.4369, 0.9324, 0.5739, 2.8324,-4.0454, 3.3060,-3.1419,-2.6298, 2.2187, 4.4688,-1.8701,-2.1540,-2.8393, 3.5188,-3.4834,-4.1810,-0.9762, 0.2962,-0.4987,-4.1195, 0.8658
-4.1465,-0.3198,-0.3303,-1.0869, 2.6553,-3.6534, 3.7082,-3.5649, 4.3405,-1.6205, 3.7424, 1.4766,-0.4677, 0.0776, 1.1903,-0.1247, 0.4671, 0.0667, 4.6817, 3.4229,-4.0130, 2.7973, 2.2076, 4.3324, 1.6714, 1.2994, 2.1092,-1.3306, 1.6590, 1.9596, 2.1551, 0.3305,-1.3292, 1.6523,-1.9722, 4.4445, 2.9372,-0.5572,-3.0082,-2.2873, 2.0293, 0.7040, 1.0091,-2.7930, 3.4807,-2.0586, 0.3506, 0.7533, 2.9727,-4.3502, 4.1859,-0.5152,-2.3359, 1.1686, 1.6407, 3.5117, 0.5058, 2.3508, 3.1962,-3.1335, 2.5446, 1.3170,-0.9437, 4.3137,-4.5717,-2.1551,-3.1078, 2.9034, 4.1693, 4.9508
 0.1192, 1.7244,-1.1399, 4.4676, 0.3731,-0.5763,-1.0701, 4.8000, 2.5029,-1.4663,-1.7285, 0.9430, 0.6762, 4.8777,-2.1882,-1.7165,-2.2505,-4.5607,-2.5026,-0.3423,-3.5439,-0.0268, 1.2089,-4.4511,-3.5297, 3.8683,-0.1272, 1.9828,-1.3817,-2.9255, 4.8172,-3.4737, 2.1946,-3.0573,-4.9764, 3.6342, 4.2165,-0.3588,-1.4750, 3.8821,-1.3925, 3.4846,-4.7022,-0.4723, 4.6532, 3.7481,-4.7828,-2.2256, 2.4253, 1.6555,-4.7894,-4.6073,-0.1269,-3.3895,-3.3032, 2.8009,-1.0274,-3.5265, 4.8144,-4.0624, 0.9300, 3.2398,-4.7467,-3.0699, 1.8873, 1.8221,-1.4590,-0.6613, 4.3176, 1.8446
 3.5659,-0.9942,-2.8048,-4.7068, 2.0620,-0.7721,-0.1073, 3.8016,-4.5046, 1.4253,-3.6768, 3.6806,-1.9597,-3.7885, 2.2564,-2.9318, 4.4302, 1.3635,-1.4184,-3.8293,-1.0998, 2.5117, 0.3288,-4.4570,-0.3885,-4.1031, 3.2081, 1.0781, 4.1088, 2.7635, 0.7301, 4.7342,-2.1454,-1.9774,-4.6863,-1.4381,-0.7723,-3.2272, 0.3951,-2.6270, 1.4578,-4.6042,-2.4430, 3.4864, 1.5344,-3.1644,-2.8412, 2.4027, 4.8094,-0.3366,-1.4028, 1.5521, 3.5035,-0.5218,-0.9353,-0.0994,-0.2867,-1.7124,-2.8661, 2.6326,-1.9383, 2.1955, 1.1475, 3.1551, 2.5819,-4.3039,-0.9499, 1.5419,-3.5598, 1.4299
-3.0697,-4.0917,-2.6529,-0.0871, 3.3595,-2.8951,-0.2659,-2.3491, 4.1121,-0.3106,-0.5026, 4.8943,-3.7495,-4.7576,-3.1177, 2.9406,-4.7150,-4.3237,-4.7605,-4.4644,-4.5106, 2.1874, 1.4735, 4.7171,-2.7927,-3.4174,-1.4901,-3.1103, 0.7041, 4.4356, 0.4472,-0.8763,-2.9271, 1.8400,-2.8843,-4.6630, 2.0234,-1.6556, 2.4531,-0.2500, 3.1414,-4.9927, 0.3310,-4.6598, 3.0710, 0.4210, 3.9106,-1.7954,-2.2056, 3.7054, 2.8710, 2.2467,-1.0862,-3.8922,-1.0833,-2.7075,-0.0400,-0.3357,-2.3477, 1.4370, 3.3954, 0.6643, 4.5562, 3.8933,-0.7873,-1.4228, 1.4213, 1.4806, 2.1155,-2.3913
 3.5331, 0.6392, 4.6737,-0.6587, 2.8758, 3.7193, 0.0662, 2.4370,-3.1734,-0.2434, 0.1293, 1.2519, 0.7373,-0.6739, 3.9114,-3.8818, 0.8413,-2.1974,-2.8926, 4.4342,-4.6826, 3.1850, 4.7433, 1.8734, 2.7514, 2.2722,-4.5489, 2.3791,-0.7335,-0.4284,-2.7814,-0.7426, 1.0660,-0.8985,-0.6635,-0.8140,-3.1292, 0.0498,-3.8801, 0.5932, 3.4883,-4.4628,-1.8645, 1.5125, 0.2293,-2.8302,-2.3466,-4.9374, 4.7949, 3.3216,-3.9012,-1.9366, 4.5718,-3.3929, 3.9779, 2.0465, 3.6923,-4.5430, 2.8731,-3.2555,-2.6308, 0.7679,-1.4069,-3.0679, 2.6424,-2.5421,-2.1720,-4.8445, 3.2925, 2.1088
 3.7261, 3.2444,-2.7290,-1.9541,-0.0795,-3.8075, 3.9913,-1.4045,-3.7024, 2.9315, 2.5259, 1.0904,-2.0396,-0.2297, 2.9248, 4.6660, 3.1390,-0.1555, 3.1881,-4.3632,-2.4393,-0.8832,-0.1921, 1.8984, 2.0912, 2.0444,-0.6834, 2.3615, 1.7773, 2.5642, 4.9073,-3.1726, 1.9160, 1.7501, 3.6133, 2.3864, 1.1910, 4.5472,-3.1740, 1.2157, 0.9280, 3.3774, 2.5194, 0.6700,-1.9291,-0.9010, 4.7146, 1.0641, 1.7725, 2.9739,-3.8101, 2.2695, 1.7096,-3.5543, 0.0073,-2.4078,-3.7178,-4.6915,-0.3841, 4.4169,-4.1128,-0.8701,-1.8413, 1.6728,-3.2819,-2.3753,-2.4481, 0.8093, 1.6578,-4.4570
 3.7108,-1.8697,-0.3063, 4.4513,-0.8206, 1.6910, 3.1307, 0.7052, 3.4742,-0.4565,-3.8576, 0.0995,-3.1900, 2.1484, 1.7177, 0.9630, 0.3526,-1.3923,-0.0722, 0.6699, 4.8173,-4.7571, 3.5868, 3.6471, 4.2206, 3.5022, 1.1667, 0.5423, 2.8902, 3.2919, 2.8291,-2.1281,-1.1314,-3.7511, 3.6256, 3.3051, 0.0100,-0.0205,-1.3363,-4.0356, 0.9551,-4.1342,-3.4630,-3.2152,-0.6126,-2.9716, 0.6835, 4.9722, 1.9134, 1.2331,-2.1984, 4.1741,-2.3521, 2.2922,-3.0035, 1.1245,-4.5623,-1.4464,-4.4888,-3.1848,-1.5526,-0.5158, 1.1218,-1.6276, 0.0913,-1.9746,-4.4548, 4.2825,-0.5539,-2.4394
 2.8246,-4.8902, 4.2271,-3.0791,-4.6465, 4.9910,-3.6762, 4.7201,-3.3629, 3.0604,-4.1596, 0.4145,-1.2180,-1.2546,-0.2355,-0.7164, 2.1551, 2.7785, 3.0620, 3.0069,-1.5550, 0.5338, 0.1408, 0.4964,-0.7413,-2.6020,-2.4838, 3.4296,-3.1672,-3.3524,-4.8317,-4.2562, 4.8809, 3.0935, 2.7699,-4.2184, 1.9641,-0.7180, 3.6704, 0.7855, 1.4151,-3.2291,-1.2559,-1.6386, 1.6080, 4.8061,-2.6964, 1.0273, 4.0860, 3.3333, 1.6909,-0.4206,-1.5652, 2.1156, 3.3418, 2.0649, 3.1049,-2.0544,-1.6423,-0.9690,-1.9232, 2.4562, 0.1724, 0.3654,-2.6211,-2.6223,-3.0838,-2.5833,-3.6971, 3.7327
 4.8816,-3.0464, 1.5860,-2.6209,-2.5647, 3.3275,-2.6336, 1.2164,-0.1273, 3.0180,-4.8651,-2.7973,-0.9692, 0.1814,-2.9203,-0.0757,-3.3608,-4.9944, 4.0426, 4.4874, 0.7425,-4.5889, 0.6828,-3.8030, 0.8989, 0.0872, 1.5377, 0.0151,-2.1586, 2.4282,-1.2324,-3.1371,-2.1105, 3.2020,-1.9536,-3.0509, 1.3829, 1.4368, 1.1817,-3.7567,-0.0018,-1.7841, 4.7492, 0.6330,-3.6110,-1.0730,-3.5099,-2.8142,-1.0479, 4.8938, 0.0980, 0.7444,-2.5801,-4.4554, 0.5867, 2.5262,-3.4879,-4.7997,-4.3190, 2.8482, 0.8103,-3.3861, 4.8736, 2.9139, 0.1260, 3.6460, 3.9220,-1.7077,-4.8102,-3.9688
-2.6733,-0.6121, 1.5324,-2.1482, 2.9740,-4.9186, 1.1381,-0.0339, 2.3984,-0.7058, 0.7674,-4.8797,-3.2758,-0.2861, 4.8594,-1.2085, 4.0532,-3.6790, 2.6062,-1.9441,-1.0470,-2.7721,-3.1945, 4.0323,-3.9175,-3.8533,-1.6109,-0.3165, 1.3753, 3.9719, 4.9686,-1.9433,-2.2374,-2.6077, 0.5252, 2.0691,-0.5380, 3.4464,-0.6618, 2.2596, 3.1463,-2.0247,-4.8886,-0.0562,-4.2418, 3.1502, 4.0053, 3.0260, 1.2065, 4.5421,-3.5425, 2.2349,-2.3858,-4.7344, 3.4497, 3.4088, 0.2776,-4.6651, 2.8254, 2.7796,-2.0072, 1.6440,-0.7076,-1.8883, 1.5848,-3.0067,-3.8212,-4.7079,-4.9912,-0.4607
 2.1905, 2.4332, 1.7725,-3.6035,-4.0550, 1.3283, 0.7312,-3.3238,-2.7466, 0.9084, 0.9784, 3.1557,-1.4059,-0.3715,-2.9244, 2.6149, 2.0175,-3.8624, 3.5863,-0.0953,-3.3918,-3.3036, 2.0860,-4.2594,-1.6945, 0.8010, 2.6596, 3.9307, 4.1748, 4.3966, 0.5751,-4.9406, 1.8862,-0.8067,-2.8213, 4.5507, 2.7627,-0.4789,-0.8051, 1.3417, 1.3529, 0.0345, 1.2378, 0.5937, 3.8140,-2.3464, 0.4279,-2.2131, 1.7512,-1.2588,-1.0166,-2.4954,-4.3403, 3.6751, 3.6454, 2.5490,-3.7005, 2.7894, 4.1133, 3.5928,-3.4637, 2.8755, 3.9702, 0.6988, 1.6103, 4.0554,-4.7039, 4.1014, 3.2490, 3.8510
 0.7713,-2.7251,-0.8170, 3.8259, 4.9762, 2.6953, 1.6215,-1.3841, 1.1353,-1.4090, 0.3782,-3.4882, 3.2427,-0.1990, 1.4761, 0.5051,-0.4254, 4.0972,-2.9825, 1.8203, 4.7778,-2.3412,-4.9148,-0.1472, 4.9589, 2.4555, 0.1744, 1.3268, 4.2678,-3.1188, 4.7387,-2.4329, 0.5296,-4.6183, 1.7809,-1.1548, 2.5356,-3.3815,-0.3000,-0.6356,-1.3194,-4.8791, 1.7377, 2.4089,-3.2252, 3.9082, 0.1336, 1.3186,-4.8109,-1.0412,-4.1574,-4.7138, 1.4672,-1.9984, 2.3198, 0.0566,-0.5950, 0.8565,-3.2322, 3.2840, 1.2103,-1.8326,-3.4526, 2.9943,-3.1634,-0.0340, 3.3255, 4.3915, 1.1529, 4.9759
 3.5676, 0.1094, 2.7032, 1.9733, 4.5197, 3.8219, 3.0444, 1.0914,-0.8275, 3.6527, 4.1973, 2.9592,-3.3221, 3.8824, 3.4016,-2.4200,-0.9290, 3.2326, 4.3484, 0.7759,-2.6912,-0.8250,-3.7491, 4.5545,-4.3257, 4.7835, 4.8951,-0.5488, 0.9592, 0.5396, 3.3105, 3.2375,-2.9132,-3.4744,-4.5637, 0.4357,-3.7602,-1.5459,-2.6889,-1.7538,-0.5828,-2.1696, 0.3702,-3.6472,-3.7924, 1.9247,-3.9562,-1.3567, 2.6416,-4.4246, 4.9428,-2.6682, 2.6242, 4.0032,-2.4750,-4.7008,-0.1015,-1.9911,-3.1911, 3.0011,-4.1402, 2.4866, 0.2508,-0.8366,-0.6004,-4.7196, 4.7188,-3.9234,-1.9600,-0.0453
-3.5072, 3.6614, 2.5271, 2.4174,-0.8481,-3.4517,-0.0030,-0.1936, 0.2462,-0.3782,-4.5555,-4.4024,-2.7881, 0.0084,-4.5938, 1.8492, 1.9013, 3.6020, 4.8219,-3.3278,-4.6277,-0.7599,-0.8042,-3.7843, 4.7447,-4.9445, 0.8627,-4.7898, 0.0227, 1.9835, 1.2312,-1.2004,-0.3439, 3.8581, 2.4841,-0.8834,-4.1790,-4.9030,-4.2707,-1.3333, 0.1022, 3.4840,-0.9894, 4.9627, 1.3722,-4.3072,-1.4061,-2.4633,-2.4387,-1.7859,-3.0455, 4.0209, 4.1687, 2.9196, 3.1715, 4.7521, 0.0802,-0.6195,-4.7074, 0.0982,-0.2156,-4.6695,-4.2744, 4.9982,-0.6775,-4.3033,-0.5102,-0.0689,-1.9802,-2.2122
-4.9898,-4.9281,-1.9344,-4.2556, 0.3416, 3.3427,-0.8202,-1.5126, 0.2958,-0.7681,-2.4913, 0.9742, 2.9690, 4.4463,-0.4853,-3.9345,-0.7431, 3.1701, 0.9917, 0.5091, 0.5699, 0.5887, 4.8552, 3.1754,-3.7978, 2.5032,-3.8295,-2.9107,-4.8761, 2.3726,-4.5276, 3.0618, 1.1922, 2.7335, 3.2111, 1.3785, 0.0796, 3.2368,-0.0070, 4.6266, 4.6683,-2.0643,-3.5474,-4.4912,-3.4903, 1.2433, 1.9775,-0.7714,-3.8667,-1.0147,-1.2314, 1.5266,-1.8051, 3.4005, 3.9714, 4.5513,-4.4372,-0.1885,-3.9249, 1.3584,-4.3458, 2.8199, 3.1187, 2.7170,-2.9684, 3.0223, 0.3658,-4.9391,-4.7688,-2.3776
 1.3350,-2.1676,-1.4457,-0.8810, 4.0801, 0.0605, 3.6471, 4.2585, 3.3394, 0.5923,-2.4039, 1.4217, 2.8224,-4.8737,-0.3416,-4.6805, 0.7959, 2.5487, 4.3960, 0.6476,-3.5574, 3.0917,-2.5676, 4.3655,-4.5411, 0.3878,-1.1147, 4.4499, 3.7824, 4.7444, 4.1621,-3.4916, 4.7111, 3.7958, 2.3854, 1.2791, 3.1956,-3.4881, 2.6766,-2.3529, 3.8442,-3.9202, 3.6261,-4.8024, 4.6791,-4.1848, 3.8083,-1.3576,-3.0311,-3.7567, 0.5653,-1.2111,-2.2701, 4.9349, 0.6461, 3.0284,-4.6676,-3.5469, 1.5307, 2.5942, 4.9128, 0.9752,-4.6736, 2.7003,-4.3418,-3.3885,-2.4026, 2.8762, 3.1864,-1.9716
 3.8923,-3.4478,-3.5184,-0.8056,-2.6494,-1.8811,-0.8470,-4.0881, 0.9232,-1.1889, 3.6175, 4.1534, 4.8768, 2.6887,-3.2317,-3.1508,-3.8341, 4.9899, 1.9230, 1.7586,-4.8294,-1.6289,-3.4435,-0.4514, 3.9831,-1.3079,-2.9057,-2.1978, 0.7415, 1.3965, 3.9700, 2.2321,-0.2852, 4.2552, 2.3840, 1.5962, 1.7490,-1.9734, 3.5546,-3.2298, 3.2292, 3.4922, 2.4170, 2.9963,-2.9457,-0.4170, 4.0875, 0.7707,-1.5925,-2.0653, 2.8841,-1.7116, 4.8825,-3.1367,-2.9879,-4.0142,-1.1404,-4.9072,-1.7685,-4.1968, 4.2069,-4.1069,-0.8933, 4.5774,-0.0159,-4.6948, 4.9145,-1.9332, 4.1106, 1.5620
 2.0511,-2.1067, 1.6118,-0.7672, 2.1320,-4.2896, 2.6428, 4.9137, 3.0764,-2.0326,-1.8949,-2.8639,-4.7688, 1.7582,-4.0755,-3.2452, 3.4126,-1.5298,-3.0730,-4.5826,-1.7314,-3.5736, 2.8999, 3.4462, 2.2939, 0.6960,-2.4882,-4.0184,-3.4766, 3.0070,-3.5626, 3.1477,-3.5566,-0.9915, 2.2067, 4.7001, 1.7975,-1.5211,-2.3461, 2.5017,-1.4933,-3.6995,-1.9894,-4.5424, 0.1560, 2.9839,-3.2719, 4.9149,-3.7870, 0.7389, 3.2789, 4.2341, 3.1419,-3.3417, 4.7940,-1.4141, 4.2885,-3.2770, 0.8927,-1.5410,-0.0468, 0.1196, 2.8304,-1.1513, 0.1183,-2.2740,-0.5463, 1.2419,-4.4863, 1.5340
 1.6671,-1.3178, 1.2264,-0.2040,-1.5775,-1.8309, 2.9652, 3.9818, 0.5382,-1.6075, 4.6321, 0.8370,-4.1745,-4.6330,-1.7928, 3.6136,-1.3356, 1.9637,-4.1768,-1.9946,-1.2264, 4.7387,-3.0486,-3.1631, 1.6506,-1.5640,-4.7361,-2.3975, 2.7290, 2.2460,-2.4528,-0.1200,-3.5190, 4.5061,-1.4642, 3.4458, 1.1061,-1.2559,-4.1514, 0.2647,-4.7321,-2.9972, 3.9272,-2.3436, 1.5223, 3.4160,-3.7136, 1.8893, 1.7046, 3.1664, 3.2731, 2.2453, 3.3965,-2.5931,-2.9582, 0.0075, 4.7594, 3.8708,-2.4590,-3.0059,-1.7723, 0.2122,-4.0910,-4.1588, 0.5177, 2.9937, 3.6529, 2.1306,-4.2517, 4.3155
-0.3386, 0.0293, 1.2833,-2.4518, 3.8423, 4.3451,-1.9325,-2.8359, 0.3697,-3.3984, 3.4461, 1.5876, 2.1154,-4.6155,-2.8494,-0.0790, 3.3339,-3.4089,-4.3480,-0.2984, 2.4060, 3.5972, 0.8428, 1.8919,-4.6939, 4.8401, 3.1264, 4.6664,-2.1278, 0.9148,-0.8704,-0.0010, 2.0991, 1.0912, 3.9894, 1.1720, 3.9299, 2.1637, 2.4506, 2.8966,-0.3677,-0.8313, 0.3055,-0.5507,-2.2874,-2.7759,-2.6144,-3.6996,-0.8529, 3.3671, 3.5996,-2.4102,-4.7438,-3.9945, 1.1597,-2.2760,-4.4106, 0.5669, 0.1234,-3.3301, 3.3823, 4.4513, 4.9050, 4.1313,-3.1891, 1.4623, 4.5139, 1.7481,-3.3157,-2.5525
 2.0857,-0.7374, 3.5435, 0.6555, 4.6077, 0.1455,-2.9291,-0.3147, 4.4325, 2.8852,-1.8705,-4.0222, 2.5335,-1.1403, 4.9144,-4.7152, 1.1465,-2.0200, 3.5666,-2.2817, 3.7786,-0.7919,-1.7155, 0.5762, 4.6025,-1.0853, 1.4805, 1.0468, 1.8184,-0.3042,-4.1843, 0.1067, 4.1832, 2.7860, 2.4849, 1.4649,-1.7225, 1.8458, 4.0426,-3.3740, 4.0077, 1.2760, 1.5752,-2.5446, 1.0365,-1.6244, 2.1496,-1.2734,-1.1782, 4.2461, 1.3130, 4.0029, 1.8903,-1.3563, 2.4027, 0.7915,-4.4164, 0.7690, 3.8232, 1.0735, 2.4434, 0.6378, 2.3762,-3.8155,-3.6376, 2.3845,-0.0481,-1.8869, 0.9053, 1.2621
-3.3903,-2.5777,-1.2209, 0.2504, 2.2505,-0.4475, 1.8683,-4.9811,-0.4675,-4.0604, 0.7249, 3.0149,-4.0305,-0.0682, 0.4726,-4.9151, 4.2628,-0.2191, 3.8591,-0.6796,-0.0112,-2.5922, 2.8454,-2.3308,-4.8044, 0.0791, 0.4380,-4.2636,-3.1308,-0.4763,-1.1039, 4.9361,-1.1834,-3.8779,-4.1289, 0.4598, 0.6876, 4.9615, 0.6647,-0.3722,-1.8557, 1.1734, 4.6078, 0.9484,-4.9460, 4.3421, 0.9360, 2.8067, 0.0133,-0.0712, 0.9621, 2.9912, 0.8464,-0.3698,-4.5928,-1.8708, 4.5066, 3.4096, 2.2401, 4.8310,-4.1500, 2.7564, 0.9416, 0.9431, 2.7767,-0.1561, 1.6122,-2.9319,-1.7938, 4.1383
 1.0752, 3.2983, 4.8133,-1.3593,-1.5361,-3.0228,-2.9931,-0.1622,-3.3475,-2.3056,-4.4288, 1.1947,-3.3304,-4.8260, 0.8331, 0.3325,-3.7858, 4.9215, 0.8816,-1.2737, 4.9384, 3.5508,-4.1071, 4.4957,-1.3426, 0.3379, 2.5600, 2.7230, 2.5201, 1.6450, 1.2493, 1.4605,-2.3464, 1.5277, 3.0956, 3.7395, 0.1935, 2.9553, 1.2504, 4.7326, 3.1984,-2.8422, 1.2932,-4.1080,-2.6533, 4.9064, 2.6147,-3.3604, 1.3946, 2.4093, 3.3113,-0.9105,-4.7629, 3.7744, 3.9707, 0.0408,-0.1438, 3.0011,-2.8252,-3.4609,-1.2782,-2.3641, 4.3795, 3.6305, 0.7635,-3.0974, 4.0604,-1.8623,-4.2367, 3.4176
 3.3058, 0.4421, 4.5725, 4.2568, 3.8860,-4.9015,-4.6867,-3.7186, 0.2669,-0.9353,-0.5334, 2.1248,-1.3685, 0.8715,-1.9330,-2.2220,-3.7632,-3.6415,-4.3949,-0.7298,-1.8469,-2.7677, 4.1496, 0.7053, 2.1515, 1.9089,-4.3748,-0.3059, 1.6389, 3.3229,-0.5204, 3.4704, 0.8572, 4.7580,-2.3304, 3.0700, 0.5639,-2.6868,-3.5085,-3.0369, 1.6875, 3.1767, 2.8895, 3.2794,-4.6251,-4.3828, 4.5609,-1.8839,-3.0612, 4.0093,-3.1357, 1.4507,-4.8502,-4.4790, 4.8061, 2.2374,-2.9681, 1.3680,-4.7504,-4.0913,-1.5958, 3.7877,-4.3822,-1.0701, 0.0726,-3.4159,-0.8935, 0.1126,-1.7839, 1.4819
 2.9868, 1.0207,-0.0588,-1.3930, 4.1674, 1.1790, 1.0829, 1.3917, 2.7382, 3.5231, 3.8773,-0.1589, 1.4204,-3.3310,-3.4449, 3.6819, 3.4447,-4.5969, 0.9159,-1.0001,-0.8104, 0.8967, 2.2386, 4.7758, 1.1621, 1.2832, 3.5400,-4.9328, 3.2876, 1.9342, 3.5392, 1.8966,-2.7068, 1.3142, 3.8126,-3.3460,-3.5005,-1.1836, 0.6737,-3.7318,-0.7318, 1.9077, 2.6337,-2.5946, 1.9733,-4.1294, 4.1802, 4.6042,-1.2659,-1.7834,-4.1853,-1.2170,-2.8764, 3.8386, 1.9189,-1.0531, 0.9487,-4.5358, 2.4397,-3.0637,-4.5438, 2.5995, 0.9175, 3.8156, 2.5164, 3.4246, 1.3540,-3.4101,-3.2882,-0.9068
-0.5255,-3.9253,-2.5895, 0.4203,-3.4722,-0.3025, 0.2389,-4.5926,-1.3983, 3.9852,-1.0285, 1.8698, 3.0264,-4.7480, 0.1600, 2.9288, 0.1894, 0.1922,-3.2673,-4.3030, 3.4855,-2.1045, 1.6981, 2.9987,-2.9697,-4.1880, 1.2847,-4.8408,-4.7081,-2.5667,-3.9286, 1.2207, 3.2570, 3.7846, 3.7333,-3.1132,-1.3651,-4.5957, 0.7912, 2.5755,-0.3773,-2.6057, 2.0636, 1.0087, 3.5663,-4.0887, 2.6607,-4.7860,-3.5337, 1.6815, 0.1361, 1.9587,-0.7380, 1.4899, 2.3539, 3.4228, 0.1578, 2.9361, 4.0877,-4.0534,-2.7632, 3.9872, 3.1523,-4.6819,-3.5437, 3.8929,-2.0124,-1.7598,-1.7803, 4.3427
 4.4904,-3.2229, 4.5182,-1.8343,-0.3778, 0.9089,-0.5324,-2.7778,-4.3241, 0.0826, 2.6916,-0.7209, 1.1817, 2.6100,-1.5764,-1.5206,-0.3191, 4.1714, 1.2201,-0.5217, 1.9641,-2.5152, 3.9516,-0.1676, 3.9175,-0.4141, 2.8506, 0.2510,-4.7375, 3.4624, 3.7550, 1.3619,-4.5504, 4.3929,-0.3382,-3.8642, 0.2261, 2.2768, 0.9266,-4.8656,-4.6767,-2.2522, 3.5176,-4.5670, 3.5535, 3.3602,-0.3457, 0.5047, 0.0888,-0.5252, 1.2994, 1.6040,-1.2649,-0.5990,-4.5378, 0.7785, 3.6593, 2.7746, 0.2422, 3.7885, 0.8134,-2.9181, 1.9873,-4.9339, 0.0025,-1.6679,-3.3923,-3.2739,-3.2544,-3.7687
-3.4380,-3.4074,-3.4639, 3.9536, 0.1368,-2.6283, 0.5696,-1.9592,-0.1691,-3.0658,-3.8041, 4.6232, 1.2730, 2.2744,-3.7027,-0.6413,-4.1994,-1.7540,-1.2921, 4.9832,-4.1093,-2.8125,-4.3109,-4.0052,-2.6645, 3.3662,-0.6973,-2.4107, 2.0987,-1.6181, 2.6960, 3.1942,-2.7667,-3.4574,-2.5270,-3.3757,-2.7640, 1.1422,-3.5805, 3.4411, 1.5586,-3.7625,-0.9778, 1.5341, 1.3339,-4.5662,-2.3361,-0.0767,-1.1949,-2.2576, 4.6482, 3.6641, 4.0938,-1.3592,-2.2415, 3.2935, 1.4094,-2.8188, 4.1753, 0.7637,-0.2716, 1.5352, 0.7656, 3.5579,-0.5472,-2.1119, 2.6903,-1.8304,-1.9531, 1.7241
-3.5813, 1.3947, 0.6787,-2.2335,-2.7216, 3.8848,-2.4536, 3.6127,-3.6638, 2.2478, 0.8629, 4.3683,-1.8165,-4.6721, 4.7883,-1.1022, 3.5626,-0.7885,-1.6782, 2.5257,-2.1796,-3.4479, 3.0664,-2.9296, 0.2654,-4.2976,-1.5239,-0.6622, 4.3548, 4.2793,-1.5588,-2.0475,-2.2898,-2.0724, 2.7477, 4.5861, 0.5500, 3.8578,-4.7641, 1.3607,-3.4511,-4.7787, 2.1111, 1.7226,-1.9366, 0.9584, 3.9536,-2.8630,-4.0608, 4.3769,-2.0282,-2.4739,-1.3857, 2.7916,-4.6509,-1.8461, 0.9637,-2.1735,-0.2492, 3.8233, 4.1915,-0.0413,-4.3745,-0.3199,-3.4056,-4.7306,-4.3026, 4.6342, 3.2878, 2.3779
 1.3599, 0.3152,-1.4292,-1.7958, 2.4038,-4.5883,-3.5889,-2.4751, 0.1802, 1.0947,-0.3420, 1.7458,-4.9259,-2.7175,-3.6074, 3.5284, 4.8936,-1.2998, 2.0539, 0.1400, 3.1038, 2.5297, 4.7623, 3.2704,-3.6933,-3.2790,-3.1343, 3.6741, 4.6352, 4.7663,-2.2007,-3.7068, 4.8980, 0.0933,-0.9298,-0.8391, 1.2834,-3.3657,-0.6132, 1.5564, 4.8908,-4.9186,-2.2616, 3.3040,-0.7110, 0.2989, 2.5074,-1.1544, 4.0872,-0.9774, 1.9169, 4.7148, 4.7251, 0.6818, 3.0335, 4.9685, 1.6323,-0.9091,-3.9948, 2.8211, 0.7782, 0.9195, 2.6002, 2.1386,-4.2524, 0.9429, 2.4506, 2.4953,-3.1890,-4.9389
-0.1133, 0.4745, 3.1265, 2.3881,-2.6964,-3.9480,-0.3854, 3.6742,-3.5634, 0.3577, 3.9077, 1.6733, 1.4345,-2.4353,-2.6491,-4.4291, 1.2177, 0.9158,-0.1114, 4.1412,-0.0875,-0.7790,-2.8330,-0.0476,-3.2839, 2.6146, 4.7403, 3.2192, 4.2402,-3.4875,-1.8933,-0.1855,-4.9331,-2.8142,-3.0231, 0.5656,-1.9582, 0.2171, 1.0834, 2.0813,-1.6106, 3.9003, 4.3071,-4.1849,-4.8755, 4.8445, 4.6490, 4.1400,-3.0409,-3.2529, 0.4444, 4.1552, 1.8476, 1.2282, 3.2237, 4.3312,-2.7946, 4.0152,-3.2244,-4.9264,-0.2668, 3.4506,-2.6393, 4.2439,-0.8147,-1.3130, 0.5764, 2.7420, 4.1630,-2.6473
 1.3165, 0.0512,-4.5684,-3.7633, 3.9919,-4.6402, 3.3712,-4.7563, 0.8058,-2.5272, 3.7362,-0.6477,-1.3711,-2.5246,-3.4251,-4.5090, 0.1432, 2.9462,-0.6772,-4.5246, 3.9926,-3.5621, 4.5624,-4.7073, 2.3098,-0.8290, 2.0281,-3.0925,-3.3063, 4.6531, 2.0973, 2.4820, 2.9739, 2.4211, 3.3179,-4.0639, 2.4683,-0.7903,-1.6599,-4.2092, 0.1755, 3.4526,-1.9155, 4.4750,-1.5502, 0.4332,-4.5023, 4.4509, 4.6015,-4.1415,-1.6105, 0.0950,-4.8843, 1.3925, 1.9257, 1.0547, 1.7400, 0.9843,-0.5718, 0.2869, 1.8100,-0.6767,-1.3231, 3.8474,-4.1517, 2.0080,-0.3467,-4.8738, 0.2893, 2.9791
 4.2460,-2.7715,-4.5428, 3.7301, 1.3572,-1.8848,-1.7116, 3.1669, 3.4764, 1.1990, 1.9476, 2.9147, 1.9756,-2.1571, 3.8114,-4.2548,-1.0855,-2.3858,-3.8116, 4.7817,-1.4786, 3.8886, 3.9925, 2.1250, 2.6270,-0.1159, 0.5113, 4.3213, 1.8054,-4.3534, 4.7340,-2.4914, 3.8165, 0.2449,-2.3866, 2.9460, 4.7132,-2.8171,-1.6095,-0.8074, 1.1395, 2.3672, 0.7718,-1.3095, 3.2375,-3.8348,-1.0207,-2.8763,-2.4889,-3.9131,-4.3653, 0.3855,-0.4499,-0.8038,-2.3215,-0.0446, 0.5601, 4.0255,-2.5496, 1.9503,-3.5317, 3.2564,-3.1530,-0.2578,-4.2299, 2.7792, 4.9615, 4.2228,-3.1886, 1.6492
-2.4444,-0.7421, 4.2166,-4.7216,-4.1024, 3.2502,-2.1362, 3.0824, 3.6953,-1.6710, 0.6324, 1.2950, 1.7703,-0.5442,-3.7417,-2.6496,-3.7896, 0.6696, 2.8707, 3.3839, 2.9118,-2.3140,-1.1324, 3.8871,-2.5990,-2.7531,-2.6467,-4.2406, 2.0934,-4.0045, 1.5023, 2.3444,-0.7544, 3.4350, 4.1453, 3.1126, 0.5014,-3.6794,-3.2014,-4.7154,-2.6372, 4.8695,-4.2608, 2.9778,-3.6740, 0.7346,-2.2342, 2.5296, 3.5009,-4.7192, 3.4227, 0.2744, 3.6819,-4.0594, 1.5944, 2.9475, 0.3418,-3.1468, 4.3361,-0.3261,-0.3553,-2.6793, 0.6611, 1.3524,-0.9231, 1.0951,-1.4913,-4.3356,-4.1429, 0.5043
-3.7190,-0.2983, 4.4825, 2.6646,-1.9567,-4.4552, 1.9591,-3.0877,-4.5434, 1.3756, 2.5240, 1.2427,-1.3864, 1.5791, 1.5222, 1.0315,-4.4051, 2.2502,-4.1345, 2.8597, 0.6884,-3.6741,-3.6790,-3.5201,-0.5729, 0.3157,-0.1383, 1.9041,-0.1722,-1.7093,-2.9225, 3.8541, 1.1126,-4.0984,-4.8044,-1.3544,-2.0539, 2.1664, 1.2507, 4.8044,-3.5666, 1.3577, 4.4261, 1.2502, 2.9861, 2.4187, 3.4548, 3.1555,-1.8268,-2.7232, 2.6725,-2.7595,-3.7889,-3.8117,-1.7568,-4.7781, 0.1052, 3.7288,-3.9078,-3.7905,-0.7874,-1.7431, 2.2385,-3.6640,-4.1595,-3.2996,-0.0479,-2.7423, 2.4734, 3.2242
 2.0686, 0.2211,-1.1741, 2.0156, 1.8381, 3.8072, 1.3759, 3.7106,-2.5482,-2.0757,-1.8772, 1.3718, 0.7855, 3.9064, 4.0966,-2.1884, 1.8954, 4.7035, 0.8710, 2.7404, 4.9314, 3.9296, 3.0645,-2.7917,-3.1792,-0.1629, 4.4030,-2.8561,-4.8038, 3.2506,-4.0496, 2.3341, 2.3000,-3.4679, 4.9208, 3.2994, 3.6782, 0.1442,-1.8391,-0.3996, 4.6921, 4.4549,-2.8096, 1.4061, 4.6400,-1.5952, 4.0261, 2.7654, 4.4312, 0.6204, 0.3694, 1.5954,-2.5153,-3.8524, 3.0762, 2.0634,-2.4059, 3.1679,-1.5192,-2.4814,-3.0001,-4.8161,-3.1501, 2.4705, 2.3575, 2.3841, 4.5296,-1.7939, 2.4171, 1.6364
-1.5620, 2.7020,-3.6985,-0.6185,-4.4919, 4.0133,-3.0280,-4.4058,-3.3740,-2.1895,-0.5051, 2.9939,-2.2087, 0.7323,-3.4225, 2.5751,-1.9632,-2.4384,-0.3574, 1.1591,-2.1490,-0.6499,-3.0931, 4.9416,-4.5164,-2.5522, 1.9295,-3.9604, 1.1147, 4.3460, 2.6053, 3.6814, 1.7453,-4.7234,-1.8042,-2.3786, 1.2587,-0.3001, 2.3238, 4.8125,-0.2929, 1.1775, 4.0639,-0.3534,-1.5991,-4.2606, 1.6240, 1.1921,-3.8963,-4.8912,-0.0660, 1.3895,-1.5129, 3.9975,-3.0195, 0.4124, 4.1339, 0.5779, 2.6346,-2.0865,-1.8996,-3.8650,-3.5694,-1.1392,-2.4662,-1.9795,-0.4116,-2.6320, 0.4808, 1.0372
-0.0545,-2.7436, 2.6018,-3.8361,-0.2732,-2.6405, 2.4596,-1.7288,-2.5459, 1.9255,-1.3103,-0.1726,-3.0675,-4.3756, 2.9507,-1.8577, 0.4629, 0.6506, 0.4917, 0.2313, 3.3264, 2.9427,-0.9532,-4.9591, 4.1570, 4.5135, 0.9487,-2.3927, 1.5984,-0.2188,-0.5899, 4.9975,-4.4603,-4.0124, 4.0703, 3.5361,-3.6826,-3.6059, 0.8003, 3.6113,-3.2265,-0.2566, 2.0589,-1.5054,-0.7119,-1.9887, 3.7013, 1.7615, 0.4435, 4.9406, 0.6626, 1.6652,-4.4803, 2.6293, 3.8139, 1.0041,-3.2157, 3.0941,-0.6796, 3.8201, 1.1546, 2.5359, 4.6147, 2.2481,-2.2555, 2.5953, 4.6609,-0.5865, 3.0594,-0.9053
-2.5241, 3.2979,-1.5962, 2.9778, 2.9899, 3.5577,-3.2941,-2.5913,-3.3520, 2.5015,-2.8784, 0.5225,-3.8996, 0.7419, 0.7791, 1.9872,-2.7934, 3.3840,-2.2760, 0.5513,-4.7869, 4.7784,-2.8792,-1.7095,-0.8082,-2.2159, 3.9861, 1.1448, 0.3497, 3.2424, 4.0030,-2.8435,-0.1873, 1.6664, 3.5119, 4.9886,-2.2248, 4.9075,-2.5371,-0.8713,-1.9352,-0.3765,-1.0031, 0.4381, 3.6247, 2.2085, 0.6932, 1.1210,-0.8453,-4.1744,-2.6277,-2.7991, 2.2707,-0.0923,-0.0228,-2.9093, 0.3020, 0.5355,-1.3832,-1.1196, 1.8210, 4.1232, 4.1204,-2.3725, 4.4847,-4.7029,-4.1887, 4.2201, 0.6661,-0.0132
 3.7787, 4.7656,-1.8182,-0.6872,-4.9795,-0.9824, 2.7969, 0.6349,-0.1498, 0.7335, 1.0540,-0.2930, 1.5768, 0.9301,-0.2161, 3.0996, 3.2230, 2.9434,-3.0753, 4.3195, 3.5287, 4.8777, 1.5012, 1.5617, 1.6081, 3.1356, 4.6920, 4.2371, 1.5217,-4.4998, 1.8526,-0.1558,-2.2999,-4.5085,-4.3212,-1.5596,-1.3163, 1.2099,-4.6376,-0.6096,-2.9520,-3.9802,-4.6117, 2.2942,-4.9038, 3.5282,-0.0129, 3.3186,-1.6999, 0.3309,-0.7231,-2.1287,-4.5838,-2.2016, 0.4477, 4.6524, 1.7494,-4.0598,-0.7498,-1.0558, 3.1974,-1.8256, 0.1943,-0.8132, 4.9854, 4.3422, 4.3548, 4.2322,-0.1444, 2.7490
 2.6699,-1.3163,-0.6758,-3.9858, 0.2269, 2.0444,-0.2966,-2.5132, 4.3320,-2.0740,-4.2730, 2.6439, 1.8016, 1.4952, 0.5373,-4.1630,-2.4470,-1.5134, 4.0716, 0.1422,-3.0352,-3.1315,-3.7701, 4.7080,-4.8137, 2.9572, 2.9503, 2.8313, 3.5447,-2.6379, 1.0025, 2.0541, 4.8021,-4.6011,-3.6995, 2.3388, 1.7785,-2.3427, 0.7633, 3.9781,-0.5053,-0.2024, 3.6367,-1.8512,-2.5676, 0.7747,-1.6298, 3.6525, 0.3971,-3.8357, 3.9236, 1.1039,-4.5603, 0.1038, 4.8713, 1.9966,-0.2474, 0.1355,-1.7509,-0.7493,-2.5555,-1.0369, 4.6542,-4.7738, 4.2690,-4.2173,-4.5236,-1.6057, 3.0685,-3.4581
-4.2018,-0.1043, 0.0265, 1.7896, 0.5565,-3.0382,-4.5461,-0.8070, 0.6404, 0.4403,-1.4937,-3.2136, 2.3762,-3.2663, 0.8659, 2.4575, 2.1325, 1.1399, 2.1866, 0.4181,-4.9665,-2.1542, 4.5725,-0.9710, 1.8790, 4.8293, 3.4102,-2.3016, 0.7075, 2.7836, 2.0850,-2.2920,-3.9130,-1.3785,-3.4723,-1.6803,-0.6246, 4.2041, 1.0644, 0.5183,-4.5667, 2.0739, 0.0639,-3.9067, 2.1125,-0.6487,-0.7644, 0.6767,-0.7668, 1.7715,-3.6319, 4.4310, 1.3229, 1.8411, 3.7886, 4.4974,-4.4916, 3.1546,-3.4206,-3.0796, 4.7073,-1.2715,-4.4094, 2.4775,-0.9356, 1.9766, 0.6845, 3.1184,-2.3425,-0.4462
 0.9374,-0.8691,-0.9229, 1.3720,-4.6479,-2.6052, 4.9993,-0.7069,-3.8926,-4.0950,-0.9293, 3.9963,-1.1046, 4.1682,-4.4866, 4.2645,-1.6403, 0.4275, 2.7824, 0.2548, 3.8083, 3.6769,-4.7824, 4.0058, 2.0891, 0.3002,-3.4661, 4.0603, 1.2267, 4.2225,-2.2325, 0.8639, 4.0583,-4.7512,-2.8536,-4.8185, 1.0488, 3.1731, 1.4168,-0.6191, 1.4434,-4.8364,-3.2686,-3.2833, 0.1186,-0.4761, 2.3552,-3.3613, 3.7976, 4.7319,-0.8342, 1.5622,-3.3277, 0.8306,-1.7247,-2.6689,-4.1327,-0.3764, 2.7755,-0.8618, 3.7696, 2.0799, 0.2739, 0.4131,-4.4202, 4.2409,-0.8119, 4.0548, 4.7917,-4.3745
-0.9574,-3.8335, 3.8481, 0.2481,-3.6519,-1.7097,-1.3236,-3.0110, 4.5723, 3.6480,-0.2611,-1.5621,-2.3900, 0.7524,-4.4332, 0.5893, 2.3574, 1.6545, 2.5325, 0.8785, 1.0215,-2.9593, 4.5534,-0.3933, 3.3749,-1.7740, 0.4412,-4.5100,-0.3405, 3.4246, 0.4493,-0.0494,-1.0412, 4.2166, 4.7689,-1.7152, 3.5695, 0.8367,-4.2504, 4.4095,-1.0744,-1.6352,-3.9286, 4.5292,-2.5486,-1.4030, 3.0654,-1.3994,-4.1413, 0.3766,-0.5260,-1.9256, 0.4385, 1.1743, 3.1447, 0.0963, 3.0496,-0.0762,-2.0827,-4.8449, 3.8528, 1.9006, 2.2808,-4.7276,-1.6516,-4.4634, 1.4914,-4.2310,-0.8264,-3.5253
 3.6034, 0.4367,-4.6081,-0.6473, 3.2200,-1.8253, 2.5125,-1.0274, 3.0282,-4.0425,-2.0094,-2.3846,-0.2560,-3.3544,-2.5097, 2.8140,-1.1078,-4.4186, 1.5268, 2.5526, 4.8299, 3.3057,-0.1608, 2.7852,-3.5755,-0.3148,-3.7558, 2.6370, 0.9035,-2.4548, 0.5876,-0.3561,-1.3933, 0.9498, 1.0293,-3.9910,-0.1942, 1.5194, 2.3079,-4.5551, 0.5508,-0.9649, 2.9511,-2.0473, 2.1797,-3.0025, 3.4752,-2.1357, 4.6633,-0.6593,-0.3557,-0.9974,-0.3468,-2.8579, 0.3831,-0.3233, 0.0345,-4.9193, 0.7384, 0.9839, 4.6962, 0.0311,-2.8169, 1.8430, 0.8671,-0.2613,-2.0682, 2.6615, 0.9830,-3.1197
-3.0688,-4.5922, 0.1181, 1.4569,-3.7914,-1.1882,-1.2142, 4.6949,-2.3475,-3.7246,-0.3279, 2.1964, 3.1202,-1.5749, 4.7034,-2.3933,-1.4656, 0.1654, 0.8512,-0.4613,-0.6481, 2.4045, 4.4587,-3.7653, 0.7608, 0.5487, 0.8119,-1.2812, 0.3260,-3.3063,-1.1932,-2.3776,-3.0547, 3.5560,-0.4764, 1.3692,-3.2888,-1.8081, 3.7367, 4.7263, 0.8890,-3.8797,-1.2009, 4.2891, 1.6306, 4.8502,-4.1218,-4.3964, 1.3016, 0.4258,-2.6254, 2.1939, 1.7655,-4.6347,-1.4096,-1.4450, 3.6044,-2.3391,-1.8029,-0.4598,-0.5190,-0.9851, 1.5872, 1.9985,-4.9073,-4.5005,-0.0178, 0.0167,-4.6200, 1.6731
 4.3635,-1.7124, 4.0000, 1.5363,-3.4708,-4.6320,-3.2731, 0.2058, 3.7180, 3.8832, 1.1358,-1.6976, 4.2465,-4.1142, 4.5187,-3.9377,-4.4942,-1.7467, 0.3533,-2.2195,-3.5613,-0.3617, 4.8564,-3.8427,-0.3056,-2.4068,-3.5553,-1.6850,-2.3802,-0.4672, 2.3927,-4.9318,-4.1935,-0.7457, 4.5437, 0.8320, 1.4773, 1.9777,-0.4939, 2.3886, 1.3709, 2.8501, 0.4978, 1.9915,-3.9377,-2.4853, 3.5571, 3.8694,-1.2386,-4.8805,-1.6880,-2.2473,-3.5293,-3.7268, 1.7668,-3.9328, 1.1379, 0.3229, 1.6586, 0.2854,-3.5398,-1.1932, 0.7693,-3.7128,-2.6261,-4.3614, 2.4854, 4.1634,-3.9993, 3.2996
-0.6526, 3.1534, 4.3283,-4.5544,-1.8234, 4.1222, 0.8981, 1.3293,-4.9274, 2.4443, 0.0033, 3.7471,-3.1755,-4.5711, 4.6423,-2.8735,-0.1372,-4.5832,-4.5975,-4.3961, 3.1489,-4.7829,-4.6309,-2.2450, 0.0392, 4.8425, 4.3308,-3.8222, 3.4194, 3.4401, 3.2396,-4.3701,-0.6256, 1.8350,-4.5714, 1.6534,-4.7865, 0.7418, 3.5862,-4.7660,-2.2354,-1.6386, 3.9453,-2.7195, 2.9270, 0.1560,-0.7598,-4.7460,-0.9962, 0.0602, 2.8161,-3.8824, 3.1213,-3.0808,-1.3608, 1.5508,-1.4242,-3.5413, 3.4500,-3.4817, 4.2245, 3.1051, 3.3623,-1.7302,-2.7813,-1.4026, 0.8578,-2.2009, 0.8567,-2.8295
