 4.1912,-2.4255,-0.8214, 2.0775,-3.1392,-1.5171,-4.8693,-2.1809,-0.8064, 4.6311,-1.8359, 1.1057, 3.1702, 4.0911, 1.8097, 0.0881,-3.2604, 1.5169, 1.3546, 0.5505,-1.6383,-0.8162,-3.9969, 0.7676, 0.8741,-2.5185,-3.1190,-2.8792,-3.4461, 4.2385, 4.3737,-2.9020,-1.2440,-4.6139,-0.8612, 3.2950,-3.0008, 1.5401, 1.2536, 4.4374,-0.3607,-3.5455, 0.1688, 1.6962,-2.2392, 1.4297,-0.2831, 2.5779,-0.2227, 0.8326,-4.4593, 2.5439,-3.0722,-3.9818, 3.4357,-3.3761, 2.0495,-0.5665, 0.6467,-4.8469, 4.6294,-4.1629,-3.3169, 0.7235,-2.7819,-0.5401,-4.2175, 2.1327,-1.3826, 0.4068
 3.0399,-1.8227, 4.6119, 1.9073,-3.4383, 2.1627, 0.1693, 1.9545,-4.8058,-1.8923,-2.4582,-4.7966, 0.3002, 3.3443,-3.3129,-3.7895,-0.8888, 1.2384,-2.8312,-2.8793, 0.5741,-2.2774,-4.1447,-2.0454,-2.5886, 3.5545, 1.3892, 2.7279, 1.3484,-4.2079, 1.1961,-1.7236,-4.3111, 3.7558,-3.7927, 4.5863,-4.8237, 2.3644, 0.7563, 2.4711, 1.7774, 2.9220,-2.5746,-0.2185,-1.6244, 1.6219, 4.2618, 4.7468,-2.1419,-1.9379, 4.2827,-3.6182,-1.6424, 4.0599,-3.0012,-0.5988,-3.1323, 4.3690, 2.6024, 4.9400,-0.8706,-0.7600,-1.7741, 0.5394,-0.6937,-2.4880, 1.4663,-4.5686, 1.5525,-0.0008
 0.0771, 4.0554, 0.6712,-2.3528, 0.4060, 0.3565, 4.7842,-2.9853,-1.3072, 4.3919, 0.0138, 1.1680, 1.2841, 3.5885, 4.0208,-3.3309, 3.4082, 1.6342,-0.1011,-3.7769,-1.2071,-1.6413,-3.6560,-2.2442,-0.0889,-3.5256, 1.4390,-0.6661, 1.9177, 4.7370,-0.7444,-2.4616,-0.6186,-3.2908, 2.8100,-1.6663,-4.0258,-1.0294, 3.7227, 1.8912, 4.2905,-2.0246,-0.2781,-1.6127, 1.4413,-0.2524, 2.4981, 4.6394, 2.3696, 3.1748,-3.8177, 1.1379, 4.6211, 2.7780, 4.9851,-4.6670, 4.4980,-1.7586,-4.2102,-1.5217,-2.3219, 0.3659, 2.3141,-2.4603,-2.9570,-1.9967, 2.7295, 2.1338,-4.1745, 0.6409
-2.7562,-4.1112,-4.2330,-3.9383,-3.6093,-3.1645, 3.4709, 2.4748,-3.0039, 4.0646,-3.6858, 4.8060,-0.0168, 3.0783, 4.9546,-3.3271, 4.7304,-4.6112, 4.8601,-3.9142,-3.7329,-3.1839,-4.9703, 3.4132, 3.9107, 3.4787,-1.1313,-2.5625, 4.4092, 2.0794, 4.2393, 3.8827, 1.0343,-4.6775,-4.7281,-2.2470,-3.1992,-2.4423, 4.6434,-2.9380,-1.3711,-3.5695,-3.3913, 3.8198,-4.1414,-4.8661, 1.0536,-4.3027, 4.0429,-1.6014,-1.6959, 3.7492, 4.0548,-0.4881,-0.9495, 0.7654,-1.2847,-1.1788,-0.1944,-3.5081, 1.2800, 0.5797, 0.3547, 2.1813,-1.6868,-0.1752, 3.2609,-0.5058,-1.6189,-2.9356
-2.4531, 4.3998,-0.3573,-0.0526,-3.4868, 1.0410, 3.3384,-3.0989,-3.2480, 4.0256,-3.7252, 1.2217,-4.9943, 2.5579, 2.3158,-4.4345,-3.5860, 2.1768, 1.9567,-1.0951,-0.0200, 2.3502,-3.7612, 2.0584, 1.8666,-4.7455, 1.2100,-1.9998, 4.1874, 1.5505,-1.9693,-2.8710,-3.5844,-1.1971, 0.4344, 0.7525,-2.7993, 4.8133, 4.1782,-0.2643,-0.8414, 3.8204,-0.7634,-1.6418, 0.1002, 4.9531, 4.7491, 3.6479, 1.2889, 2.2436, 0.9759, 3.2694,-4.9978, 2.7072, 0.6394,-2.3359,-1.8202, 1.3612,-2.5740,-4.4013,-0.5894,-2.9738, 0.0842,-2.3390, 1.0874,-3.8219, 0.1207, 0.2571,-2.6719,-3.5191
-3.6216,-4.1288,-2.4083,-2.7414, 1.6127,-2.5213, 4.2903, 4.6078, 4.8312, 2.1045, 2.7035,-2.7837, 2.7047, 3.4654, 3.4286,-3.5758,-0.4533,-2.8562,-2.4031, 1.2818,-0.8568,-3.5542,-4.3122, 2.6398,-0.3509, 1.3532, 1.3713,-1.2404,-1.9044, 1.3601, 1.9752, 3.5766, 2.8554,-3.5516, 3.8403,-3.8237,-4.8652,-2.8161, 4.2489, 2.3558,-0.8507,-3.5245, 0.9836, 4.0814,-4.0531, 4.1086,-0.6250, 3.6750, 1.6929,-3.4930,-4.5679,-2.5139, 0.8155,-3.1870, 0.5909, 1.6743,-2.1589,-1.4545, 1.6954, 0.6285, 2.0207,-0.6638,-0.0934,-2.8565, 2.3128, 3.5539,-4.2071, 2.9708, 4.0731, 4.1795
-2.5015,-2.7568, 1.9704, 4.1869, 3.3679, 1.3886, 4.0474,-1.6168, 1.6156,-1.9444, 0.5828,-0.0279, 1.6429,-1.1917, 4.5035, 2.6649, 2.8538, 0.9486,-4.6997, 2.9169, 1.0646,-0.4419, 2.1222,-1.2570, 0.4387, 1.4200, 3.6773,-2.4966,-3.6785,-4.7618, 2.1044, 3.2088, 0.0867, 0.0743, 0.8300, 2.3284, 0.9493, 0.2090, 1.3472, 2.2515,-1.8593, 0.6136, 2.9608,-3.6977,-3.5812,-2.0338,-4.0389, 1.5061, 4.9566,-0.8404, 4.5038,-0.3310,-0.1276,-3.6544, 3.0448,-1.7364, 2.3756,-2.4400, 0.2435, 0.2124, 4.5479,-1.9310, 0.5847,-0.4553, 0.1704,-0.3286, 0.5563, 2.2551, 2.8204, 3.8519
-4.2689, 3.0922,-4.8441, 1.4450, 2.8912, 2.4158, 3.3285, 2.8594,-2.5626, 2.2571,-0.5349,-1.7507,-2.0802,-1.4595,-2.9024,-2.4677,-1.5215,-2.2281,-1.4866, 4.5982, 0.0180,-3.5476, 3.0366, 2.0728,-0.6865, 3.8771, 3.2872,-1.0143,-3.4845, 4.9334, 4.4824, 1.1719, 0.6470, 1.2466,-4.0965,-0.3384,-2.8457,-1.0157,-0.0528, 3.9977, 4.6000, 3.4144, 3.8331, 4.4675,-0.8136,-3.8260,-0.5736,-3.9900, 3.3001, 2.1634, 0.9551, 1.6291,-4.3797,-0.4637,-3.8455,-4.6831,-4.6644,-0.3295, 4.1112, 3.5870,-4.8648,-2.3850,-1.2133, 0.4501,-4.6784, 2.6708, 4.8814, 1.3592,-4.4502, 1.0852
 2.8617, 2.9333, 2.7170, 0.4925, 4.3858, 4.9524, 4.9697, 0.4920,-2.7875, 1.0812, 3.0846, 0.1061, 3.9758, 3.0791, 0.4592, 2.6088, 2.4772, 0.3897,-4.9020, 3.1007,-2.8948,-4.7709,-2.7763,-2.0233,-0.8010, 4.2332, 0.1942, 0.2203, 1.7888, 2.1192, 4.0478,-1.1268,-1.1644,-2.7565, 1.7105,-0.7984, 2.0617, 4.7794, 0.6954, 1.2485,-2.5886,-3.4665, 0.2819, 3.2231,-0.8468,-3.8989,-4.0753,-1.9610, 0.9259, 4.2100, 2.1501,-2.9592, 0.5818,-2.5606,-1.6273,-4.1593,-4.0982,-0.1066,-4.6996, 3.7751,-2.5878, 4.7522,-0.6588, 0.0582,-0.2068, 1.5781, 4.0254,-2.1604, 1.3411, 0.1580
 1.0268, 2.7300,-1.5833, 3.3945,-3.7119,-3.9982, 4.2382,-4.3155, 2.2386, 0.0712, 4.4787,-0.4591, 1.6585, 1.0643,-4.8826, 3.4776, 3.8150, 2.4060,-3.9126,-1.0341, 0.1377,-1.7820, 1.2275,-0.2736, 3.3499,-0.5342,-3.9035, 4.3261,-1.1340,-1.4564, 3.6016,-3.9536, 2.7505, 2.3663,-0.1371,-0.6720,-4.7682, 4.8400,-1.3262,-3.6555, 3.0171, 4.4417, 1.2975,-1.0168,-4.8798, 4.1779, 2.1416,-4.5454, 2.2371, 0.9790,-1.1497, 4.7378, 2.2067, 3.3108,-2.9501, 3.2619,-2.4519, 3.8800, 1.9026, 4.5409, 0.3542,-1.4151,-0.4557, 0.6141, 2.5107, 2.8097, 0.7567, 2.7908,-4.6891, 1.6386
-0.7330, 4.4776, 2.5398,-3.4902,-4.7488, 0.0729,-0.0370, 4.3468,-3.2490, 3.5748,-3.1277, 0.6798, 1.7914,-2.4996, 1.5502,-1.0187,-2.3796,-2.2353, 1.0694,-2.7449, 1.6813,-0.7298,-4.1334, 1.7797, 3.9654, 4.9338,-2.0666,-4.2949, 3.3347,-3.1494, 3.5725, 0.0221, 3.3357, 2.1635,-0.8150, 0.8916,-0.3360, 1.3375,-0.5187, 1.8930,-3.1247, 2.1168, 2.0768, 3.9150,-2.3356,-0.2270, 2.7736,-1.1256, 0.5648,-0.1368, 2.2452,-2.8693,-3.8040,-3.9885, 2.3582, 2.5221,-3.7727,-0.4750, 3.7955,-0.2372,-4.3480, 1.8810, 1.8096, 0.9976,-0.6526, 4.7723, 2.1094,-4.2573,-1.5040,-0.1175
-4.1212, 1.7149, 4.9574, 0.2055,-1.5503,-0.8736,-3.3548,-4.3652,-0.0253,-2.2668, 4.8316,-3.7588, 3.4360,-1.2724,-2.1313, 3.9241, 1.5027,-1.1956, 4.8340,-3.5611,-4.8097,-2.3205, 4.1336,-3.6096,-4.6248, 0.6401,-1.6582,-1.7473,-4.8599,-0.1825, 0.9867,-2.6694, 3.4307, 3.9274, 0.8260,-1.6997, 3.7409, 3.0229,-3.6999, 4.4100, 1.2357, 4.4723, 2.0478,-4.2013, 1.1068, 4.3000,-4.9994,-3.7904,-1.2517,-3.3645, 2.4144, 4.7319, 0.3725, 1.3188, 0.5494, 4.7177, 0.2708, 4.0282, 1.9304, 1.3013, 3.0045,-2.9587,-3.3124,-3.1773,-3.1666, 2.4535,-4.4182, 4.3882,-2.7455,-3.4527
-3.2077, 2.4804, 1.8983, 4.0444,-4.0759, 0.8513,-0.5512,-1.0000, 2.6519, 4.6498,-2.0779, 1.4138,-2.0444, 2.0533,-1.7630,-3.2990, 1.9925, 3.1703, 1.3930, 3.7990, 2.0991, 3.8053, 3.9065, 4.7773,-1.2070, 4.7960, 1.9967,-0.2884,-1.3375,-0.1305, 2.0175, 2.2518, 3.7705, 4.3745, 4.8500, 4.4618, 3.7117, 0.1194, 2.1734,-0.9116, 4.8826,-4.3271, 2.0164,-3.3176,-2.7951, 0.4088, 2.5577,-3.5060, 2.0143,-1.2388,-2.0343, 2.4527, 1.3140,-2.2130,-1.6121,-1.6185, 1.8082, 0.8310, 1.9584, 3.8915, 4.7508,-1.7732, 2.6559, 4.4280, 1.8803,-1.1362,-1.4889,-2.4736,-3.0538, 4.0846
 2.4730, 4.4017,-2.0255, 0.0941, 0.1315, 4.2388, 2.6068, 3.8859,-3.8895, 3.1799, 3.4967,-0.0519,-1.3218, 0.6136, 2.2390,-0.7848, 2.9696, 2.9611,-0.3316, 3.0398, 4.1822, 2.8373,-0.4524,-3.5749, 1.3831,-2.9696,-2.3777, 0.4851,-1.0338,-0.6281,-4.3232, 1.1205,-3.0395,-3.0307,-4.6231, 1.9533, 2.7738, 2.6840,-2.7029, 4.9515,-1.1577, 0.1889, 2.0417, 2.5495,-4.4678, 3.5563, 2.1396,-4.2506,-2.2916, 4.4971,-0.9524,-4.9248,-4.3834,-1.0998, 4.9839,-1.8378, 3.6971,-1.9782,-0.8486, 0.9557,-2.8680, 1.2153, 4.3560, 3.1069, 3.4046,-4.8907, 1.2974, 2.9161, 0.8430, 1.5919
-4.4010, 2.1130, 2.7448,-3.6768,-4.4648, 1.7234, 0.6211, 2.5577, 2.6744, 1.7289,-2.0862, 4.0073,-0.5566,-3.2210,-2.7246, 2.7156, 2.8900, 1.9994,-3.2384, 4.5411,-0.9785, 0.1009,-1.3254,-2.4047, 2.7802,-3.5595, 0.3221, 3.0184, 4.5883, 1.5412,-3.4857, 3.5258, 4.7100,-0.2993, 2.8059, 3.0785, 2.4651, 1.9424, 2.2251, 1.6663, 2.2957,-3.2457,-2.9067,-3.3161,-1.5281,-4.7330,-4.0216,-1.5166, 3.8589,-2.3793, 0.8955, 0.3187, 4.3792, 3.1660,-2.7788,-3.8169,-4.6766,-1.0824, 0.3539, 3.3556,-2.5862, 3.1430,-2.2660, 0.0469, 1.7106, 2.4469,-0.2816, 2.3313,-4.7438, 3.4761
 4.3106, 2.4905,-1.0857,-0.0154, 0.8414, 1.5226,-2.7651, 2.4014,-4.5667,-4.8664,-4.1623,-0.6781,-2.8481,-2.9159, 3.0757,-0.8579, 4.2585, 2.3841,-2.6312, 0.7011, 1.8536,-2.9301,-4.9592, 3.0631,-1.3734,-1.0347,-3.9422,-4.0876,-0.5118,-1.5747,-1.3800, 4.4360, 3.9063, 2.0869,-1.5447,-3.3764,-1.0501,-3.9366, 0.3463,-3.8140, 2.5540, 1.9795, 4.7249,-1.9981, 0.3668, 4.3752, 2.1310, 0.3162, 2.1515,-0.4500, 4.6585, 3.3190,-3.9539, 2.5307,-1.0335, 3.0259,-4.9341,-0.9996, 3.1803,-4.0086,-0.0376, 1.6884,-3.2025, 0.5100, 0.1557,-0.3683,-1.6124,-1.2076, 3.8153,-3.1566
-1.2841,-3.9953,-3.8393,-0.2591,-4.8658,-4.7358, 0.7170, 4.8194,-2.2952,-0.0909, 3.9534,-1.4262,-0.4353, 2.7966,-2.5525,-4.1428,-4.5161, 0.5118, 3.6294, 1.1333,-2.1705,-2.1487, 0.4539,-3.7043, 4.5894,-4.3382,-0.8649,-1.2083, 1.6630, 4.8967, 3.6727, 4.5696, 1.1219, 1.0253,-4.1360, 2.2281, 0.6765, 3.9205,-3.7677,-3.9396,-3.8954,-1.1179,-3.0412, 1.8388, 3.3031,-0.7833, 0.3407,-0.0810,-4.3077, 0.7311, 4.9682,-4.7558,-0.5846, 4.5520, 4.6044, 4.1162, 3.8161,-0.9978, 0.4252, 0.1703,-2.3490,-3.4844,-0.1799,-0.4424,-4.6392, 4.1223,-3.9955,-0.5117,-2.3248,-4.6552
 0.8286, 4.2204, 2.7668, 4.2545,-1.9007,-2.5295,-3.4562,-2.3405,-2.8990, 1.4475,-0.8973,-3.1362,-0.3508, 1.7325,-3.3142, 2.5455,-0.1266,-0.2140,-4.8669,-1.0436, 3.2412,-3.7932, 0.9257,-4.4441, 4.1161, 1.0680, 0.6040, 4.3214, 3.7997,-1.6815, 2.9423, 0.9639, 4.6589, 3.1156, 3.8166, 3.0743,-4.0157, 4.3056,-3.6879,-0.9518,-1.6413, 1.4371, 1.2734, 4.3361,-1.0783, 3.5319, 3.7040,-4.7149,-3.8427, 2.2737,-1.1489, 1.3075,-2.1211,-2.3877,-4.8620,-0.9272, 1.2363,-1.6874,-3.2433, 1.1510, 1.6056, 4.6905, 0.4399,-3.9687, 0.2780,-1.6939, 2.7392, 1.4052, 3.2369,-0.7287
-3.9461, 1.1497, 3.7210,-4.2134, 1.0911,-2.2449,-2.6582, 4.9680,-1.6271, 4.1924, 3.1306,-2.8670, 1.2205,-4.1767, 3.7643, 0.1777,-1.3455,-0.6133, 2.9586,-3.9451, 2.9107,-0.5920, 2.8776,-2.6476, 4.6194, 2.9246, 2.1288, 4.8039, 4.8664, 1.5226,-2.2444, 1.6535, 0.6179,-3.5805,-0.8697,-4.5904, 1.7467, 3.0123, 3.4332, 2.0928,-2.7139, 1.5467, 2.2265, 3.2993, 0.2219, 3.9355,-0.1701,-1.7718, 3.5146, 3.1550,-2.3007,-4.1800,-3.2225, 1.7158,-3.0370,-2.7912,-3.0272, 2.7457, 3.8588,-3.9557,-1.3823, 0.5490, 4.9677,-4.9171,-1.1254,-3.5167,-3.3163,-2.5946, 1.8973,-0.5563
 0.0764,-4.4426,-4.9198,-1.6212,-0.8261, 3.7079,-2.9321,-3.1257,-0.6783,-0.8731,-3.0687, 1.5683,-4.7996, 1.1456,-2.8612, 1.6064, 3.5562, 3.0839,-2.8616,-0.7588,-4.2804,-0.8161,-4.6044, 4.8692,-0.6787, 3.0527,-2.1699, 3.7850, 4.9891, 3.9770,-1.3389, 3.1655, 0.0539,-2.6083,-1.5124,-0.0655, 1.3248, 2.8528, 4.7610,-4.0304,-4.3070,-1.9712,-1.9255, 0.9256,-0.5397, 2.8271, 3.2202,-0.0929,-0.8642,-0.1191,-4.2927, 0.3795, 1.3088, 1.1730, 2.8939, 0.1076,-4.5296,-3.3173,-0.3273,-1.1291, 1.0290,-1.3546, 3.8619,-4.4686,-2.2605,-3.0304, 2.7879,-2.5810, 4.8945,-3.7936
-3.6813,-3.5095, 2.7102, 1.0236, 2.0259, 1.5976, 4.8755,-3.3784,-1.9802, 3.2299,-1.0615, 3.9451, 4.1054, 2.3072,-0.8938, 4.7738, 2.5781, 3.7582,-4.5654,-4.1718,-4.8898,-3.5476, 4.0683,-0.5009, 0.9841,-4.9998, 4.6571, 3.6935, 3.3408, 4.8954, 3.9867, 0.8114,-4.3380,-0.8789,-0.4963,-4.3362, 1.0822,-3.5062,-0.0401, 2.6409,-0.7787,-0.0982,-4.8751, 3.4128,-1.5435, 0.2637,-1.5292, 4.6010, 4.1482, 3.6796, 2.4939,-2.7154, 1.4682, 4.6213, 3.6692, 1.0729, 1.5937,-3.7281, 0.6733, 0.2326, 0.8797, 2.4518, 2.4310, 0.1065,-2.3254, 2.9033, 3.7270,-3.1024, 1.7838,-2.2768
-0.3939,-1.8531, 3.6559, 4.3715,-0.6492, 0.8907, 4.7371, 1.6980,-0.4660,-0.3166, 1.4677,-0.9139, 1.4394,-2.5837, 1.8248, 3.6616, 3.2501,-3.1393,-0.4781,-4.6243, 4.7033, 0.5582, 2.0927, 0.1986,-4.9148,-1.4119,-0.9981, 2.8179, 4.7549,-3.4043,-3.7215, 0.9553, 2.6705,-0.3050, 4.7592,-2.5576,-4.6261, 1.0188, 3.2169,-0.4604, 2.3648, 2.7144,-3.4481, 3.8902,-3.5500, 3.7452, 2.4330,-0.5062,-0.2990,-0.7646,-1.9772,-4.1511,-1.8084,-1.5772, 1.9780,-3.0848,-1.4992,-2.3902,-0.3988, 2.9234,-1.1633,-3.4310, 4.0157,-2.9045, 2.3049,-4.3594, 3.9911, 2.1663, 3.0794,-3.5163
-1.9385,-0.0195, 3.6820, 0.3410, 0.3922,-4.0915,-2.9136, 2.4974, 0.1479,-0.1267, 4.1310,-4.2762,-0.2924,-2.8105,-1.8451,-1.5909,-2.0348, 0.8310, 4.4503, 2.9568, 1.9084, 0.7758,-4.0145,-2.5908, 1.6678,-1.1325,-1.7165,-2.5175, 2.7940,-0.6050,-1.5796,-0.8447, 4.1914,-1.5846,-0.2314,-4.0292,-3.6028,-3.2043,-4.0763,-1.0496,-1.3175, 0.5388,-0.3316,-1.3372, 1.9145,-4.5823, 1.2470, 1.0794,-3.3157,-4.2123, 2.0362, 4.5656,-0.8662, 2.9402, 4.1119,-0.0114, 0.8309,-4.2745, 3.5273, 4.0171,-0.7220,-2.6439, 4.8103, 2.4442,-3.3641, 4.6815, 2.9156, 2.3989,-1.3566,-1.4853
 0.0187,-3.3268,-0.3533,-2.6102,-0.3484,-1.8731, 4.2088,-2.2905,-4.5959, 1.3767,-2.7975,-1.7839,-2.5871, 2.5736,-2.2910,-2.9054, 4.4272,-2.7999,-0.9633, 2.5402,-2.2048, 4.9151, 3.3416,-2.0280,-4.1815, 0.3412,-1.9558, 0.0031, 2.4317,-0.3005,-2.0587,-4.7182,-1.6076,-0.5352, 0.5610, 0.7144,-0.8909, 4.7484, 2.5741, 2.2091,-0.7814,-1.3519, 0.1240,-4.9274, 0.1441, 1.7058,-3.2139,-1.2985, 0.9241, 0.5931, 4.4600, 4.7203, 1.6272,-1.5457,-2.6685, 1.2108,-0.7205,-0.7906, 3.2951, 2.7258, 2.6873,-4.0144,-0.5059, 1.6965, 2.2565,-4.1766, 0.2275,-3.1192, 2.7625,-0.1383
-2.7929, 1.0129, 0.5162, 2.5143,-1.0028,-1.4806,-3.4709, 1.3144,-1.5950,-3.8946, 1.6046, 0.2014,-2.6282, 2.9331, 4.7792,-2.6685, 3.2315, 4.5624,-3.5174, 3.8598,-3.1958,-4.4653, 2.6916, 2.2625, 2.6896, 4.0497, 0.1201, 3.3038,-3.8323,-4.6596, 2.6821,-0.7591, 0.0696, 2.6208,-4.7361,-3.1490, 0.4099, 1.5843, 3.6323,-3.7499, 2.2580, 3.5911, 2.5088,-4.4246, 0.3389,-0.6052,-0.6846,-1.5533, 0.6515, 0.3906, 2.0843, 2.9239,-0.6639, 3.9772, 2.7392,-1.6628,-4.7378,-0.0722,-2.0133, 3.7632, 4.6643,-2.9825,-0.5250,-4.3171, 4.9099, 1.9590, 0.4534,-2.0973,-2.5829,-4.6023
 1.9143,-3.8839, 4.2634,-1.6281, 4.0286, 0.2783,-2.8263,-3.4996,-2.1377,-0.2067,-1.2135,-2.4121, 4.8422, 3.2776, 2.1871, 3.6994, 3.9611,-3.8112,-3.3026, 1.7417, 0.4753, 0.5111,-1.1435, 3.0111,-3.5097, 0.7723, 3.7172, 2.3358,-4.6607, 3.7216,-2.2259, 1.5810,-2.1303,-4.6767, 0.9867,-0.1261, 1.7399, 1.8625,-4.7978,-1.2008, 3.1357, 0.7442,-1.4072, 4.0631, 0.5573, 1.2081,-2.4270, 2.2774, 4.2230,-3.1180, 2.9541, 1.2478,-0.0453, 2.1588, 3.7825,-4.6560, 3.0297,-4.6876,-1.8650,-0.9451,-1.8494, 1.7411,-4.6359, 2.8726, 3.3708, 3.8937, 3.3915, 2.5595,-1.8973, 1.9128
-2.5682, 2.8546,-0.2676, 2.8832, 3.7902,-3.1809, 1.0388,-2.6378,-4.9016, 3.8058, 1.7785,-0.2480, 2.7009,-0.6977,-1.4147,-0.9830,-1.3248,-3.5149,-0.9941, 2.3057, 3.4567,-4.0142,-2.0268,-0.9599,-3.2657, 4.8899, 2.2079,-1.2241, 3.4915, 0.9725,-0.3862, 1.7185, 0.9858, 4.8553,-2.3739,-1.2394, 0.9368,-4.9965, 0.6697, 0.8617,-3.0312,-0.4557,-1.4976,-3.9366, 3.6164, 0.6473,-4.8895,-3.9401, 3.7910, 2.0407,-0.7775, 0.4857, 3.4401,-4.4723,-0.0854, 1.2353,-1.6967, 2.2897, 0.8330, 0.5936, 3.7087, 2.4236,-1.3393,-1.8207, 2.8228, 3.1994,-2.5907, 0.4335, 4.9253,-4.7388
 4.5527, 0.8978, 4.5151, 4.0414,-3.2233,-2.8930,-4.9449,-1.8619, 3.0162,-1.5205, 4.5949, 4.0990, 0.0036, 3.3137, 2.8491, 0.3371,-1.2308, 3.8104, 2.4486, 2.7820,-3.2911,-2.6084,-3.1203,-2.2502, 0.3375,-1.4426, 3.6606,-4.6126,-0.4532, 3.3288,-1.9014,-0.5513, 3.6266, 2.3180, 1.2788,-2.3094,-3.6802, 0.2390,-3.3924, 1.1477, 3.3835,-3.5841, 0.3691, 0.8487, 4.7379,-4.3803, 1.6032, 1.3909, 4.1116, 0.0424,-4.2532,-4.4761,-0.4153,-0.2507, 3.0634,-0.7790,-3.6316, 0.6794, 0.0461, 3.3369, 4.3075,-1.1083,-1.0127, 4.8367, 3.2294,-4.9460, 2.5426, 3.6312, 3.4301,-3.0399
 2.4169,-1.1033,-3.9241,-1.4946, 1.3586,-0.2417, 0.1562, 2.2321,-2.8472,-0.6458,-0.0240, 2.6832,-3.6818, 1.7509,-3.8202,-2.4611,-0.1612,-1.4971,-0.6562,-0.9936, 3.8486,-0.4007, 3.8685,-2.0386, 1.8595,-4.2286, 1.2971,-0.0023,-1.1071,-4.3460,-1.4128,-2.6177, 1.5851, 2.3386, 4.5652,-0.4483,-2.6386, 1.6734, 0.0588, 1.5824, 4.7023, 1.7886, 3.2517, 0.7846, 4.4628, 1.9507, 4.5746, 2.0427,-2.6224,-0.5605,-4.0434,-2.0231,-1.3633, 0.7176,-4.6615,-1.5737,-1.5402, 2.1216, 2.8017,-2.8500,-0.5792, 3.2837, 0.3385,-4.7002, 4.2367,-3.8485,-0.9801, 2.9576, 2.0983, 0.7270
 2.8618,-2.6505,-3.4576, 0.8762,-4.9732,-4.6607,-1.6364,-1.5561,-2.1514,-1.1277,-4.5618, 3.5035,-2.5018, 3.6837, 3.2661,-3.9711, 0.6553,-1.4251, 0.8758, 3.6453,-1.5362,-4.0152, 3.4531, 1.9812, 0.1878,-2.7201, 3.5178, 4.5755,-4.1506, 2.3076, 0.0445,-3.8352, 0.9215, 3.1168, 2.5773,-1.8066, 3.5815, 3.9028,-0.0985, 4.2133, 3.4224,-4.7361, 2.2967,-1.1621,-1.4109, 4.2026, 2.1545,-0.4994,-4.5557,-0.1983,-1.1178,-1.7826,-2.4606,-2.4386, 3.0556,-4.2305,-0.8700,-4.6792,-0.1023, 3.9045, 3.2843, 0.3374, 3.0285, 4.7681, 0.8675,-2.7563, 0.8128, 2.4534, 0.3968,-1.3306
 2.2783,-0.4947, 1.3514,-1.9208, 3.4782,-2.4789, 3.3928, 0.0529,-4.5356,-4.7389, 3.3682, 1.3186, 3.0354, 0.7040, 3.4195, 1.5324, 0.3902, 1.9161, 2.3556,-0.4616,-1.3016,-3.4836,-4.7975,-1.4598, 3.5761,-0.7823,-2.1720,-2.2998, 2.4843, 1.0514, 0.1839, 1.5564,-4.8435,-1.2012, 3.0706, 3.1311,-3.9954,-0.3325,-2.7395, 1.8867,-4.9278,-1.0441, 0.5926, 2.1745,-3.4424, 2.4069,-2.6499, 3.7930,-1.7794, 0.9858,-3.5976,-0.4824, 1.4866, 2.4480,-1.7662,-3.2424,-0.2214, 3.2444,-0.1343, 1.7192,-1.2860, 3.7889, 3.2807,-2.0001,-4.4247, 4.7269,-1.0168, 2.3050, 1.1390,-1.6552
-4.7657,-3.2957, 1.7422,-1.5838,-2.0573,-1.8432, 1.7091, 3.1211,-2.6760, 4.0560, 2.9628,-2.1474, 0.1229, 0.0843, 1.3890,-4.4932, 0.8624, 0.4304,-1.0223,-0.5049,-3.2946,-3.5339, 4.8298,-3.8062,-2.5943, 3.9849, 3.2864,-1.5599,-3.6928,-4.0951,-1.2734, 0.5940,-3.1360, 1.3190,-1.3229,-3.9892, 0.9774, 4.5096,-3.5846,-4.2558,-1.7804,-1.4002,-3.1916, 0.7391, 2.1854,-4.9621,-0.5477, 1.9516,-1.8073, 0.1579, 1.8537, 0.1701, 4.0370, 3.7883, 3.1104, 1.9227,-3.1403,-4.8093, 2.9176, 2.5030, 4.7898, 2.6944,-4.7159, 1.5830,-2.3146,-3.2754,-4.3412, 1.8184,-0.4928,-2.8963
-1.5642,-1.2356,-3.2636,-0.5289, 1.1471,-2.1449,-0.1078,-4.5803, 1.7635,-4.4797,-3.9582, 2.1332,-4.6701,-2.1408, 0.9174,-1.1971,-4.8844,-2.4717,-3.9528,-0.5492,-1.6644,-3.3630, 1.4950,-3.4545,-4.7919, 0.6978,-0.6971,-1.4181, 2.1543,-1.4966, 3.6572,-1.3262, 4.3069, 2.2566,-4.7079,-1.8696, 1.1952, 3.8760, 2.4473,-0.1272,-4.3520,-1.4616,-0.3460, 2.8417, 0.9365,-0.7440,-0.0098,-4.5593,-1.9262, 2.9878, 4.9447,-3.1297,-0.4684,-4.0417, 0.3700,-1.7346,-2.6105,-0.3417,-2.2341, 1.7450,-4.9087, 1.2877,-0.9785, 1.1870,-1.6918, 4.1351, 1.9673,-2.4817,-2.2320, 2.6789
-3.1187,-4.9170,-4.5597, 1.4831,-4.6410,-3.1953, 1.3804,-3.3750,-1.2499, 2.4420, 3.7110, 0.2112, 1.7341, 1.0563,-2.5722,-1.8475,-4.0291, 3.1848,-0.5251, 1.5131,-3.0700,-3.9046, 0.2700, 1.9431,-4.4540,-0.9065,-2.5463,-1.4148, 1.8981,-4.4209,-3.4059,-3.0365, 0.5350,-2.5814, 4.3898, 4.3877, 4.9735, 3.2403, 3.1465, 0.3928,-3.2747,-0.4368, 1.1229,-0.6371,-1.3374, 3.9051, 1.5598,-4.2695, 0.2430,-0.1574,-0.4602, 4.9068, 1.7942, 4.2678, 1.5955,-4.5834, 2.1916, 1.2392, 3.1212, 4.3077, 3.9998,-1.8485, 4.6907, 1.7375, 2.1717,-4.8918,-3.6907, 2.5178,-2.4786, 2.8811
 2.8397, 1.8457, 0.4945, 0.8392,-3.2772,-3.5047,-3.0590,-2.4126, 0.0830, 4.4845, 0.9483,-1.4882,-4.1494, 0.3192,-2.4072,-3.1644, 1.5808, 2.6130, 0.7467, 1.6091,-0.4379,-2.6680,-0.6976,-2.5728,-4.5334, 1.4558,-1.8662, 3.0205,-2.3907, 2.3449, 2.0358, 4.9298,-2.9939, 0.5090, 4.1358, 2.0780,-2.4490, 4.7267,-1.2108,-1.9362, 1.3045,-2.4758,-3.6984, 3.0399, 1.0730,-4.1204, 4.0475, 3.9037,-1.9062,-1.6787,-0.6497, 1.4396,-2.5414,-4.4626,-3.5875,-4.4233, 0.7245,-4.5460,-1.5857,-0.9738,-3.9517,-4.8998, 0.3901, 1.0720, 2.6881,-2.1539,-1.8771,-2.6548, 3.8922,-4.9094
-4.6841,-1.0078, 2.3954,-0.4200,-1.3565, 3.4895,-1.6003, 1.9437, 2.8933,-4.1485, 3.5184, 4.1592, 3.4803, 1.9865, 2.1885,-1.7559,-1.3737,-3.8973,-2.0365, 4.1123,-0.1077,-0.5006, 4.7977,-4.0163, 0.9313,-0.0575, 4.2000, 4.7073,-0.9755, 0.5265,-4.6215,-2.0984, 1.2223, 3.4799,-4.8094, 4.3556,-4.2044,-4.2424, 4.1328,-3.7946,-1.4974, 1.4174,-3.7959, 2.9777, 3.8109,-2.9674,-1.5941, 3.0536, 3.9636, 1.0506, 4.1779,-2.6106, 1.3187,-4.1726, 3.2147,-1.7883,-4.0349,-0.8819,-0.1814,-1.2544, 0.8556, 3.1649,-2.8210, 4.0791,-4.0786, 0.7020,-0.7594,-4.8731, 4.1923,-1.1416
 3.6729,-1.9834,-1.6412,-3.1494, 0.9827,-3.4143,-4.2881,-0.9582,-3.0331,-1.1859,-3.9417,-1.5353,-2.9927,-2.2505,-0.2072, 4.6194,-1.9473,-4.3803,-2.0905,-0.1541,-2.4366,-2.7863,-0.2155, 2.0598, 2.4917,-1.0540, 4.2556, 1.8680, 3.0950,-2.5208, 0.4990, 0.9515, 0.9579, 2.1051,-0.9214, 1.2339, 3.3542, 4.6514, 0.1211, 1.7645, 2.2109,-2.0702, 4.4574,-3.0859,-2.9112, 4.5862, 2.9062, 2.0592, 0.8819,-1.1725,-1.9473,-3.6914, 0.7948,-4.7286,-3.1099,-0.2422,-1.9165,-0.8089,-4.3791, 3.3406,-3.2688, 2.0744,-4.3863,-0.4201,-4.3052,-3.1114, 1.7410,-1.5851, 4.0127, 2.1077
 4.6068, 1.7829,-3.6565,-4.7660, 2.1553,-2.8845, 2.6131,-2.9773,-1.0105,-3.7415, 2.9537,-3.9851, 0.8447, 3.1383,-3.0641, 3.3428,-3.5994,-4.9526, 4.2578, 3.1196,-3.4805, 4.7516, 0.5112, 2.4126, 2.0509, 4.2946,-4.6423, 1.4418,-4.2704, 4.2201, 2.9274,-4.6140,-4.1461, 2.6609,-1.7485, 3.4166, 1.4671, 1.6079, 0.3195,-2.5457, 3.0648,-1.2377,-3.8452, 4.6528,-2.8703,-4.0851,-2.3167,-3.8220,-0.6191,-0.3424, 0.5939,-0.5669, 3.9612, 0.8626, 0.3582,-4.7888,-3.1428,-0.9495, 1.7938,-4.5227, 1.9827,-1.9020,-3.8682,-0.5091, 4.2872, 4.0173,-1.8151, 0.1420, 4.3091,-3.0836
 3.0079,-1.6248, 3.2199,-0.7294, 1.2003, 0.7653,-0.4759,-2.9679,-0.4151, 0.8404, 2.5342, 3.1522, 3.5683,-0.2055,-0.3777, 1.0639,-1.5652, 4.2234, 4.5772, 2.7344,-1.9109,-4.2780, 4.5337, 3.8829, 0.5707,-3.9467, 0.4472, 1.5239, 0.3167, 2.8550,-4.4594, 3.6860, 1.7689,-4.3046,-1.7232, 1.9754, 2.5783,-2.4749, 4.9086,-2.4859, 3.7648,-2.2563,-4.8037, 1.8807,-0.7207,-2.7641, 1.2428, 3.0789,-2.0344, 0.3839, 2.7024, 1.7434, 4.4145, 0.5427,-2.4052, 0.6289, 1.3859, 2.9952, 0.9963, 0.2209,-1.9957,-4.4651,-4.6296,-2.8802,-4.0110,-2.1145, 1.2321,-2.9470,-1.2159, 0.9650
-2.6467,-2.2058,-2.5238,-3.7795, 4.7046,-1.9638,-1.2082,-4.4487, 3.7595,-0.4526, 0.4965, 2.4506,-1.0489, 3.6889, 2.3566,-1.5485,-3.2334,-4.3676, 3.6925,-3.6137, 3.4994,-3.2390,-0.5115,-4.1163, 3.9753,-1.8565, 3.3865, 3.4136,-3.1000, 1.2702, 3.8367,-2.6063, 1.3895,-4.6031,-0.3125,-1.5396,-1.0640,-4.4924,-0.3951,-1.1787,-4.6389, 3.0537, 2.6682,-2.5921, 4.4268, 4.2695,-1.0125, 0.3668, 0.0710, 4.1052,-3.6854,-3.1850, 1.9902, 3.4391,-2.1009, 3.1832, 3.1055,-3.0810,-0.3790,-2.4590, 0.7461, 1.2168, 3.6418,-2.8779,-0.1141, 1.8965, 3.3622,-2.2337,-1.5857,-3.5933
-4.0675,-2.6539,-4.4110,-1.0532, 4.3477,-2.4187,-0.2121,-1.6328, 0.1069, 4.1259, 2.9841, 1.9817,-0.2408, 4.7875, 4.0330,-2.1831, 0.5875, 1.0994, 4.9886, 3.9311, 3.4719,-4.5154,-1.9151, 1.6351, 4.7242, 0.9886,-4.6582, 0.0109,-1.8109,-3.4879, 3.2487, 1.3355,-0.3630,-0.6212, 3.0232, 1.9471, 1.5236,-2.1032,-1.1146,-0.2678,-4.9635,-3.4404,-3.6507, 1.3678, 4.8974,-4.1081, 4.8132,-2.6225, 0.9512,-1.6986,-4.3077,-3.8894,-2.4711,-0.4076,-1.6661, 2.4960, 0.2274,-3.0410, 2.7054,-2.3835, 1.5498, 1.3704, 0.2129,-2.7814, 2.4706, 3.8807,-1.0240, 2.2751,-1.2377, 4.6411
-3.4264, 0.2415,-0.0752, 1.3121, 4.8779,-2.2088,-3.6263,-4.2772, 2.7505, 0.2691,-1.5617, 3.3426, 1.5587,-0.6605, 4.4264,-0.9903,-4.2015,-4.4662, 1.7319, 0.1457,-0.9792, 4.8539, 1.6138, 0.2293,-1.6058,-2.2783, 3.0183,-4.2374,-3.9582, 2.6819,-1.1144, 4.7786,-4.2349, 4.8516, 0.6800, 4.4233, 1.5713,-2.5890, 4.5573, 2.7415, 1.7475,-3.3853, 2.8270,-0.2334,-1.0073, 1.5226, 2.2606, 2.3525,-0.3353,-1.1754, 2.2024,-1.4273,-1.5915,-0.5448, 1.1006,-0.1380,-0.1356,-2.7742, 1.9110, 3.0433, 4.1878, 1.7200, 2.6379, 4.2888,-1.8918,-3.9050, 3.3494, 4.0089,-4.1728,-4.3626
-4.5167,-4.3563,-2.8499,-0.9390,-0.5391, 4.3633, 2.7599,-0.9184,-4.0241,-0.0166,-0.8466, 4.2355,-2.5388,-1.0107, 2.1585, 3.6966, 3.7726, 0.2297, 4.7140, 0.1676, 1.4566, 2.6065, 1.7848,-3.2345, 1.1985, 3.3873,-2.6164,-1.0910,-4.6616,-2.9754, 0.7355, 1.8000, 0.2563, 0.8490, 4.5218,-2.5668, 4.9980, 4.0055,-2.2483,-4.6337, 2.7081,-1.7573,-4.0762,-3.8679,-3.3625, 2.4726, 4.4460,-3.0062,-1.5569, 2.0960, 0.7267, 3.8378, 0.0619,-4.7729,-2.2009,-0.5812,-1.0980, 2.1864, 2.8881, 3.9305, 2.7874, 4.9338, 1.3426,-4.0937,-1.3335,-3.2510, 0.9464, 4.7141,-1.0647, 1.1455
-1.4795,-0.2745,-4.4345,-4.6376, 0.7966,-0.7337, 1.5497,-1.3360,-3.3311,-0.3913, 3.9140,-1.0682, 4.3708,-0.9996,-3.3892, 1.2424, 2.3554,-3.8320,-0.4195, 3.3168, 1.0535,-3.0871, 3.0306,-1.9322,-1.9776, 0.5516,-2.0862,-2.5854,-2.4443,-4.8414, 3.4599,-2.8094, 4.6998,-4.0860, 4.5980,-2.0846,-4.5091, 2.4328,-2.3052,-4.7967,-1.8465,-3.7053,-4.4226,-4.7969, 4.3875,-2.1809, 2.5232,-2.6688,-2.4820,-3.1374,-3.7774, 3.9345, 3.0203, 1.9930,-0.6720,-2.6492, 1.3708, 0.6984, 4.5179, 4.1193,-4.6715, 2.7436,-3.1015, 2.0026,-0.8718, 0.1247,-2.5043,-0.1507,-2.6593, 0.3012
 2.5940,-4.5841, 1.1039, 1.9183,-0.5001, 1.2657, 2.7803, 4.0325, 3.6283, 4.4768, 0.4265,-2.8002, 1.7807,-2.4090, 0.1266, 1.6731,-2.6852, 2.9354, 4.5018,-2.8339, 0.9667, 0.2390, 1.0860, 4.3848,-4.6144,-2.1745,-0.4526, 0.6870,-2.4549, 3.7815, 2.2154, 0.1274,-1.0337,-0.8543,-4.9546,-2.6323,-0.5586,-4.7234,-0.7139,-3.9726, 2.7965, 0.0075, 1.3299,-3.7666, 3.6889, 1.2389, 3.7300, 1.0894, 0.9044,-3.7738, 3.6878, 4.5890,-3.6531, 2.8153, 3.5049,-3.3398, 3.0198,-0.0489, 2.5782,-0.7020,-0.2420, 0.9900,-0.8227,-4.1778, 1.1511, 0.3501,-0.4557, 3.5119, 1.4874,-1.4902
 1.6699, 4.5326, 0.7657, 0.6472, 1.2716, 3.6776,-0.9964, 1.6229,-3.8690,-4.6155, 0.7598, 4.7257,-1.1942, 4.1085, 0.6832,-0.3063, 3.4716, 4.7143, 1.6193, 0.6681, 4.5126, 1.5875,-3.9435,-2.6619,-3.2640,-4.6830, 0.7122, 0.1800,-0.0379,-3.3281, 3.9013,-1.1891, 1.7318,-2.7206,-1.1998, 1.5007, 2.9556, 2.3845,-3.7196, 4.3582, 0.9966, 4.1330, 1.0386,-3.6970,-2.8416, 4.3024, 3.4789,-1.5943,-1.9424,-2.1348,-3.1301, 2.6342, 0.7602, 4.6662,-0.1695, 0.3146, 2.0269,-4.6886, 1.0275,-3.4495,-4.7690,-0.8946,-2.0224,-4.8526, 2.7224, 4.7157, 1.0284,-4.6207, 4.6255, 2.5584
-3.5487, 1.0992,-1.6725,-4.8044, 2.1278, 3.8805, 4.2935, 4.5077, 4.4719,-2.9030,-1.7696,-2.5096,-3.1058,-4.1124, 0.0300,-4.3567, 2.2328, 3.5382,-3.5076,-0.8010,-3.6424,-1.0393,-4.6976,-2.1346, 0.3062,-3.7052,-1.9332, 4.7136,-2.6287, 0.6411,-3.8111, 0.4135,-3.2926,-1.8420, 3.6903,-1.8293,-2.7095,-4.3187, 3.8018, 0.7619, 1.1840, 4.2539,-4.8553, 4.1791, 3.8465, 0.3781,-3.9471,-0.8177,-0.7717, 2.9305, 0.7449, 1.3002,-0.4662, 0.0873, 0.2183,-4.6278,-3.5134, 1.9985, 1.6163, 0.4399, 1.6616, 3.4602, 2.3241, 2.5036, 0.5913,-4.3421,-3.4408, 3.2762,-3.7168,-3.1926
-4.0024, 1.9495, 0.3296, 2.2071, 2.2051, 3.3160, 3.9041, 3.5530, 1.9037, 0.6769, 2.9265, 3.4503, 3.1436,-0.4299,-4.2935, 3.0656, 3.5105, 3.9610, 2.3008, 0.6622, 2.6526, 4.9422,-3.1128,-0.8610,-4.2825,-2.9726,-1.3769, 2.0794, 4.5062, 2.9326,-4.2341, 2.7648,-3.9419, 4.3682,-3.4323,-0.3969,-4.8715,-2.7337,-3.5184, 4.0922,-3.5819, 3.9269,-3.9569,-1.5014,-2.2146, 1.5281, 4.7004, 4.5425, 0.1781,-3.6054, 1.7304,-0.0897, 4.5557, 2.2775,-1.8023, 4.2428, 4.8858, 1.0550,-3.3875, 3.7056,-1.0411,-3.4452, 1.1324, 4.2246,-1.9466,-3.0427,-1.9570, 3.5587, 2.1283, 1.6150
-1.8905,-2.4430, 2.3768, 1.1979,-0.9573, 2.1461, 1.8125, 2.5509, 1.7620, 4.2888, 4.4397, 3.0747,-4.4916, 3.1434,-0.5743, 1.7223,-2.2340, 3.9505,-1.0869,-3.9541,-2.4817, 1.3709,-1.0202,-4.8867, 0.0604,-4.3119,-1.1765,-4.7899, 2.7891, 4.0824,-2.3163,-2.4166, 0.3544,-4.1498,-1.3851,-0.4042, 3.2833, 0.8283,-0.0441, 1.0492, 2.0515,-4.1289,-3.1171, 2.4462,-2.9778, 2.5408,-4.7911, 0.9475, 4.7703,-4.6588, 0.6110,-4.8690, 0.1322, 4.9138, 1.0021, 2.4646,-4.9074,-4.6778, 4.7939,-3.3157, 2.8433, 1.8684, 4.2176,-0.1501, 4.7615,-2.9897,-3.2752, 2.0744,-2.3233,-4.0288
 2.3501, 0.4107,-3.3111, 2.3912, 1.5668,-4.2864, 1.5708, 0.7416, 1.4652,-1.4911,-1.3582, 3.4083, 2.3849,-1.1814, 1.3002,-0.4090, 4.3440,-4.6420,-2.8617,-2.7563, 2.3630,-3.5992, 0.6350, 0.0180,-3.0575,-0.5897,-0.6157,-0.3529,-1.6203, 0.3298, 0.2714,-0.1348,-1.1962, 4.3566, 1.8975,-2.5363,-2.1428, 3.3689,-2.3617, 1.4422,-4.8262,-0.5681, 4.4164, 2.4855,-3.9583, 2.1351,-3.0977,-3.2274, 2.8114,-3.4560, 2.9434, 2.2248,-3.3605, 0.3754, 0.6238,-2.9249,-3.9923,-1.3870, 0.9457, 3.3304,-2.1715,-3.8831,-0.6692, 0.4551,-3.0155,-1.2731,-1.0243,-4.3451, 3.0301, 3.9310
 1.5131, 4.4820,-1.4777,-1.2301, 2.7051, 0.5257,-0.5009, 0.4536, 0.2431,-3.2572, 2.0014, 1.9048,-4.0425, 0.9773,-1.2994, 3.0176,-0.6589,-1.6510, 0.3899, 2.9494,-3.5373, 2.8352, 3.4251, 3.3911, 3.3286, 2.3587,-3.0204, 3.9823, 2.2533,-1.0288,-1.1654, 3.9899,-2.2310,-2.8148, 0.7500, 1.4445, 0.8805, 1.5737,-0.0850,-1.2110,-1.3808, 1.9165,-0.9630,-3.5138, 1.7343, 4.3125,-3.8317, 0.1757, 4.0569, 4.6621, 0.1987, 3.7484, 2.5910,-0.1686,-2.5499,-4.5518, 0.2612,-4.8861,-0.0361, 0.2153,-2.1930, 3.2778,-3.5304,-1.7915, 0.5851, 4.5882, 4.8239, 0.3792, 3.4739, 0.2008
-0.7186, 1.5329,-2.8053, 0.5863, 1.4168,-2.1919,-0.5337, 3.3953, 0.4372, 1.6614,-4.1614, 3.3315,-2.0503, 2.7410, 3.4248,-4.0812, 0.9015, 3.4851, 4.3420, 4.3175, 4.2722, 0.3236, 2.9928, 2.0939, 3.3477, 3.5720, 3.7622, 1.3111, 1.6801, 1.6726, 3.7482,-3.1497,-4.6694,-1.8650, 1.2858,-2.6970, 4.5737, 3.4002,-4.3700,-4.3668,-2.7633,-3.0517,-2.4801,-4.0000, 2.8880, 4.5224, 0.4301, 4.9518, 2.1665, 3.9352, 0.3676, 0.0436,-2.3347,-0.9562, 1.7366,-1.3072, 3.6998,-0.2057,-4.4032, 0.7698,-2.9793, 2.7271,-1.8153, 3.5797,-2.4457, 1.1316, 1.1417,-3.2651,-2.8405, 1.9416
 1.2417, 2.1795, 1.7393, 1.2185, 3.6280,-0.2385,-3.4353, 1.1988,-0.6691, 2.1865, 3.2358, 4.5226,-2.9640, 0.6483,-4.9105,-1.3438,-1.2441, 3.6044,-4.1944,-1.6497, 2.3536, 0.0830,-1.4568,-2.0472, 1.2379, 2.1330,-0.0850, 4.7873,-4.5624,-3.3727, 2.1762,-1.5389,-4.3045, 3.5496, 0.4099,-2.6835, 4.4288,-0.2728, 1.5975,-1.0335, 4.2705,-0.2617,-2.9851, 1.5521,-2.8316,-0.6991,-0.9081,-1.2189,-2.8988,-2.7188, 4.4231,-1.0332, 3.9088, 2.3021, 2.7432, 4.7568, 4.0791,-1.4709, 1.6576, 2.3536, 3.3120,-2.5442, 2.4645, 3.4383,-0.1740,-4.3889,-0.9836, 2.9602,-0.4933, 0.3898
 3.2175, 4.9789, 1.3879, 4.5605,-4.3462,-1.2420, 4.2852,-0.7517,-4.2543, 1.1531, 1.6421, 0.9363, 1.6189, 4.0847, 2.2099, 1.2496, 1.0324,-0.6492, 1.2977,-4.1878,-4.7156, 1.6730, 0.9833,-2.7930,-0.6745, 2.8652,-3.8907, 4.2730,-4.9709, 3.5391, 2.3202, 2.9167,-3.2382, 1.2073,-2.7871,-0.2435,-3.2118, 1.8023,-2.2047, 1.2999, 3.7662, 3.7068, 1.6370,-0.4966, 1.0620,-3.1299, 0.1041,-4.3601, 3.8608,-2.2114,-4.9511,-2.7629, 3.4135, 3.2167,-3.6826, 2.7089,-4.4313,-3.9682,-2.3085, 0.8953, 4.8708,-2.7784, 3.6678,-1.0047,-3.7135, 0.7887, 4.8990,-4.1063, 3.5482,-4.6063
-2.9716,-2.4304, 0.8364, 3.4988,-4.0620,-3.9982, 2.9747,-1.2168,-1.6215, 4.1470, 1.5636,-4.1868, 3.9236, 3.2080, 4.8731,-4.1017, 1.6997,-2.0116, 1.6329,-3.3481,-3.4871, 2.6892, 2.3153,-1.5294,-2.0630,-4.2238, 0.4044, 0.9192, 2.1183,-1.1289, 4.1703, 4.3380, 2.7126, 0.1887,-2.9598, 2.5711, 0.4917, 3.4632, 0.5796,-2.1197, 0.2125, 0.4743, 3.2339, 4.5678,-2.5046,-3.7313, 1.2789,-1.1137, 1.0833,-1.5625,-0.9041, 2.7991, 2.4731,-4.8682,-3.1573,-4.7461, 4.7954, 4.0230,-2.6197, 3.2190,-4.0305, 4.0347,-0.8373, 1.7509,-3.7367, 4.6426,-1.1680, 1.0038, 1.6600,-0.7622
-1.3961,-3.3591, 2.1844, 0.4085,-1.5505,-3.3710,-0.4021, 2.1528,-2.9604,-1.2014,-4.7972, 3.7415, 1.0423, 4.2358, 3.9553, 2.2536, 4.2016, 2.5660,-0.8816, 2.8175,-1.7343,-0.6859,-1.6124, 2.2279,-1.6000, 1.8935,-2.2037,-3.8013,-0.7626,-3.7504, 0.5769,-4.0325,-0.9148, 1.3430, 3.2618,-2.4238,-3.4932, 3.1995, 1.6892, 2.5442, 2.3536,-2.2669,-3.3375,-3.3910, 2.4983,-4.9085, 1.2424, 1.9381,-0.8610,-3.3438, 1.0993, 0.6637, 3.9733, 0.3149, 4.4575, 2.2589, 1.9097, 1.5804, 2.0447, 0.7829,-0.6158,-1.0129, 3.5061,-2.6562, 3.3197,-4.5043, 0.1377,-1.8817, 4.9790,-1.9142
-3.3294, 4.7701,-4.3128,-3.2160,-3.9029, 0.8574, 3.4844,-1.4862, 1.0043, 4.9597, 3.6810,-0.8161,-3.2707,-1.1154,-3.5929, 1.8295, 4.8208, 4.9144,-3.4381, 3.2979,-3.0409,-0.6244, 3.3244, 2.5550, 3.5664,-0.7464,-0.6043,-0.3036,-1.0335, 4.5375, 2.7816,-4.8704,-4.9856,-2.7445, 0.6090, 0.1545, 3.7237, 1.6399, 2.1666, 0.3758,-3.8043, 2.0527,-2.5371,-1.0872, 3.5823,-3.8191,-3.9771, 2.5573, 4.9985,-3.1295, 3.5607, 2.8757, 0.9492,-4.3729,-0.0589, 2.8833, 0.6342, 1.0927, 2.1010, 4.3893, 4.5431, 2.7712,-1.1052, 3.0161,-0.2748, 2.8504, 3.1804,-3.9499, 2.3231, 3.5229
-0.8138, 2.6966,-1.8247, 1.2662, 4.6716, 3.9416, 2.5364,-0.1110,-2.3304,-4.2840, 4.4767,-4.7582,-1.2790,-4.1477, 2.9653,-4.3784, 3.5427,-1.4857, 4.4257,-4.2200, 1.1372, 1.7394,-4.0057, 0.2484,-4.3844, 1.3475,-4.0839,-3.7916, 0.2905, 2.1464, 1.1247,-0.0051,-0.1650, 1.4956, 4.1372,-2.2649, 1.8700,-0.3646, 2.8862,-4.7473,-1.2700,-1.6337,-4.4810,-3.5825,-2.7255, 0.0534,-2.0471, 3.7627, 0.8014, 0.6067,-4.7972, 1.9504,-2.1689,-3.9310,-1.0771, 4.7368,-4.5876,-2.4315,-0.2896, 1.1869, 0.1696,-1.9961,-2.6938, 1.5861, 4.2828,-3.9491,-2.1923, 3.8600, 4.2859, 3.4554
-4.1269, 3.8632,-4.3750,-1.4192, 1.6463,-1.3196, 0.6530,-2.3306, 1.6715, 3.1538,-4.2471,-1.6824, 2.6861, 2.0814, 3.5403, 0.7623, 1.6342,-0.2784,-4.7245, 0.4300, 2.7681, 0.1197, 0.7737,-2.0106, 2.6437,-0.3849, 4.7800, 1.6686,-1.7750,-1.2876, 4.3127, 4.7296,-4.5649, 0.1200,-2.4312,-0.1521,-2.4390,-2.0752, 4.0732, 0.0950, 4.3748,-1.8014,-3.0350, 3.2160, 0.5364, 0.9209,-0.4830, 0.8722,-4.5024,-0.4176,-0.0986, 2.7494, 1.8844, 1.7446, 3.3697,-4.8404, 3.8185, 0.6002, 0.4605,-1.5097,-4.7989,-3.7007, 3.7812,-3.2978,-4.7405, 0.4716,-3.2669, 3.2071, 2.3109,-1.0090
-3.9348,-2.9359, 4.0786, 3.6540,-4.8830,-0.9789,-3.7044,-3.6389, 1.5985, 1.4754,-1.3754,-2.6464,-4.5124,-4.3167, 2.0041, 3.3941, 0.8615,-3.3343, 1.4821,-1.7477,-0.3594, 3.6048,-1.2390,-1.6811,-2.3737, 0.8160, 3.1634, 4.7738,-2.6351,-3.7638, 1.1894,-2.6542, 0.1300, 4.0726,-4.5470, 2.3386,-4.7519, 2.4856,-2.3296, 2.2617,-3.1237, 1.2618,-3.0858,-2.3765,-4.2996,-4.2656,-0.8814,-2.8508,-1.1059, 0.8337, 1.2613, 2.7195, 0.2125, 3.6407,-3.4466,-2.5098,-0.6562, 2.8511, 4.8509, 0.5755,-4.5170, 3.2141,-2.2299, 4.9594, 0.0900, 1.2228, 0.2673, 0.7485, 0.6760,-4.0339
-4.0239,-4.6601, 3.9450,-2.5180,-2.3226,-0.3999,-2.1269,-2.3130,-4.1036,-1.2833, 3.3606,-4.3616,-2.6998,-2.1577, 2.0744,-0.1378, 3.2293,-4.9533, 3.7649,-3.7311, 3.9927,-1.9946,-1.1449, 2.4061, 2.9666,-0.8443, 1.3795,-3.9716,-0.2313, 0.1424, 4.1223, 1.7297, 4.9429, 2.8148, 3.0427, 3.3897,-0.9215,-1.1074, 1.8543,-1.0001, 2.8802, 3.2187,-4.0710,-2.0357, 3.0200, 0.7195,-4.7345, 3.8779,-1.3397,-2.9267, 1.4343, 1.9180, 0.4870, 1.3161,-1.7896,-4.9904,-2.5230, 2.9680, 1.0675,-1.8895,-4.6707, 1.1585, 1.2996, 1.6190, 2.5111,-4.3118,-4.2546, 0.2588,-1.5844, 2.5182
 2.6033, 4.0473,-0.8904,-4.6418,-2.6841, 1.2072,-1.5885, 2.1178,-0.6959, 4.7454,-2.7899, 1.9167, 2.9011, 2.9602, 4.0423,-2.7348, 4.5755,-3.1918,-2.2865, 0.9919,-3.2039, 3.7686,-3.9596, 0.5808,-2.7527,-4.9807,-0.6392, 1.6437,-1.6516,-3.9869,-4.9610, 2.9812,-0.3432, 4.7971,-2.0799,-0.8081,-0.3313, 1.5099, 4.1644,-4.4374,-3.5919, 2.8336, 3.4675, 0.2568,-2.3263, 0.3296,-1.7907,-0.1605,-4.1271,-1.2991,-1.2783, 1.8230, 4.5927, 0.5271,-1.8439,-1.2500,-1.0278, 0.9357, 0.2659, 1.0073,-2.8185,-3.1329,-0.8736, 4.2966, 1.9259, 4.4611, 1.6801,-2.2637, 2.3164,-4.3407
-1.9107,-3.6079, 1.1057, 1.3016, 1.5492, 1.9839, 2.0742,-1.8188,-4.2038, 1.2513, 3.3873,-0.9621,-4.2559, 3.8882, 3.4959,-1.1623,-1.3169, 4.7017, 2.4438,-3.6334,-0.3837, 2.5426, 1.6659, 1.9368,-1.6713,-0.7386, 4.0305,-4.9842, 1.9248, 1.5825, 4.9443,-0.9955,-3.9008, 4.3126,-3.9836,-1.2146,-4.1280, 1.0874,-0.5358, 4.9557,-1.6034,-0.7295, 0.3090, 1.7008, 4.9386, 2.3705,-1.9655,-2.8570, 4.8489,-0.3473,-0.2096, 3.1894, 2.7400, 4.0864, 4.4152,-4.4997,-4.5188, 1.3608, 1.1520, 4.8884, 3.1548,-4.4208,-4.1448,-3.9513, 2.8089,-3.9194,-2.8862,-1.1265,-0.5292,-2.9310
-0.4058,-0.1922,-2.8772, 0.8974, 0.3600,-2.0711, 4.6308,-1.5642, 1.7717, 4.9091, 0.3902,-3.4228,-1.2292,-2.5021,-4.2520, 4.8890,-4.9732, 1.1615, 0.7724,-3.3150,-2.9365, 4.1408,-1.8320, 4.5759,-3.8764, 4.7916,-2.6983, 4.7324, 0.7263,-4.3723, 1.6218, 2.5722, 0.7967,-4.7248, 0.6832, 2.1778,-0.2346,-1.9044, 3.9829, 1.2897,-1.8069, 2.0038,-1.1386, 1.4019,-2.2491, 0.8084,-0.7669, 4.9343, 3.4969, 0.0593, 2.7459, 3.0553,-1.7269, 3.5564, 0.6289,-0.6730,-2.3459,-0.1556,-0.2582,-0.2436, 3.5703,-0.0392, 4.9772,-3.6451,-4.4127, 2.9848, 0.9978, 1.1085, 0.1578,-0.3761
-1.0833,-0.2918, 3.2780, 4.3083,-1.6247,-3.7099,-4.1432,-1.4521, 0.6082,-4.3623,-2.4985,-1.5985,-4.0026, 2.5772,-3.5393,-0.5181,-3.6998, 3.4411, 2.0237,-2.7753, 1.2165,-1.3574, 4.5059, 0.3132,-1.2687,-1.2912,-3.1493,-3.8060,-1.4774,-4.8079,-1.6473,-4.6408,-2.4316, 0.0615, 3.3299, 0.1094,-2.0526,-4.4606, 3.5064,-1.0801,-1.3747,-2.5903, 1.6579,-4.2107, 0.6081, 3.4611,-3.1438,-2.4694, 2.7181,-0.0454, 3.9457, 4.3855,-0.5771,-0.1833, 2.0105, 4.7895,-0.5858,-1.3728, 2.0683,-3.6641, 3.9980,-4.6845, 0.2484, 4.4914, 1.0432, 1.4500,-4.7223,-4.9672, 0.7258, 1.7733
 1.8682,-2.7801, 3.6038,-1.6392, 4.6743,-3.7228, 2.3569,-4.3060,-3.1185, 4.1483, 0.5582, 3.3234, 2.8056, 3.8244,-0.5670,-1.8139, 3.6709,-1.6051, 1.1885,-2.2656, 1.5390,-2.1976,-3.4322, 0.3112, 3.0294,-2.4852,-4.8839, 2.2706, 2.5615,-3.0991,-4.7130, 1.9283, 3.0672,-4.1769, 1.2548,-0.5641,-4.9838,-2.5501, 2.4516,-0.5479,-4.2779, 1.1119,-0.9109, 0.0989, 0.1238, 1.4910,-0.1464,-1.8166, 1.1028,-2.3204, 3.4878,-2.6771,-4.9876,-0.7983, 0.0798,-2.0399, 2.6140,-4.7687,-0.8275, 3.4199, 2.6008,-4.4015, 0.4352,-4.2116, 0.5616, 3.0714,-1.8869, 2.2069,-2.4571, 2.5057
 4.2884,-1.9551,-2.9053, 2.1330,-3.0630, 2.7015,-0.1888, 1.1230, 4.8821, 2.2264,-4.5952,-0.4223,-3.4361, 1.1396, 4.7476, 2.9395,-4.6024,-1.2320,-1.4291, 3.3965, 2.2773, 0.3460, 1.7300, 1.1517,-0.9057, 3.4018, 2.2780, 4.4817,-1.6172,-0.2480,-3.5570,-4.7311,-0.7656, 3.4846, 4.4580, 1.4258,-2.6466,-1.0250, 3.3873,-2.5475,-1.2916, 0.3191, 1.9507,-1.4096,-2.9625, 2.3879, 0.3577, 3.9067,-3.4757, 2.9969,-2.7757, 3.9282, 0.8255, 1.3433,-4.9054, 2.4390, 2.0532,-4.7489, 1.6191,-0.6528, 4.5648, 3.3130,-4.9820,-1.5306,-2.9551, 3.3431,-1.2608, 2.5760,-2.4293, 0.1924
-3.9392, 0.3702,-3.1868, 2.7924,-0.4055, 0.4594, 4.4503, 2.4807, 2.5399,-2.7492,-1.5627, 4.8835, 1.2679, 1.0306,-3.1722, 3.3959,-3.8605,-3.5350,-0.7325,-1.3651,-2.8706, 2.2753,-2.1637,-0.3629,-2.0736, 0.3355, 4.0936,-3.4244, 1.5052,-4.2296,-2.6148,-3.4725,-4.4424,-0.5574, 0.4779,-4.9239,-2.3707,-0.7304, 2.4060,-0.1622,-4.2497,-1.6310,-2.5976,-3.7292,-0.1001, 1.0572, 1.8776,-0.5767, 1.8698, 1.4874, 4.8799, 2.3881, 2.3857, 3.6957, 1.2914, 3.4696,-2.3770, 0.3522,-4.4535,-1.3959, 0.6023, 4.3673,-1.4354,-0.9642,-2.2726,-2.9966, 1.7671,-2.9145,-1.4794, 1.6732
-0.6909, 4.3635,-2.0923, 1.0280,-2.2378, 0.8003, 4.6940, 4.2266,-1.6627, 3.5220, 4.0046,-4.8649,-0.3024,-3.5580, 3.2504, 0.6663,-4.3041, 2.3728,-3.1599,-4.5492,-3.1924,-0.9161,-2.5424, 2.5602,-1.1194,-4.8367, 4.0166,-0.2093,-0.0307, 1.6701, 3.7837,-0.9385, 4.9403, 2.9114,-1.3798,-2.3973,-3.8870, 2.1556, 3.3344, 2.6768,-2.5646,-3.9504, 2.0909, 4.9054,-0.7411,-1.2836, 4.5224, 2.5490,-4.3113,-3.3715,-3.3229, 2.7208,-3.7282,-2.6137, 1.6195,-4.5888,-0.0853, 0.2428, 4.2853, 4.2195, 0.1244, 2.6768,-2.4753, 2.0798,-1.0221, 4.7377, 4.0014, 2.8714,-2.2822, 1.6455
-2.9138, 2.3023, 3.2986, 0.9655,-1.9534,-0.8190, 2.7988,-0.7721, 1.9322, 3.3096, 4.8563, 2.3727, 4.6486,-3.0971,-0.6355,-4.4247,-0.1354,-2.6951, 2.9298,-1.6990,-4.0068,-2.8301,-1.3141,-2.8955, 1.3522, 1.5278,-0.2221,-0.4531, 3.4963,-4.7409, 1.6635,-3.9086, 0.3846, 2.3108, 1.6233, 0.0562,-4.5942,-3.4156, 4.4111, 3.8896,-3.4885,-3.3159, 4.1390, 3.0431, 3.4954,-4.8596,-2.0899, 2.6939,-2.0820,-2.7943, 2.0770,-0.9899, 3.7241, 1.4167, 4.6594, 3.4564,-3.9262,-4.3130,-1.8838,-2.5192, 4.5540, 4.5614, 2.9266, 0.7662, 0.3588, 2.2714, 0.4638,-4.8744, 0.8941, 1.8753
 1.9330,-0.6428,-4.4803, 2.1554,-3.5765, 0.0012,-4.7616,-4.3746,-1.2477,-0.4629,-3.8226,-2.8483,-0.3240,-2.0438, 4.2423, 1.8189,-4.9247, 0.7297,-4.9552,-1.8258,-4.6150, 3.5758,-0.3011,-2.6382,-3.3286, 1.6509, 4.0428,-4.3974,-0.3250,-1.7566,-4.6960, 1.3785,-4.2513,-3.5835, 4.9901, 2.0384, 4.9709, 1.3290,-0.0011,-3.0514,-0.3091,-3.6495, 2.3320, 1.9039, 2.7342, 0.5086, 0.2094,-1.9375,-4.9945,-0.3512, 0.4700, 2.7647,-2.2964, 1.7782,-4.5567, 2.6590, 1.4289,-0.3850, 3.4994, 4.3554,-1.6453,-4.4268,-4.6682,-3.5949,-2.9377, 1.9500,-3.1253,-2.7207, 4.2814,-0.0962
-1.2815,-0.8749,-2.3836,-1.7371,-1.0250,-3.5839,-1.6738, 1.8986, 4.6148,-0.7027, 0.5738,-4.8912, 3.6139,-1.2262, 3.7206,-2.7743,-3.4020,-4.6680, 0.4497, 0.1043, 1.8163,-1.4410,-1.2333, 3.7654,-4.0735, 3.6160, 4.0390,-1.4167,-1.3842, 4.5055,-0.8597, 2.7932,-0.2125,-4.9431,-4.2048, 2.0508,-4.4845,-3.6461, 3.8106, 2.2129,-2.1762, 3.1133,-4.7316,-4.1976, 4.4423,-3.1098, 2.9574, 0.6694, 3.9288, 3.1661,-1.4318, 2.8530, 2.2775, 1.3302, 4.8388, 2.8133, 4.6741,-1.8114,-3.1908, 0.7906, 2.5334,-1.0084, 3.6426, 0.9873, 1.9263, 4.4628, 0.5759,-1.1672,-3.6421, 4.0022
-2.3318, 1.2405,-2.0704,-1.4563, 0.3259,-4.3942,-4.6552, 2.9290, 1.5789,-2.9238, 3.0246,-3.8794,-1.0474,-0.8380, 0.2063,-3.6333, 4.2379, 1.9488, 2.3059,-3.3838, 3.6193,-3.6912,-1.8945, 3.4127, 4.3700, 1.3225, 4.7669, 1.3482, 0.8828, 4.8059, 0.3763,-4.5986,-2.2970, 0.0173,-0.4234, 3.7556,-3.9483,-4.2300,-0.5466,-0.5925, 1.5113, 0.1500, 0.9482,-0.9293, 0.3648,-0.7892, 2.6674, 1.8737, 2.9890, 0.3883, 2.2399, 2.1785,-0.2986,-3.7017,-0.6258, 4.6075, 4.4548,-2.6415, 2.5607,-0.3848, 1.3655, 2.1216, 0.6908, 3.3335,-3.6016, 0.1000,-2.9604,-0.6236,-2.8235, 4.5139
 3.9226, 1.4567,-0.5989,-1.5204,-1.2583,-1.0607,-4.2732,-1.9046, 4.2257, 2.5995, 4.2878, 3.9710, 3.5738, 2.3776,-1.8331, 4.6941, 4.0107,-1.9214, 4.2736, 2.9874,-4.3699,-0.7365, 0.7591, 2.6605,-3.9666,-4.6785,-3.5339, 0.2822,-3.4777, 1.4403,-3.8904, 1.3056,-0.3761, 3.7398,-2.9792,-2.8928,-0.5299, 1.9401,-4.9825,-1.7999,-4.6115, 1.7154,-3.0406,-0.4724, 1.0574,-3.6839, 4.2532,-2.9354,-2.3012, 1.6721, 4.8518, 0.8927, 0.1502,-2.4700,-0.7194,-1.1510,-1.0599,-3.2593,-3.7510, 0.0543,-4.9532,-3.2223,-3.8089,-4.7606, 3.6320,-2.6389, 3.3415, 4.6066, 1.8668,-2.3130
-1.3468, 4.3846,-3.2831, 3.1471,-0.5108, 4.0530, 1.8423, 4.2688, 3.0344, 0.2495, 0.6635,-1.8734,-1.6156, 3.4777,-3.7293,-1.5323,-4.8347, 4.7682, 3.2774, 4.5604,-4.0228, 4.9990, 2.9609, 0.0107, 2.7607, 3.4056, 3.4060, 0.7127, 2.5094,-4.9666, 1.8437,-1.4884, 4.7075,-4.2535,-2.6186,-1.4128, 1.5767,-1.0090,-1.5171, 2.9756, 2.1691,-2.1461, 2.7793, 2.6876,-4.8887,-4.6914,-4.0210, 1.3920,-3.6704, 1.1378,-0.7860, 2.4705,-2.0774,-4.8971,-4.7489,-0.9508, 1.1201,-0.3530, 4.2667, 1.6413,-2.3745,-3.4594,-2.3140, 2.4878,-4.2128, 4.2221,-1.3263, 1.1787, 1.0016,-1.0446
 2.2506,-3.1580,-0.3847,-2.8001, 1.0450,-3.5018,-2.0894, 2.9282,-2.6681, 4.6845,-3.9615,-2.0016,-3.1587,-1.8020, 3.8573,-4.0321,-3.1284, 4.5393,-0.6284, 2.9945,-1.2016, 3.1273,-1.0244,-4.4708,-4.5902, 0.8254, 2.1250, 2.3860, 3.2982, 3.4356,-4.7850,-2.8639,-1.4174, 4.7693,-1.2379, 0.4098, 4.5814, 1.1209,-0.8136, 0.9985, 3.9964, 3.3533, 4.8800, 0.9513, 1.0320,-0.3102,-4.0251, 3.0044, 4.7897,-4.7738,-4.2203, 0.7545,-1.8990, 3.8674, 1.1782, 3.2729, 0.3970,-0.5565,-1.3653, 2.5578, 1.2810,-1.8096,-4.2146,-2.0822,-0.4914, 2.8155,-2.8613,-1.4382, 0.8126,-4.7572
 2.2160, 1.6544, 1.2909,-0.5517,-0.8030,-1.2267,-0.6144,-0.5998, 4.9254, 4.7548, 2.8786,-0.5527, 2.2450,-3.5434,-1.4629,-1.2640,-1.2938,-2.5853, 3.1710,-1.3943, 0.3119,-4.4206, 1.4453,-0.4913, 3.6383, 3.0483,-1.5467,-1.7931,-2.9830, 1.9436,-1.1581, 1.0925, 3.8630, 1.5195,-0.8044,-2.0431, 3.6785,-2.1720,-4.6474, 3.5408,-1.0880, 3.1670,-0.4509,-2.0062, 0.8465,-0.4141,-1.1252,-0.9793, 4.1880,-2.5810, 0.7033,-0.9427,-0.7070, 2.1410,-0.3614, 2.0490,-2.1430, 2.3379,-4.1343, 0.4120, 4.7471,-3.3569, 2.4106,-4.7641, 2.2829, 2.7865,-1.3863,-2.1740, 3.6292, 0.5800
-1.8665, 2.8702, 1.9009, 4.4742,-1.7866, 4.3419, 3.2422,-2.7824,-1.1536,-3.2329,-4.2106,-2.0972, 1.5239, 3.0817,-4.6758, 4.9734,-0.7573,-3.6161, 2.4086,-1.7928,-3.8052, 2.8820, 3.9006,-0.9607, 2.3660, 4.1979,-1.5094, 0.1540, 0.5604,-0.7875,-3.3856,-0.0366, 0.6976, 0.3305,-0.0111, 1.9617, 3.4083, 2.6145,-4.7651,-1.4281,-4.0598, 1.4848, 3.1866, 0.2800, 1.1051, 4.9804, 4.7060, 1.0115, 1.8409, 1.1161, 4.9179,-0.6568,-0.4560,-1.1520, 1.9647, 4.4132, 3.4281,-0.3962,-3.7988,-2.9396, 1.5045,-0.0320, 0.2861, 4.5357, 2.5971,-2.3621,-1.7797,-0.1356,-1.5744,-3.4954
-1.6671,-4.1613,-2.0529,-2.4642, 1.2241,-4.6806, 4.6362,-2.1908,-0.2617, 2.0550,-1.5256, 4.7885, 2.4943,-2.7427, 3.4902,-2.4188,-1.7063,-2.4433,-1.3291,-1.0890, 4.5304, 4.1723,-4.9472, 4.1872,-3.1894,-2.1836,-4.7571,-1.0316, 0.4785,-1.0357,-4.4848,-3.2921,-1.6192,-3.4006, 1.0036, 1.1514, 3.0395,-3.1106,-3.8928, 3.5151, 0.3586,-4.5333,-1.6079, 3.3528,-3.8525, 0.1000, 2.5992, 4.5584,-1.6870,-3.8293, 1.8852,-0.9941, 4.2439, 4.2882,-4.6974, 4.6775, 0.4076,-2.1344, 0.5945, 3.2944,-3.9225,-3.2258, 2.9134, 3.8258,-2.4834,-3.0268,-1.0570, 2.5409, 2.6844, 2.5969
 0.3080,-2.9239,-2.6702,-1.5357,-1.1782, 3.3947, 2.8909,-4.7564, 4.7907,-4.3886,-4.2660,-4.5664,-1.9392,-4.3251,-2.5030,-4.7466, 3.0805,-4.9331, 2.6364, 1.7888, 4.5757, 0.7609,-1.4351, 0.5553, 0.5084, 2.8364,-2.9499, 3.0533,-1.6692,-2.2470, 0.8686,-2.2682,-2.0427, 4.7153, 3.4674,-0.4406, 3.7700,-2.0096,-4.8681,-1.8567,-0.5595,-0.3763, 0.2155, 2.1072, 4.5386,-2.2494,-3.3638, 0.9980,-0.2982,-4.7534, 1.8606,-1.4688,-4.1522,-1.7345, 4.8246, 4.2932, 0.2983,-2.1674,-4.3291, 2.7855, 0.3368, 4.4425,-3.8261,-3.2812,-1.8836, 2.9635, 0.6728,-2.1721, 2.7349,-2.6204
 4.1720,-3.3604, 4.7363,-1.7493,-3.7398, 3.7951, 2.7309, 2.9258,-3.1377,-2.4765, 0.1374,-3.3505,-1.1338,-2.0218, 4.3772, 1.6347, 1.1385, 0.6865, 1.5867, 0.1201,-1.0053, 1.9353,-2.2456,-0.6949,-1.4287,-1.2747, 0.1769,-1.7296,-0.1276, 2.0172, 1.5306,-1.2058, 1.2159,-3.1449,-0.0782,-0.2977,-1.8921, 2.2120,-0.4775,-3.5599, 2.2641,-4.6989, 4.9942, 0.5555, 3.9150,-0.7705,-4.7951,-2.0533, 2.6725, 4.2760,-0.3983,-1.7494, 4.3796, 1.3344, 1.3133, 4.4741,-2.5852,-4.0571, 2.4130, 4.0429, 2.8181,-0.9000, 4.4516, 0.2171, 4.3041, 1.8269, 4.4495, 4.2110, 3.2553,-4.2732
-2.7601, 4.6809,-3.8305, 1.1328, 4.0170, 1.4332,-1.9257, 0.4390,-3.2325,-1.4405, 0.4763,-1.5582, 0.3226,-1.7538,-1.3734,-3.2449,-2.4121,-0.5126,-1.4228,-3.0715, 1.0746, 1.0539,-2.3534,-1.4308, 4.1644,-2.2920,-4.4478, 2.1609, 2.0686, 2.2009, 3.8999,-3.5459,-0.2592, 3.8683, 4.0887,-1.8861,-0.9619,-3.7123,-0.7492,-3.6347,-0.7401,-4.6405, 1.5061,-0.1678, 2.7899,-0.9105, 4.1196,-1.8459, 1.5185,-4.7960, 0.0973,-4.1641, 4.0086, 1.5861,-0.0750,-0.5507,-4.5706, 1.2195, 3.4550,-1.6387, 1.7805,-3.8924,-3.5992,-2.9456, 4.0758,-1.8935, 4.6701, 2.3956,-3.8312, 1.4442
 4.5595,-0.3786,-0.2532, 2.1154, 0.6817,-0.4866,-2.9574,-4.5314, 4.5998, 4.8639,-4.6328, 1.6331,-2.2779, 1.8165,-1.6803, 4.0269,-0.5632, 0.1340, 1.5353, 1.3827,-4.3892, 3.1748, 1.8785,-3.8699, 3.0315, 3.9233,-4.4706, 3.4673, 2.3699,-3.6187, 1.1239,-1.7601, 2.2905, 3.6425,-3.2130,-4.2212, 4.7738, 0.3461,-3.4154,-1.1229, 2.7732, 3.4719,-4.6772,-3.4401,-2.7763, 4.8569,-3.2642,-2.9531,-4.3379,-2.9368, 1.2872,-1.8979,-3.0379, 2.0909, 3.7192,-0.1032,-2.1621,-1.7759, 4.2220,-1.1571,-1.0002,-2.3670, 1.2292,-2.1712,-4.1843,-3.9596, 1.2113, 2.6178,-0.0559,-1.7668
-4.2167, 0.0291, 3.0098, 3.7395,-4.4573,-0.3465,-1.9748,-0.2085,-0.8865, 3.6588, 4.5658, 4.9438, 2.5240, 3.9784,-1.7334,-3.7805, 3.4727,-3.4267,-3.7853,-2.2002, 1.5931, 3.7700, 4.2428,-0.7170,-4.0730, 4.9262,-3.7586, 2.0339,-1.1375, 2.1503, 0.5096,-0.5368,-1.5055,-4.8856, 3.9051, 3.5482, 1.1093, 2.0514,-0.0147,-3.3947,-3.2696,-4.3193,-1.5713, 3.0485,-3.6961,-4.9150, 4.0594,-2.8661,-3.3003,-0.2239, 3.0879, 1.9187, 4.7981, 1.7142,-2.3532,-3.9318,-4.2571, 2.0433,-3.7501,-2.7647,-3.1794,-2.2227,-3.3898,-0.2647,-3.3365,-4.9122, 0.4557,-2.4048, 1.9535,-1.6031
-2.6520, 4.6746, 0.8337,-3.7488,-4.5697, 2.2299, 4.9425,-0.2354,-0.1580,-1.1171, 0.0767, 4.4650, 3.8364,-4.6706, 2.1270,-2.4986,-3.8808, 3.5051,-1.6174,-0.3056,-2.4661, 0.5930, 2.6648,-2.2389,-4.3266,-4.6202,-0.9389, 3.4068,-1.0935, 0.0883,-2.1038,-1.4927, 1.3848,-2.1168, 1.8237,-2.0251, 3.9920, 2.9745,-0.3767, 1.6777, 4.8322, 0.4108,-0.1650,-2.6394,-2.4517, 1.1328,-3.0344,-0.4018, 2.5239,-0.7032,-4.1020,-2.7812,-3.9066, 2.6353,-1.5372, 3.5641,-3.7642, 1.6239,-0.8694, 3.6622, 4.7340, 1.7332,-2.2802,-4.2433,-1.8755,-2.0756,-3.5399, 4.3335,-2.7567, 2.6563
