 4.4557, 4.2907,-1.2027, 4.7101, 3.3342,-1.7723,-1.8113,-2.4244,-3.8420,-3.1806, 2.0900,-0.0254, 2.2473,-4.0117, 2.2194,-3.8899,-3.0777,-3.5732,-1.6743,-0.9057,-1.0064, 2.0329,-4.1884, 4.9239, 2.7455, 2.1786, 0.8579, 2.9362,-2.7785,-4.5953,-0.4785,-3.5522,-1.3854,-2.2376,-4.1041, 4.8857, 0.5848,-3.2460,-1.8408, 2.5279, 3.0933,-1.8540,-0.0977,-4.4994,-0.3028, 4.3969,-2.8882, 0.4112, 4.2450, 4.6575, 3.9075, 0.0550, 1.7336, 2.7401,-4.4231, 0.8298, 2.8590, 1.3459, 0.2443, 3.0828, 3.3974,-1.8691,-4.0947, 4.5585, 1.6580, 4.3226,-1.1907, 2.1085,-0.0689, 2.8466
-4.0667, 1.7601,-0.6873, 4.9390,-2.9854, 3.1033,-1.2402, 3.9356,-2.8128, 1.1599,-4.9049,-1.2038,-4.2094,-1.9946,-0.7998, 3.0609, 3.8202, 4.5240, 0.1924, 0.8051, 1.5262, 2.1133,-0.3247, 4.9904, 0.9677, 4.2832,-0.3738, 4.9729,-1.2041, 1.3607, 4.2310,-1.9734, 2.4283, 0.6641,-2.5134, 4.1848, 2.1598, 3.9754,-2.3151, 0.4753, 1.9983,-2.0052, 1.9005,-3.4476, 0.9741, 1.5758,-4.6245,-2.5645, 2.7481,-4.6301, 3.5426,-3.5227,-4.6358, 1.3633,-0.3350,-3.1641,-1.8906, 3.3185, 4.6038,-1.5581, 0.0117,-0.5990,-0.0462,-2.5791,-3.6615, 1.8478, 2.3136,-2.3276, 3.3159, 0.6056
 2.8120,-1.0533, 3.1591, 4.5448,-3.6256,-3.6579, 0.9145, 4.6391,-2.5153, 1.3622,-3.3730,-3.8132, 2.4710,-4.6880,-3.4101,-2.4856,-0.2512, 4.6043,-0.5925,-4.8098, 4.4792, 0.9769, 1.0247,-2.0737, 0.2129,-2.8753,-0.8525,-1.1242, 3.0649,-4.9299, 2.3691, 0.3069, 2.3387,-2.6862,-4.9911, 1.4898,-0.5841, 4.7372,-2.1994,-0.3792,-3.4561,-4.0085,-1.7179, 2.1167,-1.4235, 3.9529,-4.0466, 2.3355,-3.8584, 1.0842,-3.0857, 4.0441, 3.5802,-1.0571,-3.1907, 1.4193,-3.4164, 1.0017, 2.0578, 2.9172,-2.6911,-1.2343, 2.5512, 1.2042,-0.0479, 4.0209, 1.1447,-0.7351, 1.5196, 4.4911
 4.9382, 2.9532,-0.0120,-0.4222,-2.7727, 4.4724, 1.1436, 3.8602,-0.5965, 3.9678,-0.3625, 0.8705, 1.7794,-0.7672,-0.1849, 2.0575, 1.6904,-2.7154, 4.9591,-1.0803,-4.2423,-0.9866,-4.3775,-4.4216,-2.4871,-1.0256,-4.0187,-4.7416,-1.6544, 4.8753, 2.8207, 0.7216,-3.8989,-4.5040, 0.5979, 1.0979, 0.8105, 4.8537, 0.5967,-4.8109, 2.9275,-1.1165, 1.9705, 4.0213,-1.0829,-0.4574, 2.2296, 0.9804, 4.1932, 0.8550, 4.6074,-2.1867, 0.4383, 0.8239, 0.9575, 3.9784,-0.4901,-1.2486, 1.2472, 1.8182, 0.5454, 3.5241, 2.5685,-0.2840, 3.1090, 3.9507,-3.9333,-2.7475,-4.1666, 0.3219
 1.0448,-0.1927,-1.6068, 1.9552, 0.8184, 0.3429, 0.4730,-2.7826,-0.7661, 3.5076, 2.9159, 3.9684, 2.0852,-0.6918, 2.6589, 2.2190, 1.8975, 4.0767,-3.3565, 0.4860, 1.7998,-4.7268,-2.9011,-3.4041,-3.3387,-2.1964,-0.1180, 1.2569, 4.3351, 2.2796, 0.6951, 1.9249,-0.4381,-2.3982, 2.1184, 2.1360,-0.6962, 3.1730, 1.0674, 4.7205, 4.2744,-0.6533,-3.8067,-3.6556, 0.3873, 1.4665,-4.7665, 4.4006,-0.1219, 2.5771,-4.3003,-4.3259,-0.6350,-0.4324, 2.8932,-4.5248,-1.3482,-1.8522,-4.8571, 1.7946, 2.5556,-2.6301,-4.4706,-1.5583, 3.0679,-1.6453, 2.2408,-3.2778,-4.4052, 3.0907
 4.8025, 3.3573,-0.7927, 0.7789, 2.4262,-4.3620, 3.8736,-4.6732, 4.5608, 3.0286, 4.1425, 0.6817, 0.0001,-0.4717,-2.2467,-0.1798, 1.0182, 1.9559,-3.7495, 4.4120,-4.9301,-2.5871,-0.6292,-3.2221,-0.8830,-1.2572,-2.4096, 1.7253, 2.0744, 0.8219, 1.8558, 3.0688, 0.2392,-3.9243, 3.3201,-2.8661, 3.1718, 3.5805,-1.0416,-4.3314, 1.0983,-0.7454,-0.3655, 3.5812,-4.2427, 4.0423,-2.4279, 3.1306,-0.3400,-3.6677,-4.2634,-0.0021,-4.5499,-3.8849, 1.7347,-1.3847, 2.5519, 2.3630, 1.4807,-2.9241,-3.5153, 0.9789, 2.6300,-3.7449,-0.4764,-2.5148, 3.7652,-4.4505,-1.4010,-2.4192
 4.3473, 4.9001, 1.1149, 2.2698, 3.8426, 0.3526, 1.4448, 1.6967,-4.4247, 4.8591,-1.1802, 3.4579,-1.6579, 2.9558,-1.7823, 4.4176,-4.4405, 0.5049, 3.6235, 1.8259,-2.9737,-4.4203, 3.4938, 1.1035,-1.7263, 4.3543, 4.3217, 1.2414, 3.7813,-0.1915,-1.0074, 0.8497,-2.0456,-0.3420, 4.1820, 4.4309, 1.2277, 1.3617,-4.6246,-2.6019,-4.3833, 1.2313,-0.4820,-3.3382,-0.1797, 1.8940,-0.3099, 2.3424,-2.1679, 2.4720, 1.5627,-1.1492,-4.8370, 3.9126, 0.5370,-2.1724,-2.2654,-4.6494, 1.2319,-2.4692,-4.3625, 3.7318, 4.5987,-3.3340, 1.3562,-2.6722, 1.1516,-3.9982,-4.2918, 1.9708
 2.3386,-3.5540, 0.4746, 2.8032,-1.3739, 3.6307,-2.1649,-4.4735,-3.4107,-3.0363, 4.2987,-0.9624, 1.0967,-4.9251, 1.3821,-4.3415, 1.4406, 3.4119,-1.5486, 0.4551, 1.5268,-0.9824,-4.0262, 2.9880, 0.7770,-3.6996,-3.1248,-3.3346,-4.1208, 3.6141, 3.4978,-2.3911, 4.6333, 4.7568,-2.0115,-0.1932,-4.6445, 0.3889,-1.6227,-2.5094, 3.7043, 4.0248,-1.8371, 4.7195,-3.0404,-0.6323, 4.2990,-0.1083, 2.1257,-4.9223,-4.7258,-0.4239,-2.2383,-3.3351, 3.8986, 4.1020, 0.2981,-2.2159, 3.6592,-1.0657,-2.1804,-2.7088, 2.2746, 1.5697,-2.8977,-1.8496,-2.7238, 2.1317,-2.5191,-1.6137
-2.6449, 0.9291, 3.2233,-4.9689,-0.2336,-3.7979,-1.2766, 0.7537, 1.5393,-1.6992,-1.4670, 4.5061, 0.1148, 4.4026,-2.5313, 3.7521,-4.4659,-4.9289,-1.4905, 0.9775, 0.8502,-3.0002,-0.6164,-0.5765, 2.5469,-4.8844, 0.0257,-1.6797,-0.6306,-4.2861,-3.3129,-3.9575,-3.0881, 2.4726, 0.4024,-3.0784,-4.8403, 0.1444,-1.6617, 2.7247,-3.5430,-1.9316,-0.3881,-1.5568,-3.0723,-4.4018, 3.4817,-1.6055,-3.4270,-0.8376,-0.8255, 4.0209, 3.4867,-3.0384, 1.2977, 1.9846, 1.3046, 4.7217, 4.8090,-1.7075,-2.9246,-0.9549, 2.6186, 0.5351, 4.0029,-2.0885,-0.5220,-1.0407, 2.2106, 3.5566
-4.8118,-3.2896,-4.1822,-4.3533, 3.0576, 0.9579,-3.6026,-0.6874, 4.6665,-4.9111,-0.6981,-3.0656,-1.4398, 3.8550,-3.5503,-1.4013,-1.0935,-3.0471, 0.5526, 2.5708, 2.2117,-4.6692, 2.7760,-4.6163,-3.9811,-4.9932,-4.3276,-3.3109,-2.4213,-3.9617, 4.3866,-2.6297, 3.8710,-3.9798,-2.4140,-4.5526, 0.1041,-3.2878, 1.5366,-2.5567,-2.7250,-3.7315,-1.1195,-4.2867, 3.4374,-3.0621,-1.4568, 3.0768,-1.4858, 4.5790, 0.2455, 2.8243, 0.7779, 2.4472, 1.2403,-3.6316, 2.6525, 1.0836, 0.5170,-1.3718, 1.8901, 3.1133, 4.9663, 0.8988,-1.4529, 3.6955,-0.8171, 1.8957, 2.5524, 2.3590
 2.1924,-2.0933,-3.5405, 1.8545, 1.0020,-2.7730, 1.3234,-4.6784, 2.0002, 1.8054, 3.5592,-4.6366,-3.3951, 0.1154, 0.0453, 0.6287, 3.6109,-3.9166, 1.9995, 1.8958, 1.6523, 0.1835, 1.1777,-4.4084, 3.7254, 2.4206, 4.9109, 0.2802, 2.4411, 1.9458,-3.8797, 1.3737,-1.0650, 3.8569,-0.8195,-3.8216, 1.6090,-3.4689, 2.9131, 4.2199,-4.3655, 2.7800, 0.6998, 2.3813, 1.6591, 2.1950,-4.1737,-0.4341, 4.8798,-3.7678, 2.3878,-2.9762,-4.2146, 0.7474,-3.9190, 1.4901, 0.8520, 2.3899,-3.1916, 1.6741, 2.8353,-1.7627, 0.8149,-4.3876,-1.0708,-3.1136,-4.5223, 2.9697,-0.7896, 2.2266
 3.4531, 0.3584,-2.8890, 0.7896, 3.1094,-1.7117, 2.9750,-1.2850,-2.8427,-4.0172,-1.3483,-1.6889,-3.9415, 1.4034,-0.8668, 2.8910,-2.6396,-0.4553,-1.2323,-0.9771, 4.2942,-4.7917, 2.2908,-1.3468,-3.4710,-4.4805,-4.8550, 1.3785, 0.7084,-4.9207,-1.4126,-0.3313, 0.0527,-1.3632,-4.4231, 4.5183, 4.6161, 0.0156,-2.5894,-0.3929,-2.0215,-4.1504,-0.2390, 0.0820,-3.7563,-3.5287, 1.1975,-3.2791,-4.4515,-4.7243, 0.0080,-3.9601, 0.9223, 4.7893,-3.4942, 1.7202,-2.5211, 0.8737,-0.1130,-3.3669, 0.8176,-2.8595, 2.8335,-4.1538, 3.3112,-0.4132, 4.9755, 0.3180,-2.9162, 0.9164
-0.4033, 0.9467, 0.5638, 2.4924,-3.9978, 3.2270,-3.6983,-3.7821, 2.0926, 2.2658, 3.3344,-3.8087,-2.4209,-1.9792,-3.9769,-0.7875, 1.6325, 3.1773,-2.3087,-3.0153,-0.0509, 2.3647, 2.2886,-4.0815, 4.4569,-3.6792,-2.1454, 1.2838, 1.1215, 0.4562, 3.5674,-2.6835, 2.7617,-3.0944, 4.9402,-1.0981, 3.9415, 3.2890, 1.6905,-4.6787,-0.2011,-2.4190, 3.5644,-4.2918, 0.1225, 2.6915, 4.7781,-4.7505, 4.3750,-4.3441,-2.1887,-3.2604, 0.3812, 1.6154,-2.1845, 3.3041, 2.8952,-3.3662, 2.0908, 3.0278,-2.0944,-3.0975,-0.0384, 3.6131,-2.2099,-2.4066, 0.7495,-0.1966, 3.9240, 2.4692
 1.9106, 3.6174, 4.8903, 3.7861, 3.4871, 2.2477,-3.1762, 2.3139, 2.0548, 1.9694, 3.0138, 2.2150, 1.9500, 2.4828,-3.0805,-4.2521,-1.7862,-3.4904, 2.3899, 2.9762,-2.7278,-3.9913,-4.4439,-0.8370, 2.3392, 1.2340, 0.1729,-2.8053, 3.4048, 1.9850, 4.4822,-1.4072,-4.0500, 1.3264, 2.2917,-4.2207,-4.7863, 0.9968, 3.5205, 0.2973, 4.6919,-0.0960,-1.9150,-3.3844, 2.1147,-1.6416, 2.5608,-3.9727, 4.9951, 0.1102, 1.2774,-0.4125, 1.4942, 4.4491, 1.0182,-2.4893,-0.4787, 2.7321,-3.6276,-1.4831, 3.4688, 3.0347,-1.2495,-4.6466,-4.5619,-1.2649, 4.8262, 4.6349,-2.8891,-0.1583
-1.6595,-3.6751,-0.5857,-1.2273,-3.0633, 4.2434,-2.3295,-0.0208, 0.9575,-1.1139,-0.5939, 1.7019,-4.8892, 3.4184,-3.5726, 2.5930,-2.0712, 2.8541, 1.1875,-0.9149, 1.6013,-0.3003,-4.6398, 0.4385, 4.0432, 4.9318, 1.0953, 3.6166, 1.2222, 2.7560,-3.9075,-2.5308,-3.7170,-2.3264, 4.5425, 2.1680,-2.8676,-2.6269, 0.3464, 2.8378, 0.0962,-3.5957,-3.8973,-4.3558,-2.1434, 4.3952, 4.9446,-3.5226,-1.8581,-1.6615,-2.0261,-4.1196, 0.1610, 4.6184,-3.1446, 1.2430,-2.6812,-1.6566, 4.4403,-4.3729,-3.0863,-3.0449, 0.8703,-3.6565,-2.4449, 3.6047, 4.4613, 0.8114, 4.9441, 2.7394
-1.1051, 2.3327, 1.5664, 1.3356, 0.7401,-3.9811,-0.9173,-3.8009, 0.5179, 3.4522,-0.4979, 3.4048, 0.6786,-4.3846,-4.8536,-4.1852,-3.9722,-3.6272,-0.9588,-2.9910, 4.5783, 1.8007, 0.6179, 3.7896,-4.7627,-4.6418,-1.7762, 3.4510,-3.4352, 0.4482, 1.6612,-0.5562,-1.8074, 2.2720, 1.8703, 4.6366,-1.4399,-4.3706, 4.3142,-0.6815,-4.2781, 1.1783, 4.4506,-1.5793, 3.1609, 0.6509, 2.2195, 3.5036, 1.9803, 4.3359, 4.9056,-1.2701, 2.6962,-0.2105, 3.1335,-3.2377, 4.7325, 1.1874, 3.2250, 0.0694,-2.3181, 0.4421,-3.6426, 2.3837,-3.0623, 4.5139, 0.0691, 0.3521, 2.1615, 3.6732
-0.2363,-2.6025, 3.2092,-0.8765,-2.3893, 2.2786, 0.9204,-2.2796,-3.6491, 3.1142, 3.3741,-0.7103,-3.8726, 4.5886,-4.2883,-3.8022,-0.2308, 3.6264, 0.2274,-0.2278,-2.4612,-1.7944,-1.7196,-2.4249,-0.6699, 4.0159,-2.4921, 2.0730,-3.8356, 3.7664, 3.7826,-0.2069,-4.0683,-4.3808, 1.7547, 4.1561, 3.6532,-1.6337, 0.9171,-4.8686, 1.2322, 1.8495, 1.8201, 0.6658,-3.6666, 2.3875,-1.0638, 0.1616, 1.2018,-3.2521,-3.4212, 1.8672,-1.2147, 2.7767,-1.9004,-0.2906,-1.2667,-3.1168,-3.1274, 1.4105, 4.4856,-1.8991, 3.0969, 0.0974, 3.6968, 3.9408,-3.1223,-2.0171,-2.5190,-1.7615
-0.4285, 4.6570,-2.1949, 2.2320, 1.4380, 2.9529, 3.1996, 0.0600,-1.1345, 3.2739,-0.8183,-4.7001, 4.2169,-2.7187,-3.7918, 4.8785,-2.1777, 1.6292,-0.4194, 1.7460, 4.7124, 3.4758,-1.2871,-3.3015,-0.0641, 0.4965, 0.1324, 3.1316, 2.1134,-1.8992,-0.4048,-4.5287, 2.0759,-1.1723,-0.0251,-0.2549,-4.3537,-1.7551, 1.9326,-1.9990,-4.0335,-4.9183, 2.9860, 4.6358, 4.1607, 1.7923,-2.3986,-1.6723,-4.7961, 3.8917, 0.5418, 1.4143,-2.7067,-3.8549, 0.3736,-0.4679,-2.5383,-0.7329,-4.0519, 4.1030, 2.7062,-1.5484,-4.1005,-3.0266, 1.7754,-2.1303, 0.2038,-3.7118,-0.4100, 1.2291
-4.7149, 2.7125,-3.2827,-4.6609,-3.0503,-4.4688, 3.2269,-3.6119, 4.9940,-3.4526,-2.1319, 1.5092, 2.4923, 1.5186, 1.5449,-1.7216, 4.4638,-1.2529,-3.6111,-1.9799, 2.6280,-1.3768,-3.9907, 1.5722,-2.3454,-4.6960,-2.1180,-3.2184,-4.3012, 3.0043, 3.1237,-1.2392,-4.0588, 2.3818,-3.0387,-2.4114, 3.7703,-3.3871, 4.9659,-1.7998, 2.5693, 3.9094, 3.4100,-0.3655, 2.1949, 3.1159, 0.4018, 3.7373, 1.7735, 0.0475, 2.0055, 4.8362,-3.0148,-3.6847, 1.5458,-1.3515, 2.0702,-1.2536, 4.6866, 1.5172, 1.4658, 3.8890, 2.2858,-4.8490, 1.1863, 4.0302,-4.5806, 1.1123, 4.6474, 4.8496
-1.3432,-4.5526, 1.8777, 2.9456,-0.3636,-0.1839,-3.3520, 3.5190, 1.8393,-2.7634,-3.0522,-1.4419, 1.3558,-1.6901, 0.3481,-3.8216,-0.2437, 1.5395,-2.3960, 4.9430, 2.8537,-2.7651, 2.6892,-3.8520, 0.8822, 0.3363,-3.0244,-1.2782,-3.3547, 1.4342,-4.3253,-2.6560, 4.2804,-2.9330,-0.3265, 1.3614, 3.4553, 3.8190,-4.3994, 3.4215, 4.3082, 0.2515,-0.9407, 1.9142,-1.6628, 1.2231,-1.4272, 1.2986, 3.9642, 3.6042, 4.5441, 3.5584,-3.9906,-2.0263, 0.8410, 2.8820, 4.0576, 2.5593, 2.2373, 2.9138, 2.9322,-3.0959, 1.5428, 1.2617,-3.4132,-4.2364,-1.3587, 1.7296, 3.1873,-2.4743
 4.8498,-3.6143,-2.8523, 0.9799, 0.0826, 1.5632, 0.8464,-1.5720, 2.8429, 0.0833, 0.4080, 2.0910,-2.8069,-4.0588, 3.9020,-3.7206, 2.1602,-1.0214, 1.2821, 4.4393,-2.4944,-4.5676, 3.7396,-4.3901, 3.5470,-3.3724, 3.4245,-3.3100, 1.0656,-2.6686,-4.1127, 1.7232, 1.1372, 4.7379, 0.0211,-1.0901, 1.8543, 3.4209,-1.9179,-4.6036, 3.5602,-4.1928,-1.3154, 0.9248, 1.3882, 0.9430,-1.4955, 1.1630, 0.2536, 2.3306, 2.6117,-4.8793, 4.1557,-4.9643,-1.9253, 3.4880,-3.8291, 4.1649,-4.4987,-3.5943, 3.8387, 2.3825, 0.5275,-0.1341,-0.1259, 0.8933,-3.2367,-4.3539,-3.4493, 0.3858
-3.6907,-1.1871,-4.7024, 2.4729,-4.0709, 2.5724, 4.3571,-1.4410,-4.0640, 1.7157,-4.5423,-1.2943,-1.4593, 4.1578,-2.2641,-0.9474,-4.1405,-1.0078, 0.8129, 4.2123, 1.7272, 3.8491,-4.2368,-1.6265,-2.6694,-0.4962, 3.8989, 1.0106,-0.6820,-0.7186,-1.8066,-0.1455,-1.0576,-1.2170,-3.6141,-4.3748,-4.0495, 1.1111, 3.8854,-0.9216, 1.5059, 2.6816,-1.9643,-1.4345, 0.9158, 0.9181, 3.3988,-0.1090,-3.9067, 2.7753,-0.4152, 4.0540,-4.9734, 4.9590,-1.6048, 3.3903,-3.9164, 3.9665, 0.4455,-0.9601, 0.8669,-2.7125,-0.7234,-3.5427,-2.3742, 0.4522, 4.9256, 1.2729,-0.3845,-0.6518
 0.5041,-3.6265,-2.9141, 3.1434,-4.4788, 1.8535, 4.9744, 2.5233, 3.2978, 0.9864, 4.0292,-4.4384, 1.2660,-1.3113,-1.4602,-4.1899,-1.9402, 0.8053, 3.5790,-2.7441,-3.0807, 2.0544, 3.7501, 2.2533,-4.1982, 3.9991,-1.8406, 0.4965,-1.0095, 1.4249,-3.1223, 1.8267,-4.9725, 4.7358, 2.7184, 1.7767,-2.6233, 0.0209,-0.6239,-3.8993, 2.3603,-0.5261,-2.1753,-3.9703, 3.2396,-3.4399, 1.6930,-3.8821, 3.7821, 1.1645,-3.4085,-2.3686, 2.5285, 4.6503,-4.9995,-1.6607, 2.8623,-4.5109,-2.8930,-0.3376, 1.1675, 2.8019, 4.8086, 4.9002,-0.4863, 2.1015,-2.3479, 2.4899,-4.9234,-0.1926
 1.2296, 1.4556,-2.3041, 2.5545, 3.5112, 0.0670,-0.9330, 1.4674,-3.5070,-1.4339,-4.2217,-1.3979, 0.9963, 3.1217,-0.3853,-2.0779,-1.9826,-2.1743, 2.5405,-1.8262, 3.3604,-4.3137,-0.7703,-1.2797, 3.7371,-1.5910,-3.6668, 0.7849, 3.8111,-4.7451, 3.4375, 1.6142, 3.6278, 0.0496,-1.8595,-4.7421,-3.5155, 3.7051, 0.8103, 1.5920,-1.1572,-1.9917,-2.4521,-2.5996,-1.3084, 3.6781, 3.3843,-1.4412,-3.9663,-1.2642,-3.3920,-4.8999,-3.9043,-1.3069,-1.3249,-2.0352,-2.5786, 0.2669,-0.9595,-2.5145,-0.7687,-0.8688, 1.1888,-2.0593,-3.4995,-3.4055,-2.2486, 0.2977,-0.9477,-0.5111
-4.8084, 1.1362,-2.6983, 0.8050, 2.6613, 2.4149, 1.3504, 4.7928,-4.7830,-0.9679, 0.0039,-2.8347,-3.0113, 0.2895, 3.3540, 2.6112,-1.8648,-4.5220, 0.4267, 0.1640, 3.6787, 2.6736, 0.0517,-3.3545, 3.3933,-0.7910, 2.4946,-1.7058, 0.2144, 3.5996,-0.3466,-2.8014,-2.4509,-1.0825, 0.9576, 1.5274, 3.5148, 0.3449, 0.9138, 1.8891,-3.2803, 1.4764,-1.5320, 2.2131,-2.0188, 1.3325,-3.9382, 1.5578, 3.2334, 3.8861,-0.5228, 3.5126, 3.7756, 2.8809, 4.6798, 2.8853, 2.3619, 2.5675,-4.7219,-1.6452,-3.9049,-3.3117,-0.4667,-2.4241,-3.4788, 3.1195,-1.1041,-4.0178,-4.5108, 3.0219
-1.3159, 0.3665, 0.5106, 0.2660, 3.9881,-3.1961, 4.9073, 1.7044,-3.6281, 3.9148, 4.0670,-3.2709, 4.3893,-3.2570, 3.0490, 1.5665, 3.3261,-2.2363,-3.7593, 4.8280, 3.5828,-1.7704, 2.9173, 4.0613,-1.3102,-1.1034,-3.7874, 1.6470,-2.4501, 2.6026,-1.1085, 0.8256,-1.1889,-2.6187,-4.6964, 3.2741, 2.7076,-2.9855, 2.1205, 0.1317,-0.8396, 0.3443, 3.2983, 1.8187, 2.7484, 4.2152,-4.7618, 3.6192, 1.8497,-3.0200,-4.5598,-1.7273, 0.4411, 3.1974,-4.1743, 1.9211,-3.9786, 1.7822,-4.9436,-1.3418,-1.9044, 3.4365, 0.3075, 1.6467, 1.1441,-1.1197, 1.9892, 3.7579, 1.4006,-1.2881
-0.1962, 1.6024, 4.0836,-3.8926, 0.6127, 4.6558, 2.3902, 4.3942,-3.5282, 4.6000, 3.5548, 4.6715,-0.9398,-1.3131, 4.8513,-3.1588, 2.0534, 3.5611,-4.9412,-0.9860, 4.7538, 1.7469, 0.9262,-1.3910, 4.8784, 4.1060, 2.7361,-1.9175, 3.4937,-1.2720, 4.9222, 0.4750, 2.3146, 2.8948, 0.6191,-2.6476,-3.1803, 0.9127,-3.2186,-2.0199,-4.9994,-0.0877,-3.6377, 4.0912,-0.8801, 3.1088, 2.1110, 1.0462,-2.2337, 4.2783, 0.2000,-1.3588, 4.5922, 4.0295, 3.9846,-2.7188,-2.4750, 0.1614,-0.8626, 0.3231,-0.2246,-0.8117,-2.7668, 4.5816,-1.9790, 2.3391,-3.9355,-1.3482, 1.8889,-2.9990
-2.8255,-3.0084,-3.7198,-0.5204,-4.1008,-2.3838, 4.8612, 3.2073,-3.0476,-3.0350,-3.2512, 3.5409, 1.0103,-2.0128, 4.5895, 2.3994,-2.2616,-0.8891, 1.1511, 0.5912,-0.2501,-0.8108, 1.1304,-4.2988, 3.2987,-1.1304,-3.8148, 2.4404,-4.6779, 3.6877, 0.3579,-2.4167,-3.5114, 1.1035, 0.7156,-0.6831, 1.8698, 3.2777, 0.2824, 2.2125, 2.9038,-0.6200, 3.8668,-2.4473,-2.7599,-2.2735, 0.3886,-4.1416, 1.2869,-2.9160, 1.5855, 4.7291,-2.2002,-3.6348, 0.7075,-4.8205, 1.1294,-1.2125, 0.3771, 0.1887,-2.2864, 4.6705, 4.0430, 3.8327,-3.9219,-4.9577,-3.5375, 1.9842,-4.1888, 0.3109
 0.9602,-2.3981, 3.3040, 0.3913, 1.7597, 2.8450,-2.9485,-3.1285, 2.9332, 2.9756,-0.5647,-1.6808, 2.1120, 0.7650,-2.1553, 0.6729, 2.4016,-4.3764, 2.1893, 2.7224,-4.0812, 3.0017,-4.1741,-3.5664,-1.4022, 2.0971,-1.6588, 0.2631, 4.0345, 1.4441,-0.6528, 1.3517,-1.4515, 2.1273, 3.2329,-3.5236,-3.6393,-2.2635, 1.5717,-0.9641, 0.4667,-3.7674, 1.9449,-1.2996, 1.8837,-0.9749, 3.4805,-4.6623, 3.7383, 4.5274, 1.5250, 3.6437, 4.7814,-2.2533, 0.5319,-4.0841,-2.6084,-1.3737, 2.4256,-2.4569,-2.8507,-1.2834, 2.6017, 0.7931,-0.4425,-3.4275, 4.5880, 1.5378, 3.9537, 1.4980
 1.0260, 3.3700, 1.9989, 0.5483,-1.5007,-1.6337,-2.8874, 1.7292,-2.3718, 1.2809, 4.5508,-2.2888,-0.6713, 3.5497,-4.2924, 2.3055,-2.0994,-0.8798, 4.6443,-1.6818, 1.7983, 3.4677, 4.4429, 0.5414, 0.8113, 4.1683, 1.0364, 3.5553,-4.2215, 4.0535, 0.9372,-0.3833,-4.1378, 2.4727, 1.7583,-1.7265, 2.9231, 4.5485,-2.6917, 0.9121,-4.8165, 3.8943, 1.5734,-4.0910, 3.1822, 0.1582,-4.4969,-3.6494, 0.6625,-4.1654,-4.9283,-2.6386, 0.5052, 1.0909,-1.6726,-0.5452, 2.2196, 3.4771,-2.8875,-0.9404,-3.2826, 3.4688,-3.2373,-2.1078,-4.7654, 1.5458,-0.7285,-3.4122, 3.2774, 2.3492
-0.9547, 4.4936,-1.6110, 0.2351, 2.1107,-0.4415,-1.8650, 3.3387, 2.7810,-2.9453, 0.3190, 2.5212,-0.6749, 3.9070,-3.4934, 2.8679, 3.4384, 3.3229, 1.2504,-0.2283,-3.2198, 3.7230,-4.8710,-2.3875,-3.8725,-3.7549,-1.7498,-4.0159, 2.5131, 3.1993, 0.9403, 2.6179, 0.0051,-4.0334, 4.8824,-1.9978, 3.0676, 4.0902,-3.6459, 4.9147,-4.7604,-0.2181,-3.4666, 0.6833,-1.7586,-1.3202, 0.5754, 4.0922,-1.8256, 2.3829,-0.9631,-3.8608,-1.7958,-0.5451,-3.4933,-2.9570, 4.1578,-1.4913,-4.8720,-1.5188, 4.1599, 4.1621, 4.6874,-2.2734,-1.0915,-4.4552, 2.6651, 2.6274,-3.1631,-0.3718
-4.8115,-3.7579,-2.7147,-3.1553,-3.3445,-0.7831,-2.6838, 2.3389,-0.0720,-0.2995,-0.4208,-4.0444,-4.5286, 3.2102, 2.3800, 1.6769,-3.1559, 0.3743,-0.2801,-3.3678, 3.8669, 2.4260,-1.0503, 1.6281, 0.7972,-0.9281, 3.8677,-3.7658,-2.6274,-4.7016, 4.7266,-1.2325,-1.8670,-0.6389, 4.2593,-1.1477,-2.9998, 1.2086, 3.8899, 4.4219, 2.6847, 2.5780, 4.0336,-0.2377,-2.0841,-2.6425,-0.8159, 1.0498,-4.2941,-4.2654,-2.4416,-0.8428, 0.3106,-4.7629,-1.8013, 4.0975, 2.9150,-2.3780, 2.8786,-3.0165,-1.2423, 4.3139,-3.3386,-0.6414,-0.7147, 3.9263,-2.7362,-4.9102,-2.3848,-2.8852
-3.6846,-0.7066,-3.4019,-1.6543, 0.9802,-1.4259, 2.3107,-1.9817, 2.5913,-1.2788, 4.4928,-3.7290, 3.8671,-0.3486, 2.2528,-1.8493,-4.3887,-3.2704, 1.7803,-4.9764,-1.3266, 2.5142, 4.3807,-3.4479,-2.1362, 4.6967, 0.5313,-0.5905,-4.5850, 0.2957,-0.0447,-3.3445,-0.6693, 3.1465, 3.5632, 0.8743,-0.0403, 0.8295, 3.3297,-3.4879, 3.9702,-2.2650, 1.4555,-3.3895,-0.9829,-0.1135,-4.1593, 3.3773,-1.7463,-0.7342, 0.1347,-4.4100,-3.8318, 0.6880,-3.1265, 0.4132, 0.2613, 0.6548, 1.2427, 2.1380,-2.6098,-4.0058, 1.5744, 2.4231, 2.2720,-0.1341, 2.9512, 2.2913,-1.4684,-4.7748
 3.7136, 0.6313,-3.6481, 1.8057,-3.9950,-3.8184,-4.1787, 1.4942,-1.0814, 0.0657,-4.3473,-1.0541, 4.2242, 2.1732,-0.7740, 2.0278, 4.0049, 2.6773, 4.9482,-3.2612, 4.4239,-2.4003,-4.3072, 4.6370,-1.0637, 4.4278,-1.8356,-1.0313,-3.2807, 4.7340, 0.0608, 3.2898,-0.8940, 3.6941,-4.0089, 3.0906, 2.2983, 4.1824,-3.0072,-3.3595, 0.6429,-2.6714,-0.6478, 4.1689, 0.2161,-0.1227, 0.0752, 0.3198,-1.4519, 3.1580,-0.2557,-4.9348, 2.0463, 4.0783, 2.3844, 3.8427, 0.1139,-3.9089, 4.7426,-4.4959,-1.6083, 0.0130,-0.4138,-1.2284,-1.9864,-4.6167,-2.6314,-4.7697,-0.6139, 0.7496
 0.8193,-2.6878,-0.1070, 1.5616,-0.8822,-1.1002,-1.7005,-4.2084,-4.4600,-0.1700,-2.0283,-2.5609, 2.6844,-3.8363, 4.0907,-2.2087,-3.3320, 2.1386, 3.9278,-4.9569, 1.6620,-3.9489,-4.0757,-1.3782, 2.7046, 1.7607, 4.4024,-1.0905, 3.0300,-2.1446, 3.4220, 3.4703, 2.7138, 4.2157, 1.9788, 3.9271,-4.7489, 1.3660,-1.7791,-0.9669, 2.8135, 3.4621, 2.3390,-2.5066, 3.2098,-3.8736, 2.1258, 0.0634,-2.8093,-4.6929,-3.8739, 4.1327,-1.1529, 2.3702,-0.4977, 3.9055, 2.0277,-2.5238,-3.1951, 0.2177, 3.0641, 3.5767,-0.9561,-0.8718,-1.6449,-0.2114, 4.2716, 3.8263,-3.3301, 3.5184
 1.5291, 3.8128, 3.6409,-3.4046, 2.3040, 3.5024,-4.5234, 3.1791, 2.1740,-0.0066, 0.4322, 4.3500,-3.1476, 3.7970, 2.5625,-1.3852,-0.2895,-2.0742,-3.3072, 4.9039, 4.3146, 4.1747,-1.3729, 2.2979, 3.7164, 0.9812,-1.3698,-4.9705, 4.5937, 2.5604,-4.5883, 2.1305,-0.8648, 4.8203,-3.3372,-2.2027,-2.6972,-1.7135, 2.1727,-2.2092, 3.8609, 1.4525,-3.4864, 2.0120,-1.2438, 3.7727,-2.2881,-2.7000, 4.3814, 3.9612, 0.2503, 1.2838,-4.8858, 1.2782,-0.7342, 3.3455, 3.3021, 1.1473, 2.9010,-4.7457,-3.8824, 1.8760, 0.8437, 2.0648, 0.3885,-2.0890, 2.9655,-2.5340,-0.7299,-2.3281
-4.9778, 0.7937,-1.6995, 4.4925, 2.7555, 0.6935, 2.1570,-1.8168,-0.0618,-3.2658, 4.3741, 0.0141,-2.4735, 3.2286,-4.7730,-4.4710,-3.9526,-1.6646, 3.5468,-4.5398, 3.0540,-2.6428,-2.2144, 3.6761, 2.3435, 0.2545,-3.7651, 2.9648, 2.8579, 0.5846,-0.5938, 2.9797, 3.4541, 4.7394,-0.7414,-2.9825, 1.4723,-3.3004, 4.3969,-2.0146,-2.9208,-1.7008,-2.5890, 4.1506, 0.1224, 3.8698,-2.8760,-4.8570, 0.3929,-1.6834, 3.2446,-4.8856, 1.4769,-4.6959, 4.7135,-4.9719, 4.2247,-4.0224, 0.1613, 3.5673, 2.6410, 2.3922,-2.6098,-2.2411,-2.7124,-4.0546,-2.0982, 0.6204, 0.8706,-3.8273
 0.1370,-3.2305,-1.9816, 3.9540, 0.1560, 4.2956,-1.6663,-1.5113, 4.7131,-0.2039,-0.0596, 0.3395, 0.2951, 1.8605,-2.6880,-1.1706, 0.5455,-3.0633, 3.8084, 3.5311, 4.7231,-1.5813, 3.7285, 0.6498, 3.4827, 0.9467, 3.3598, 1.8497, 1.1832,-1.1500, 1.4294,-2.5416,-3.7395, 4.8625, 2.5129, 4.7869, 2.1571,-1.7463,-0.4478,-3.6356, 0.7776, 1.7830,-2.5807, 1.9339,-4.9432,-3.9648, 3.7351, 2.9838,-2.3434,-1.2100, 0.3174, 1.6760, 0.4918,-2.6557,-1.8974,-3.7078, 0.7567, 3.1596,-3.8440, 0.7738,-0.3331,-3.4979,-1.3997, 3.6173, 1.2739,-4.6515,-1.5554, 3.1199,-1.1979, 2.6468
 2.7653,-4.2951, 3.2430,-2.3938, 1.4726,-4.0737, 4.9528, 2.4015,-2.5095,-3.7948, 2.4738, 1.3317, 3.2142, 0.2625,-3.8274, 2.0800,-2.3270, 3.5828,-4.2853,-1.6835,-2.2929, 4.9101, 3.9759, 1.6631, 0.1685, 1.1759, 3.4571,-0.8577, 0.9751,-0.4305, 3.4994,-0.4734,-1.3036,-0.9810, 1.0199,-3.6930, 4.3654, 1.2437,-3.9721,-0.1370,-4.4286,-3.1773,-4.3006,-1.3426, 4.2454,-4.4265,-4.0585,-1.2640, 2.5431, 4.3567,-4.5458,-4.6168,-3.0017,-1.1100,-3.6613,-0.7587, 0.1645,-2.2767, 2.4229,-0.0066, 2.1512, 2.4737, 4.7542, 2.6606, 1.4329,-2.5693, 3.7206, 0.6959, 1.6285,-2.7309
 4.4759,-4.8867,-4.7135, 4.6053,-3.9601, 0.3947, 1.2164,-4.7659, 1.9777, 3.5463, 0.1305, 3.0873,-0.4079,-0.8464,-1.8128,-4.1978,-3.4960, 0.4209, 1.8227,-1.5828,-0.0121,-3.6456, 1.1114,-2.7092, 0.2334,-1.9800, 1.4934,-2.1869, 4.3089,-2.8790,-0.3277,-2.0828,-0.4285, 0.3835,-3.2652, 0.4491, 4.0086,-2.7831,-0.5743, 4.7299,-4.8212, 2.3912,-0.8674, 2.9465,-0.3332, 0.9815,-4.8052, 1.4890,-2.0580, 1.1758, 4.4546, 1.2685,-1.2047,-0.1183,-2.4018, 0.4795, 4.6867, 1.1856,-2.1854, 0.4812,-3.6675,-4.5296, 4.4016, 3.6543, 3.2623, 4.2854, 4.9532, 0.0396, 1.7337, 4.7658
 4.9658,-0.4468, 1.5334,-0.2359, 1.9465, 2.9811, 4.9497, 2.5058, 0.7763, 1.0893, 3.6129, 4.8383,-4.7170, 4.4203, 0.5270,-2.0491,-0.2317, 1.8008, 4.8859,-2.1103, 3.3770,-4.4930, 1.4224, 0.0980, 4.3065,-4.7422,-3.8291, 4.6125,-3.5305, 4.6859, 1.8465,-0.9321, 2.6399, 4.7010, 3.1581, 1.6893,-1.5062, 3.6530,-0.0194,-2.7621, 1.3432, 2.8573,-4.4346, 4.7790, 1.7651,-2.4325,-2.1555, 2.8117,-0.0343,-0.3755, 0.8354, 0.6720,-0.9468, 3.6909,-2.2572,-3.0237, 0.1413, 4.3188, 3.5572,-4.1595,-3.8333,-2.8767,-2.3471,-3.6137,-2.5446, 4.6086,-0.7390,-3.4378,-4.2877,-3.0769
 0.2092, 1.1970, 1.9286,-3.6944,-0.5197,-0.3237,-4.5541, 1.7075, 1.9377,-2.7976,-4.1177, 0.9135, 4.4478,-4.4822,-0.3608,-0.1537,-1.0174, 1.2194,-4.0558,-4.9349, 0.6691, 4.2295,-4.8801,-1.9594, 1.5561,-3.9895,-0.8078, 3.7059, 1.5601, 3.4963,-2.2708, 3.7823,-0.4686,-0.8249,-4.9057, 3.9490,-1.5874, 4.8250,-1.2889,-1.4867,-4.7101, 1.2917,-3.1423, 2.6164,-4.5401, 1.2618,-1.2080, 1.1671,-4.0532, 2.3989, 0.2210,-4.6201,-3.7392, 1.1507,-4.0752,-3.5618, 4.2541, 1.2337,-2.9434, 4.3406, 2.2242,-3.9979,-0.0520,-3.9752, 4.9714,-0.6049, 3.3269, 3.9724, 4.9140, 0.1330
 2.9325, 0.9834,-4.6399,-3.7276,-4.7002,-4.3060,-4.2443,-1.0191,-4.0564, 3.1331, 4.7529, 1.6407, 2.8766,-3.3385, 2.0151,-3.6518,-0.5344, 0.1955, 1.3573, 3.6494,-3.1821, 4.2247, 2.3693,-0.7788,-1.2729, 1.0454,-4.4508,-0.4548, 0.2390, 2.5865, 2.4824, 3.3794, 1.4102, 1.4756, 2.5503, 1.5441,-2.5001, 4.9696,-2.8588,-0.8108, 4.9480,-2.9795,-1.0453, 2.4109, 4.3972, 1.0495,-4.2888, 3.9418, 1.6502, 3.1226, 4.0432,-1.3195,-2.4640, 3.7784, 3.4324, 0.3674,-4.3432, 0.8382, 1.9978,-0.9041, 3.5362, 2.1069, 1.0961, 3.5162,-4.6148,-2.0875, 3.8115,-3.1483, 3.1944, 4.8877
 0.2600,-0.6513, 3.0175,-2.8529, 1.0256,-0.8090,-2.8653, 3.8492, 3.3729, 3.8913,-3.7103,-0.8922,-0.8269, 3.8741, 3.3985,-4.8194,-3.5262,-2.5669,-3.9731, 3.4128, 0.7110,-2.6007,-0.9613, 1.5817, 4.3252, 0.6980,-4.2909,-0.9541,-3.8018, 1.1922,-4.0976, 4.9800, 0.8750, 0.4128,-4.4587, 2.4365,-2.3833,-0.2720, 4.1937, 1.5613,-3.1838, 0.0477, 4.3614, 1.1662,-4.3813, 1.7751,-1.2184, 3.6552,-2.8214, 4.2626, 3.1214, 2.7461,-1.1410, 4.8823,-0.6474,-3.4136, 0.3644,-3.8486,-1.4362,-3.5406,-1.6023, 0.4083, 3.2173,-2.6653, 4.9941, 2.9964,-0.9828,-3.1882, 1.7290, 1.0973
 0.9458, 3.0655,-4.9359,-2.5613,-0.3400, 4.0129,-1.6958,-0.7487,-3.0298, 0.4512, 0.5145,-3.9688,-2.7498,-3.5275,-1.3531,-4.7172, 3.6766, 3.7839, 1.2369, 1.1928,-1.6644,-3.6179, 2.4917, 2.2814, 3.2999, 0.2834, 1.9547, 3.3451, 2.3024, 1.3349,-1.0649, 1.6313,-3.7994, 2.0082,-0.8328, 4.9108,-0.8536, 4.1869, 0.5252,-0.8093,-4.7281, 1.7761, 4.8648, 4.6209, 2.4089, 0.8674, 2.9585, 0.2021, 0.3975, 2.0278, 0.4396, 0.9249, 2.7050,-0.0779,-0.7045, 0.3632,-1.6850, 3.0509,-0.9020,-1.3310,-1.4753,-2.5011,-3.7007,-2.4515,-2.5328,-4.5874, 0.5745,-0.6320, 4.4296, 1.4145
 3.8835,-3.3730, 0.0069, 0.0754, 1.7654,-2.7444,-4.2480,-4.6655,-1.8231, 1.5925,-1.2755, 4.2340,-2.5011, 3.2776,-0.6190, 2.5524, 2.9371,-0.9684, 3.2744, 0.5989,-1.6313, 4.0062,-3.5378,-4.6635,-1.6735,-0.6783, 2.8808, 0.2694,-3.3889, 1.7965, 2.2101, 4.1736, 4.5227,-1.5304,-2.5345,-1.0204, 2.9525, 0.6078,-2.4690,-2.0530,-4.6078,-4.2630, 4.3119,-2.6053, 0.4563, 2.3190,-0.8930,-1.9635,-2.4538, 4.9210,-2.2005,-1.0203,-2.2696,-2.7411, 0.0711, 4.2184,-4.3305,-1.1710, 4.8989, 1.1044,-3.3405,-3.8913, 4.2420,-0.4317,-1.9862, 0.6694, 2.5093, 0.7284, 1.1967, 1.4606
-4.2726,-2.5149, 3.7904, 1.6585, 1.1052, 0.0395, 3.6095,-1.2940, 3.2943,-1.9806,-4.0910,-2.7390,-2.2417,-4.4259, 1.7112,-3.5581,-0.7432, 0.1187,-2.3821,-2.4980,-3.1151,-2.0684,-2.2948, 1.8032,-2.6953, 3.7768, 3.0203,-2.0859,-2.5119, 4.7174, 2.6821,-0.2915, 0.9519,-1.3809,-4.8126, 2.1113,-4.6353,-4.1081,-2.9746, 3.7105,-1.0147, 0.4780, 1.9162, 2.0081, 0.5565, 0.0425,-3.0939, 3.7172, 1.2265,-3.9084, 0.8508,-0.8221,-4.8394, 4.1445,-3.6220,-3.3708,-0.0293, 3.5908, 2.0751, 4.0266, 1.5043, 4.6127,-3.8986,-2.6085,-2.5881, 2.9273,-3.0165,-4.9509,-0.5007, 1.3896
-2.7625,-3.6995,-1.0888,-3.9241,-3.5765,-0.0452,-4.2404, 0.4271,-1.5889, 1.1671, 0.1750,-2.1355, 0.2947,-2.7326,-3.5771, 2.5452, 0.8776, 4.5950, 0.7134, 4.8138, 0.2011, 1.6828,-4.7751,-1.6421, 2.3878,-3.0918,-1.1752,-1.5425, 4.2089,-0.7752,-3.6574,-4.7300, 3.3012,-2.0471,-3.4050, 1.1579, 1.5228, 3.7872,-1.6239, 2.7522,-0.7502,-2.2421,-0.1300,-4.1246,-4.1532, 2.8470,-1.4141,-0.9570,-2.4496, 2.0323, 0.0366,-4.3764, 2.5320,-0.5905,-2.4786, 1.4578, 2.8124,-1.9163, 4.6230,-3.8016,-1.5705, 1.9895, 4.7095,-3.6151,-2.2345,-1.8625, 3.7889, 0.1543, 1.5809,-0.0713
 2.8878,-3.3877, 0.7114,-3.2998, 1.5097, 1.1812, 4.6506, 0.4240, 3.3122,-0.3909,-0.9058, 2.9090, 0.3346,-4.5009,-2.0095, 3.8501, 2.9974, 1.7316,-1.9702, 1.1833, 3.0640,-2.2863,-0.0181,-2.4372,-3.8783,-3.1650, 1.5137, 2.1333, 4.6706,-3.4728, 1.2986, 0.6018, 2.4156, 1.7177,-2.1693, 3.5477, 2.8949, 1.1658,-0.3160,-1.1210, 1.9020, 3.1093, 2.5521, 4.4567,-1.0846, 3.8368, 1.9870, 2.2754, 1.4857, 0.0726, 2.2487,-1.3449,-2.2214,-0.5828, 0.8984, 3.4121,-4.8220,-1.2980,-1.7513, 1.2348, 0.2769,-4.1113,-1.6179, 3.2834, 0.0621, 3.6877,-4.0878, 2.1712, 2.0482, 3.1776
-0.3464,-1.8279, 4.9891,-4.4686,-4.2098,-3.8363, 1.3395, 3.2104,-3.8912, 3.8311,-2.3964, 0.2560,-0.3319, 0.6869,-4.2822, 4.9200, 2.3807, 2.2933, 2.8270, 1.4701,-3.4626, 1.4613, 1.1594,-1.7409, 0.5135, 4.6228,-1.3331, 0.7780, 2.5757,-4.2885,-0.8420,-1.1501, 1.4333,-0.5052, 3.3068,-4.2037, 0.9972, 2.6688, 1.5476,-0.9799, 4.0410, 0.3659, 3.8319,-2.5901,-4.7508,-2.7925, 0.0233,-2.1313, 3.9857, 4.3496,-3.0061,-2.9226, 0.4725, 4.6098, 4.5373,-0.8782, 0.4071,-0.5329, 0.2342,-1.4790, 1.3232, 2.2645,-2.6240,-0.5563, 0.9869,-4.5858, 1.7884,-0.0466,-3.4212, 1.3169
 3.7640, 4.2726, 1.2975,-4.9779,-1.7438, 2.8743,-1.3803,-0.2618,-1.5699,-2.6591,-1.1177, 4.3006,-0.0256,-4.3198, 0.0333, 1.3871, 1.0375, 4.3293,-4.0338, 1.3654, 2.6165,-3.7056, 0.0018, 1.3277,-3.7652,-3.1999,-4.0708,-1.0961,-0.3629,-0.7815,-3.4105, 0.3160,-2.6379, 3.4180, 4.9905,-2.9414, 4.0769,-2.2539, 4.9138,-1.8674,-2.0751, 4.8061,-0.7582, 1.8052,-2.4176, 0.9261, 0.9211, 0.8132,-0.4012, 2.8020,-4.2995, 1.8784, 3.7239, 2.4210,-1.7396, 3.0181,-3.3580,-2.2052, 3.0271, 4.1915,-0.2477, 4.9083,-2.5683,-1.0059, 3.1804, 3.9370,-1.7104, 0.3088,-0.6005,-3.7315
-2.2672, 1.0720, 3.6636,-2.5448, 2.5855, 0.7942,-2.2592, 4.0508,-4.7916, 4.1722, 2.7471,-1.2720, 4.9073,-1.9339, 1.3686, 2.6849,-4.4738,-1.1385, 1.0502,-1.3119, 3.9163, 0.5018,-4.5233, 3.1639,-4.3450, 2.0642, 4.8484, 4.3529, 3.8768,-4.0623,-3.2772,-0.5656, 3.3338,-3.7590, 4.4869,-3.5200,-4.0761,-4.3840,-0.6733,-2.9894,-0.4928,-1.0066,-2.0607,-4.1692, 1.5318, 0.9393, 3.9661, 4.5583,-4.3662, 3.2153, 1.8008, 4.5059, 0.2330,-4.6600, 1.4484,-4.6585,-4.0386, 3.8914,-1.9302, 1.4380, 1.7176,-4.5289,-0.3314, 2.4242, 2.0440,-2.0130, 4.3552,-4.5959, 2.7437,-2.2222
 4.8962,-2.4624,-4.0200, 2.6605, 1.1270, 4.5339, 1.6018,-1.2015, 0.6704, 2.8703, 0.7167, 4.6995,-4.5585,-3.9645, 3.5348, 3.3098,-4.1054, 2.6344, 2.0800,-0.5272,-4.8257,-2.3358,-3.8222, 4.3207,-0.7691, 3.3734, 2.0644,-3.8295,-4.0456, 0.3943, 2.7987,-2.6702,-3.1078,-1.6620, 0.5019, 4.9531, 2.7203, 0.1794,-1.3456,-0.1966,-4.0336, 4.4879,-4.2085, 4.7161, 3.4959, 4.3776,-4.1788, 3.6152, 4.5730,-0.0863, 0.7704, 0.1711,-1.9558, 0.7360, 1.9676,-3.5458,-1.8121,-3.4894,-2.6280, 2.5605,-2.7043,-4.8691, 1.5273,-3.9387,-1.0084,-3.1608, 0.0422,-3.3149, 0.9834,-3.7571
-4.4035, 1.2739, 2.3252,-1.9020, 2.6309, 1.2715, 2.2047, 4.1903, 0.6004,-2.9193,-1.0667, 1.4529, 3.3616,-1.7436, 1.7808,-3.6422,-4.5123, 4.3421, 1.2270, 3.3114,-3.5034,-4.4115,-0.7409,-0.5836, 1.5860, 3.5638,-1.6442, 1.1153, 3.9972, 0.4302, 0.6576, 4.6478,-1.4494,-0.1267,-1.1832,-1.9084,-3.3024, 1.6546,-0.9049, 3.0024,-2.5859,-1.3827, 1.7205, 3.9222,-1.1720,-0.7942,-1.0905,-4.3281,-2.9245, 4.9020, 4.8208,-4.5427, 4.6996,-4.2813, 0.6119,-1.4513, 4.5253, 3.7138, 0.5291,-1.4019,-3.2556, 2.2691,-2.8600, 3.9514,-4.6399,-2.1431,-0.9833, 3.8018,-2.7016, 1.4768
-4.2071,-2.1824, 2.2118,-1.5693, 4.1813,-4.6861, 1.7240, 2.9962,-0.3965, 0.0144, 3.5688, 1.4711,-2.7902,-4.7728,-0.5731, 2.5464, 1.5021,-4.6369,-3.1377, 1.7049,-1.6843, 0.6644,-1.2906,-0.1203, 0.2687, 1.5502, 1.2692,-1.9396, 4.9793, 1.4404,-3.5732,-2.1020,-2.3446,-2.8592,-2.2560,-0.0746,-2.2215, 2.8952, 2.0301, 3.6874, 3.7258,-4.8085,-2.8211, 2.3661, 2.7980, 3.4432,-2.8397,-1.0049,-4.7470, 3.4380, 1.5656,-0.0542,-4.3161, 4.7367, 3.6884, 3.6468,-4.7605,-2.2695, 0.9064,-2.6435,-4.7996,-0.3582, 3.2933,-0.0068, 3.6176, 1.0244, 1.5464, 4.8085,-1.5381, 2.3293
