 1.2672,-4.1095,-0.2243,-4.7121,-2.1111, 1.8724, 2.4770, 4.8800, 4.4119,-3.0902,-1.1788, 0.7272, 1.0552,-2.8808,-2.2284,-1.8317, 0.1087, 3.3177,-4.3817,-0.2563,-0.9090, 2.9615,-0.7117,-1.4712,-2.2221, 0.1871,-3.3011,-0.6423, 4.1859,-3.9200, 0.6899,-0.2471,-2.4696, 4.8713, 0.3496,-3.2789, 2.0427, 2.9949,-2.4189, 4.5489,-1.3014,-3.2740, 3.9937,-0.0925,-2.8329,-1.0934,-4.6026,-1.8884,-1.5981,-2.3229,-4.9484, 2.8310,-3.1486,-1.3001,-0.5858,-3.9081,-2.4437, 4.0389, 1.3832, 0.3187,-1.5155, 1.9672, 3.7043, 4.3192,-3.7883, 2.7895,-1.1461, 1.6315,-4.3801, 1.6012
-3.2339, 3.3587,-0.9409, 3.0294, 3.6700,-3.4798,-4.0808,-3.4361, 0.3455, 4.0783, 1.1746, 3.3590, 4.5945, 0.4036, 3.1076,-3.6595, 0.1473, 1.3199, 3.7269, 1.8453,-4.1559, 1.2825, 1.0601,-3.6409,-1.4467,-4.3629,-4.1237, 0.5310,-0.7239, 0.1091,-3.0263,-3.7182,-4.0633, 4.5089,-4.0660, 1.1976, 1.8910, 2.4855, 3.2716, 0.9555, 3.3024, 0.2203,-0.2518,-3.6494, 4.3207,-3.4047,-0.0430, 1.7389,-3.6086,-3.4557, 2.8090,-3.9354, 3.1772,-2.8818,-0.4632,-4.3277,-3.4828, 3.1781, 4.2334,-4.0148,-1.6915, 3.1652, 0.7522, 0.3957, 0.8050, 1.8656, 0.9470, 2.4210,-3.9236,-0.2211
-3.2041, 1.3748,-0.4409, 3.1502, 4.0316, 3.3929,-3.8913, 1.9510, 1.1926, 3.5457, 3.6046,-4.2877, 2.1027, 0.5879, 4.6698,-2.3395, 2.7995,-4.3901, 1.9155, 4.2400,-0.4668, 0.1653,-0.9238,-4.1008,-3.4430,-1.7088,-0.1326, 3.4000, 2.5436,-4.4802,-0.2528, 1.3943, 1.5874, 0.8578,-1.1933,-3.8805, 0.9533,-0.5943,-3.6786,-2.7512, 3.5329,-4.4546,-2.9620,-4.4840, 1.0218, 4.7059,-3.2838, 4.8415,-2.4652, 2.4320, 1.1318,-0.5295,-1.1850,-1.0653, 1.2263,-2.8445, 4.4445, 4.4574, 2.3290, 0.3694, 1.0183, 2.5055, 1.1505, 4.8434, 1.8275, 2.6200,-1.1547, 0.9670, 1.1123, 4.8126
-3.1340, 4.7572,-3.2707, 0.2810, 1.0124,-4.2387,-3.0842,-2.5514,-1.0779,-1.4491, 3.7685, 0.6084, 3.8846, 1.9710,-0.2061, 3.1789,-4.9439, 1.7413,-4.8924,-1.7684,-1.1687, 1.3916, 4.9840,-3.7296,-1.8772, 3.0872, 4.6874,-0.0395, 3.1390,-2.6820, 1.3310, 3.2221, 2.0426,-1.2989,-3.4818,-2.5680,-3.4164, 0.5108, 3.8681,-2.7198,-4.0515,-0.3195, 4.4202, 2.2443,-2.3193, 4.2845,-1.2125, 4.0484, 3.6792,-1.4180, 4.2682, 3.8519,-3.6758,-2.0760,-1.1141,-1.6812,-0.7628,-1.1829,-4.0354, 2.6255,-4.8008,-4.5014, 0.6071,-4.2643,-3.1050, 2.9533, 1.6064, 2.1950,-2.7106, 4.6507
-4.5600, 4.2764,-1.1663, 0.1078, 3.8594,-0.8500, 4.3734, 2.6332,-4.2083, 1.8946, 2.5089, 4.6025,-4.7000,-2.0927,-3.7663,-4.9381, 1.5925,-3.9113,-4.6093, 0.2447,-0.1481,-1.2709, 4.7421,-4.0342,-3.5829, 3.3748,-4.8185, 0.6688,-0.3207,-4.3344,-0.3079, 1.3169,-0.3704,-1.6446,-2.9343, 3.8504, 3.1050,-0.0661,-1.3822, 3.8117, 3.3157,-2.4872, 2.2681,-0.7853,-4.2427, 0.5405,-2.8429,-4.0986, 1.8382, 4.6551, 2.7064,-1.8198,-1.0934,-2.1705, 2.8175, 3.1506,-1.7190, 2.9411, 2.2629,-4.6122,-4.9764, 0.0450,-1.7881, 0.0423, 2.6725,-1.2056,-2.6596,-3.0063, 1.9978, 3.7349
 4.5283,-3.3234,-1.9808,-1.8687,-4.9069, 1.7221, 3.8645,-1.3731,-4.1318,-4.3582,-0.1368, 2.2005, 3.1128,-2.2534,-3.8178, 4.2600, 2.4305, 4.4242, 0.5751, 1.5053, 1.2427, 1.8691, 1.5108, 2.6715,-4.5889,-0.6657,-3.6949,-3.2203,-3.7928,-1.0429,-2.3250, 4.2323,-2.5200, 0.6046, 0.9207, 3.1578, 4.3216, 1.1281, 0.9913,-4.2743, 2.2553, 4.5410, 3.6956, 2.0365,-3.7138, 1.8342, 0.1453, 2.6011,-1.4026,-3.6253, 1.7711, 4.6181, 2.7861,-4.9534, 3.6569,-1.4746, 2.6859, 4.1247, 0.3603, 3.6770, 2.8601, 2.4652,-4.4350,-3.0705, 0.2702,-1.5214,-3.5573, 0.1276,-0.3381, 1.0550
 3.8766,-2.8619,-4.1273, 3.4257,-3.9934, 4.0377, 1.5244, 1.1398, 4.6999, 2.5242, 1.7223,-0.7592,-1.0926, 4.2732, 0.4341,-1.5242, 3.6624, 0.1552,-0.1688,-4.7359,-2.8128, 4.4212,-1.3086, 3.2879,-0.9746,-4.9600, 2.0534, 3.4087, 1.5918,-3.0890,-1.1354, 4.5663, 4.9556, 3.3905, 1.3472,-4.1153,-3.8062,-4.0555, 4.1761, 3.3118, 1.0640, 1.1940,-3.0035,-1.5999, 4.1060,-4.4586, 4.8358, 2.1534,-4.2602, 0.9693,-0.2471, 4.2405, 2.3361,-3.9525,-3.0133, 3.2572,-4.2055,-2.1690,-4.5921, 0.4991,-2.8087, 2.8743,-3.8223, 0.1685,-1.5426, 4.1702,-4.2545, 2.5119,-3.3782,-4.0779
 0.1863,-3.5508, 1.2248, 2.4596,-0.8550, 4.2174, 1.7925, 2.4186,-1.7668,-2.2996, 0.1118,-4.2793,-0.0467, 1.2941, 2.4102,-2.0013, 4.8321,-3.0693, 0.9971,-3.5401, 4.3258,-2.6504, 2.1322,-2.3485, 0.0790, 3.4807, 2.2633, 4.9472,-1.2524,-4.4311, 2.4426, 0.1020, 4.5713,-4.5869,-3.8378, 1.9490, 4.1584, 4.8139, 3.4809, 2.1622, 2.7333, 2.4504, 2.1715, 1.6698,-4.7683,-3.0934,-3.7530,-3.8715, 4.8686, 3.3645,-4.0798,-1.5391,-1.9894, 2.0840, 1.1875, 4.7670, 4.9089, 1.0583, 0.5866,-1.9101, 3.0230,-3.7996, 3.2207, 4.4804,-0.0731, 2.6031,-0.2546, 4.2265,-0.4676, 1.9382
 3.4411, 3.7132, 1.6336,-2.9761,-2.1778, 0.9252,-3.0672, 1.7456,-4.7799, 1.5972,-3.0596,-0.4665,-4.5889, 0.9059, 4.5455, 2.6137, 2.8582, 4.4530,-0.8874,-4.3855,-3.9037, 1.4857, 4.8476, 4.1647,-3.9266, 4.9104,-3.3114,-1.6363,-1.0416,-4.6440,-1.4015,-2.4154,-1.5803, 4.2192,-0.9576,-3.2082,-3.7130, 3.5174, 1.7318,-4.0934, 0.5393,-2.3362, 3.0554,-4.9679,-0.5470,-3.3253,-3.3979, 2.4585,-1.7677, 0.3377, 0.8719,-3.6685, 0.6790,-2.2573,-1.6107, 3.3345,-4.9411, 4.2200,-0.9509,-3.9890,-2.0006,-2.6107, 0.9336,-3.9852,-0.0085,-0.6540, 0.9214, 0.5399,-1.2616,-4.1683
-2.6417, 3.0974,-3.1743,-4.0030, 2.1751, 1.5951, 2.1251,-1.1703, 1.1159,-0.3540,-0.2156,-3.7847,-3.0652, 1.6966,-1.5346,-2.4687, 4.7316, 4.6574,-4.4430,-0.6144,-4.6148,-3.4101,-1.5778,-3.8305, 4.8804, 1.8407, 1.7469,-4.6949,-2.5569,-2.5827,-2.7818, 2.3036,-1.1926, 3.0148, 3.5729, 4.5180, 2.8240,-1.4309, 0.9968,-1.1643, 0.5501,-3.9659,-4.1989,-2.2466, 3.6456,-3.9133,-2.7010, 1.8471, 3.8536,-3.2642,-3.2116, 0.2650, 2.2397,-0.0531, 0.1434, 4.3277,-1.4151,-0.7925, 4.3486, 3.8299, 2.4617, 3.6842,-1.8019, 2.5496, 3.3800,-4.0239, 4.3290, 1.0305, 3.8577,-3.1732
 1.9078, 1.5263, 4.1326, 0.2133, 3.7657,-0.7549, 1.2630, 3.8138, 4.1119,-2.2723,-1.4424,-4.0508, 2.9423,-1.8335,-2.8539, 3.9685, 3.3073,-2.9293,-2.6588, 2.7710,-4.4449,-1.7841, 3.7151, 1.9933, 2.0177, 0.0802, 0.5664, 1.4737,-0.8912, 0.6856,-0.9673,-2.5244,-0.5345,-3.2542, 1.8687,-3.5377, 1.3236,-1.3865, 3.2883, 3.4088, 3.4372, 2.3779,-1.5977, 2.4946, 2.6694,-4.7298,-3.4734, 2.6916, 2.8237, 2.0582,-1.2565, 1.4669,-4.2331,-0.0602,-1.6291,-2.8794, 1.7925, 1.2182,-3.9054,-1.8232,-0.2822, 1.9001,-4.1957,-3.8824,-2.3855,-0.0986,-3.2574, 3.0434, 2.3122,-2.4798
-3.5285, 4.7128, 3.3249,-0.4954, 2.5401, 0.9750, 3.7477, 0.2059, 1.4523, 2.0602,-3.0819,-2.5053,-4.7045, 2.5033, 3.5725, 0.3537,-2.3005, 3.6928, 1.7683, 2.3452, 1.2432,-3.3849,-2.1785, 4.2954,-3.1330, 3.8901,-4.9856,-4.2732, 1.9259,-1.2028, 2.4446,-2.4154,-1.8528, 2.8683, 0.3859,-3.2732,-4.4650, 3.3844,-2.1369, 0.5914,-1.2310,-2.3768,-2.5484, 1.6681,-4.6747,-0.0996,-2.8374,-0.9814, 1.1096, 0.8829, 4.5422,-2.5884,-2.4054,-4.6581,-2.6120, 3.4008, 4.8472,-1.3644,-1.1156,-1.3077, 0.6862, 3.1058,-2.2422, 2.4783, 3.6277,-0.9452,-1.4501, 2.2858,-2.6806, 0.4201
 3.8336, 2.7615, 2.8440, 1.9768,-0.4755,-0.2096,-0.4783,-1.3199,-4.3076,-3.0547, 0.2179, 2.4571,-3.6641,-1.8251,-0.8531,-0.0520, 2.1276,-0.5708, 3.8259,-1.6457,-0.6983,-2.5199,-4.7287,-4.7575,-1.5158, 4.2531, 3.9065,-1.8925,-3.7407, 1.3899,-3.6972,-1.5279,-1.5511,-2.7873,-1.4717,-0.4957,-3.6348,-2.9960, 3.1472,-2.5641,-0.6028, 2.6877,-0.7722,-4.2148,-1.2841,-0.2151,-1.1393, 4.2460, 1.7761,-4.9602, 1.6111,-2.2455, 2.9181,-4.2784, 0.3886, 0.1346,-1.5464, 0.9069, 4.1189,-4.0365,-4.2610,-0.5083, 0.5673,-1.9697,-1.4084, 4.7267, 0.5260,-1.7328, 1.2214, 1.4155
 0.6787, 0.3461,-2.8932,-0.3811, 3.7987, 1.9155, 4.5131, 4.9471, 1.1570,-1.1166,-1.5095, 4.7984,-4.1111,-2.6504, 4.8052,-3.3051,-2.1709,-4.2174, 0.8235, 3.5958,-2.7859, 3.0047,-4.8004,-2.8199,-2.5857, 3.3715,-0.9730, 3.6875, 4.1399,-1.4748, 0.6185, 3.1686, 1.8110, 3.5396, 3.0269,-3.5104,-2.7225,-1.5805,-3.6968,-2.8074, 1.3787,-2.8923,-1.3799, 2.7279,-3.0249,-0.5594, 3.6516, 1.9424, 3.1595,-2.9152,-4.8721,-1.3465,-0.5119,-4.8957, 2.1976, 3.8591,-2.3181, 0.3149, 4.7750, 2.4461,-0.0078,-3.8591,-3.8785, 3.5729,-2.7186,-1.6603,-1.3258, 1.9260,-2.2281, 2.0931
-1.0632, 1.5852, 3.2080, 1.6842, 2.1703, 2.1369, 4.9711, 3.3149, 4.4069, 1.0688,-3.5411,-1.7138, 0.6926,-1.4655,-2.6632, 4.0112,-1.2755, 4.6797, 4.1480, 3.8239,-4.6901,-4.6009,-2.2471, 0.2210,-2.3457, 4.7384, 3.2319,-4.6722,-3.9721, 0.0268,-3.5229, 0.8451, 0.8728, 2.8448, 4.3446,-2.8919, 3.0934,-4.7381,-1.1041,-1.2756, 3.6474, 3.7881,-0.1174, 4.6784, 3.0253,-4.0156, 0.0380, 1.6972,-2.1503,-4.7670,-0.0845, 2.8977, 1.2397,-0.5349, 0.5665,-3.5907, 1.2055, 0.8042, 4.2077, 2.0328,-2.4595, 4.9033, 1.8091,-0.3850, 4.6142, 1.6516, 3.4377,-4.7506, 2.7392, 1.7932
-3.3532, 0.0391,-0.1234, 1.8923,-4.3184, 2.1919, 0.1915,-3.8770,-1.2229,-0.6022, 2.0122, 0.8229, 0.8009,-3.2149,-2.7693,-3.0392,-1.4917, 0.9445, 2.8328, 3.0747, 3.2266,-4.5283, 2.7555,-3.9157, 0.1890,-0.8647,-0.8261, 4.4730,-4.1749, 0.7888,-2.8797, 0.3697, 1.9869, 1.9030, 2.0313, 3.9955,-4.6078, 2.2382,-2.6224,-4.0551, 1.4713,-2.4644,-0.0612, 1.9526, 3.2532, 2.1485,-1.7289, 3.2930,-3.5119, 1.6615, 3.0052,-0.4345,-3.1186,-4.6001,-1.6355, 0.8980, 2.6718,-3.2990, 0.6473, 3.6910,-1.7344,-2.0818, 4.8235, 4.0519, 4.3272,-3.9077,-3.0135,-1.8280,-1.3956,-4.9291
 0.3651, 1.6054, 2.9211, 2.9662, 3.1782, 4.6383, 1.8112,-3.8911, 3.7729,-1.3149, 4.7624,-3.5046,-0.3984, 4.1852, 3.4317, 0.0071, 0.5225, 0.1022,-1.5395,-4.3420,-0.2107,-1.4198, 1.3790, 2.3801, 4.0129,-2.5521,-4.4535, 3.4083,-0.0762, 1.4346,-4.9150, 4.1699,-0.5410,-0.1212,-1.2916, 1.1079,-4.2265, 0.1007, 2.5751,-0.6827, 2.7269, 2.6233,-3.4904,-4.8154, 2.6150,-0.7332,-3.8274,-0.6453, 4.9592,-1.6333, 1.2008,-2.7364,-1.8490,-2.9355,-4.3740,-2.7618,-0.3704,-2.1321,-1.3455,-3.4180,-1.9650, 4.8858, 4.6030, 3.1999, 3.9479, 2.4610, 3.3942, 0.1967, 0.4305, 4.2973
 3.1164,-3.6983, 3.0040,-0.2485, 3.6598, 2.4739, 2.0972,-4.7785,-1.8549, 2.8707, 1.5474, 3.1934, 2.5334,-3.7926, 2.2806, 2.8354,-2.0323,-4.6632,-3.5662,-3.6095, 3.0270,-1.1576, 1.0705,-3.5504,-4.2044,-2.0000,-1.3161,-2.7115,-4.9417,-0.7828, 2.0278, 2.3949,-3.6331, 2.0673, 4.0718, 4.9699, 4.7152, 4.0839, 2.8628,-1.0397, 3.9596,-0.9124, 0.1399,-2.3312,-1.4315, 3.6858, 4.0252, 4.5692, 2.4503,-4.6181,-0.9066,-4.4527, 0.3881, 3.5479, 2.9371,-0.5919, 2.2849, 3.9530, 0.1666,-1.6881,-4.4923, 4.5239,-3.3702, 4.4047,-3.8484,-0.8672, 1.8844, 0.6156,-2.3475,-2.1868
 0.8201,-2.9739,-1.4853, 1.3453, 3.5988,-3.5988, 4.9091,-4.3208,-3.2517,-4.2192,-2.5875, 1.5359,-3.1942,-2.6606,-2.9317,-2.4132,-2.7100, 1.5244, 4.8743, 0.2190,-1.6954,-2.5541, 2.0154, 1.3370, 4.7116, 3.7446, 0.4013,-2.6322,-3.3909,-1.4164, 2.3122, 1.5354, 2.7153,-3.2470, 4.5990,-3.6297,-3.1088,-0.9542,-4.6201, 0.8521,-1.3773, 3.0015,-2.0392,-4.6431,-1.8954,-1.2806,-1.1760, 1.6008,-0.3061,-4.5338, 4.7883, 0.1739, 1.8626, 1.8398,-0.2181,-3.0255, 3.7557, 4.0765, 4.8126, 4.6486, 2.3944, 4.3134, 2.0395,-2.6370,-1.7000,-2.4501,-0.4302, 0.8946,-3.9924,-0.3874
-3.9978,-3.5666, 1.3066,-0.2055,-0.9723, 1.7345, 2.3662, 0.2403, 0.2867, 4.8026,-2.2985,-4.8532,-3.7043, 3.9735,-1.9326, 4.3183, 2.6376,-4.2108,-4.5021,-4.2391,-3.1189, 0.9652,-3.7537, 1.7984,-0.8167,-1.9684,-2.4478, 2.8893, 0.0289, 1.9075,-2.5339,-1.6320,-0.2563,-2.8869, 2.3281,-4.1883, 2.0375, 4.5468,-0.2873,-0.3866, 3.7836,-3.4122, 4.0860,-0.7882,-0.9970,-3.3349, 4.0287, 2.9184,-2.6811,-0.3663,-1.6316, 2.4775,-4.8237,-1.1059,-3.4348,-4.1334, 1.0946,-0.6810,-4.3675,-4.9372, 3.8555, 3.4706,-3.4230,-2.7835,-1.4787,-4.9741,-3.7494,-2.5852, 2.9491,-1.3689
 4.1509,-2.8815,-2.6177,-3.7225,-1.6497, 4.8296, 4.1009, 2.4889,-4.5031, 3.9922, 2.0324,-1.7673,-1.8102, 3.7339,-3.0372,-4.0919,-4.2187,-4.8136, 3.4710,-2.4972,-1.8939, 3.5514,-0.3669,-1.9863,-2.0431, 0.8215,-4.3244,-0.0720,-1.0326,-2.0066, 3.8902, 3.4173,-2.2651, 3.3141, 3.8930, 3.1360,-4.7293,-2.9003,-4.2420,-3.3646,-3.8644, 3.6972,-3.2451, 4.5178, 3.6636, 2.3733,-3.2733,-1.1101, 2.8375,-2.0377,-1.7076,-2.3547, 1.0145, 3.7153,-2.6364,-0.8913,-3.1382, 0.8926,-2.8365,-0.2428, 2.3812, 4.6269,-1.9933,-2.0735,-0.4075, 2.4410, 4.1149,-2.4489, 0.3561,-2.7499
 0.8892, 1.1565, 0.6648,-0.8550,-0.7086,-0.6486, 0.1917,-0.4644, 2.6314, 2.6834,-1.7633, 1.2737,-2.5033, 4.4114, 0.9510, 3.0420,-0.2726, 0.7320,-3.8346,-3.7921,-1.0177,-0.1176,-2.0922,-4.1627, 0.8418, 4.6119, 4.1647,-4.6184,-3.9073,-2.3147, 2.5391,-1.1782,-2.5512, 0.0890, 0.5742, 0.0245,-4.3129,-2.5138,-2.6987, 2.1602,-1.4036,-2.0247, 1.4124,-0.4672,-2.4362,-0.3300,-3.9259,-1.0877,-0.5509,-0.6906,-2.3687, 0.3352, 0.0567,-3.4912, 2.2699, 4.1001,-2.2719, 0.7822, 1.7987,-1.7893,-1.2132, 4.2315,-3.1569,-3.6453,-1.6920, 4.8039, 4.6160,-0.7107, 0.6758, 4.6594
-4.9464,-3.5303,-2.8015,-2.7937, 1.2626, 4.4543,-0.4741, 1.0718, 3.9911, 4.0380, 2.3518,-2.3511,-4.6638, 0.1095,-2.5296, 2.7729, 2.8854, 0.3660,-3.2607, 3.0597, 3.1231, 1.9100,-0.3972, 2.1152,-0.4783,-1.2346, 1.4084, 4.5808,-4.3777, 4.2835, 0.3420, 0.1270, 4.5670,-1.6314, 0.1713,-3.3511,-2.2140,-2.1468, 0.1210, 2.3599, 1.4606, 3.0793,-1.6667, 4.1065,-2.2790,-1.4651,-0.0911,-1.5771, 2.7603,-2.1732, 0.0969, 2.8824, 4.1065, 0.9372, 2.2096, 2.5627,-1.2081, 1.1804,-0.2812, 1.7811,-2.8956, 3.2066,-4.4688, 2.6737, 4.4321,-0.2950,-3.6619,-1.4946, 3.8435,-2.4629
-2.8974, 1.2315,-2.0532, 3.3951,-4.4633, 3.3004, 3.3247,-2.5003, 2.9120,-0.4434,-1.5987,-1.0886,-4.5585, 2.9488,-2.1309, 3.5052,-1.7030,-0.0276, 2.4590,-2.8411,-2.5282, 4.1305, 0.9532, 1.9673, 0.5365, 2.0710,-4.7483,-2.4432, 1.1687,-3.3022,-4.1939,-4.0492, 3.5894,-4.4347, 4.2091,-3.4208,-2.3515, 1.8184, 1.9167, 0.2880, 3.3456, 0.0694,-3.2180, 4.1901, 1.8840,-2.4722,-3.9858, 3.5499, 1.2991,-0.4673,-4.6223, 3.2897, 4.4905,-4.2469, 0.9122, 3.1056, 3.5764,-1.1429, 0.7536, 3.2268, 3.3456,-4.0574, 1.8952,-3.5326,-1.5782, 1.8966, 4.6416,-1.9836, 2.1654, 2.2509
-2.7941, 0.4282,-3.5152, 0.3687, 2.9506,-0.4770, 3.7948, 0.7402, 2.2994,-2.2643, 4.5492,-2.4623, 3.6256,-2.5999,-3.0982,-0.2988, 2.8901, 1.9402, 1.9478, 0.0190,-2.9737,-3.0787, 4.1515, 2.1139, 3.9149,-1.8632,-3.8350,-3.2089, 1.7278, 2.0978, 4.9682, 1.5282,-4.0916, 4.4935, 4.4139,-2.3933, 3.8684,-3.5178,-4.6509, 2.1500, 4.7584, 2.6119, 2.3124,-0.0350, 4.7936, 3.5029, 1.8839,-2.3367,-0.8640, 0.7096,-2.5324, 1.2750,-2.6614,-3.3131,-2.7040, 3.5096,-2.9223,-0.9681,-1.2775, 4.5599, 0.6400,-3.1354,-3.9657,-3.1796, 4.8406, 0.6128, 2.3179,-1.3601, 1.8711, 3.0027
 1.5442,-4.4769, 3.8637, 0.4634,-1.9022,-0.5500,-3.6550,-3.4633, 4.5221, 4.5694,-3.4995, 2.6094, 2.4441,-1.0857, 0.2522, 3.0822,-3.2551,-0.2797, 4.8031,-1.9216, 2.8651, 0.4340,-4.6873,-3.0883, 4.5100,-3.3618, 1.6406,-3.9131,-0.5145, 1.9680,-1.1557, 1.1810, 4.1200,-4.3392, 2.3623, 0.0294, 0.0457, 3.6163,-3.2460, 4.3465,-4.8344, 3.4924, 2.5351, 1.9258, 0.7602,-4.7668, 3.5248,-1.0910,-3.3289,-1.9720,-4.5879,-1.2991, 4.5750, 3.4114,-0.1032, 2.0629,-3.3629,-1.0026, 2.8111,-1.8559,-2.1613,-3.8840, 0.6055,-2.9346,-2.1771,-4.0531,-2.9653, 3.7171, 2.4258,-1.0822
 2.8241, 0.1275, 4.4559,-4.7013,-3.0545, 3.5070,-1.1799, 1.6100, 1.8943,-1.6187, 3.5951, 4.7251, 3.4641,-0.4960,-2.4089, 1.6883,-2.9101,-1.8069,-0.9972,-4.0432,-2.5765, 3.3163, 1.8700, 3.9124,-4.3972, 2.1290,-2.1137,-2.1402,-4.3516, 3.6749,-1.1433,-2.2650,-2.2238,-0.5483,-1.6839,-3.7193, 0.5254, 3.3338,-3.3605,-1.1813,-2.2199, 0.5135,-3.7847, 0.3554, 3.0280,-3.0620, 2.0704,-1.2752, 4.5875,-0.3155, 4.2153,-0.3586, 4.7372, 4.0148,-1.8966, 0.5467,-3.7481,-4.3449,-2.4968,-0.7413, 3.1479,-0.9672, 2.1043,-0.8958, 2.8543,-2.7502,-4.8699,-2.2029, 4.3911, 0.5703
 0.0255, 2.0621,-1.0064,-0.1379, 0.3691, 3.5905, 2.9814,-4.7039,-4.3674,-1.5358, 2.9908,-3.7332, 2.2499,-3.3133, 2.6166,-1.2166, 1.9074,-2.6122,-0.6245,-0.4278,-1.9180,-0.5806,-1.0643,-0.1998, 2.1646, 0.8695,-0.8979,-0.4294,-0.3899,-0.8926,-0.1166,-1.1377,-3.0710, 0.4622,-2.9142,-0.6017, 0.5383, 3.4274, 2.5993, 0.5501,-3.8303,-0.0644, 3.5825,-3.5614, 2.5490,-2.9266,-1.1033,-4.9215, 4.8615, 4.2935, 2.4272, 4.4258, 0.2009, 4.4317,-4.5223, 0.1238,-3.0573, 0.1760, 3.9045, 3.8998,-1.1166,-2.8836, 4.7540, 1.3275, 2.0499,-2.8857,-0.6533,-3.9276,-1.5417,-3.0620
 3.5264, 2.3443, 3.7732, 0.6590,-3.2164,-4.2315, 2.5361, 0.3895,-2.4617,-2.6428,-4.7879, 1.4625, 4.1797, 2.8370,-2.6943, 2.6749,-2.7726, 4.0113,-2.3994, 1.7910,-3.7560, 1.9851, 3.6970, 0.4315, 4.1804,-0.9012, 3.5299, 1.9372, 2.5345, 2.4243,-4.1549,-1.4699, 0.8518, 0.6563, 2.9352,-3.9594,-2.8897,-2.1559,-3.5269, 0.4232,-1.7984,-2.0371, 4.7061, 2.8407,-1.4745,-3.0323, 0.1739,-3.2497,-3.4335, 0.4037, 1.2726,-1.1211,-2.8030,-3.5304,-0.9187,-4.7021, 1.2614, 1.8521, 4.6657,-4.0923, 3.7405,-3.7981,-1.6613, 0.8637, 4.2613, 1.5238, 2.3082, 1.5032,-3.8557,-0.5803
 1.8637,-3.5881, 3.2109, 0.3458,-3.6784,-0.8736, 0.0417, 3.6309,-2.0380, 0.6056, 4.0624,-3.6729, 0.4195,-2.2922, 4.1027, 4.0173,-0.2556, 3.9538, 4.4603,-0.0233, 2.3741,-1.4445,-0.4933, 1.1089, 0.4378, 4.8453,-2.4785,-0.1241,-4.9442, 0.3273,-1.0359, 0.6488, 2.0060, 1.2052,-0.8398,-2.2211, 2.7613, 4.6024, 3.4535,-2.3266,-3.6199,-3.5614, 4.0346, 1.4402, 4.1985, 2.9649, 1.6681,-1.6501,-3.9881,-2.5395, 2.8331, 2.1527,-1.2834,-4.2795, 2.9875, 1.0817, 4.8954, 0.7372, 1.2188, 0.3817,-4.7937,-3.3679,-0.7135, 4.2022, 3.1500,-4.7811, 1.6507, 2.2167,-2.6370,-2.3936
-1.3414, 2.8796,-2.3768, 0.8124,-4.4317, 2.6670,-4.8728,-2.6834,-2.5513, 1.0534,-4.3143,-3.2879, 2.7644, 3.6523,-0.2319, 4.1985,-1.1364,-3.1301, 0.4219, 1.3873,-2.2252,-0.1908, 3.6091,-4.5517, 0.8276, 0.2466,-4.6668,-1.3207,-3.3061, 0.3050, 1.1065,-4.4159, 1.9450, 4.7431, 4.9180,-1.3230,-0.4010, 3.7457,-0.3823,-3.1593, 4.7996, 1.0518, 1.1292, 4.7125,-3.3125,-1.4131,-0.5705, 1.1177,-2.2182,-2.3238,-0.6502, 1.2639,-1.3375, 0.5942,-2.3077, 3.2503,-4.4753, 2.2263,-1.0064,-0.6881,-0.1715, 2.6270,-4.6306, 3.7699, 2.2225, 1.1153, 3.1848, 0.7975, 1.5835, 1.6903
 1.7834,-1.9092,-4.0035, 2.2450,-1.9109,-0.6374, 3.0049,-2.1724, 3.5183, 1.7529,-4.4902,-0.5446, 2.1735,-1.9126,-2.9314,-3.4043, 2.7744, 0.2311, 1.5748,-1.6096, 3.1648, 4.9387, 4.1906,-3.5884, 0.2220, 1.9834, 4.1342, 4.1092,-1.1080,-4.3849,-3.2161, 4.7722, 3.1256, 3.0654,-1.7197,-1.9283,-0.5527,-4.1405, 4.0557,-3.6517,-3.2017,-0.5529, 2.2966, 4.6796, 1.2574, 1.6467,-0.4070,-0.3522, 3.6701, 3.4257,-2.7798, 2.4071,-2.0072, 1.4738, 0.4509, 0.0171,-1.1081,-4.4745, 1.4691, 2.2901,-4.8614, 2.7348, 4.4089, 3.5481, 1.3766,-4.6956,-3.7812,-4.4120,-0.9911, 0.5941
-3.8544, 1.0153, 2.5967, 3.7439, 2.1591,-4.2631,-4.0978,-0.8141, 1.4256, 4.8022,-2.5064, 4.4958, 4.8547,-0.8779,-4.5028, 4.6284, 4.9270, 4.8286, 1.9947,-4.3562, 2.0232, 4.5492,-3.2525, 3.7832,-0.8936, 3.9714, 4.8301, 2.2295, 1.8542,-4.0056, 0.7581, 2.0770,-0.1551,-4.7499,-1.5213, 2.8071,-4.2329, 4.5180, 3.5799,-0.9970,-3.6301,-3.9051,-3.7843,-1.3104,-3.4555, 0.3968, 0.1984,-0.4267,-1.0362,-0.4065,-2.8053, 1.3420,-1.4514,-2.1664, 4.6520, 1.9156,-2.2019,-2.5123, 4.3010, 3.4968,-3.0668, 0.6580, 1.6650,-2.3306,-1.9017,-1.7704, 1.4800,-0.1256,-4.4307, 3.5384
 1.8321,-0.7108, 1.9214,-3.7595, 3.6874,-2.3481,-3.8429,-4.6813, 4.4848,-4.8953, 2.4190,-3.6985,-2.1229, 1.9106, 0.5716, 0.4417, 3.1090,-4.9198,-2.3275, 0.6596, 0.2770, 4.9169,-1.1239,-3.0050,-1.8385,-2.0549,-4.9192,-4.8066, 2.2257, 3.2410, 1.5130, 1.3772, 4.0832, 3.8855, 4.5082,-2.3723,-1.8664, 0.9817, 0.4282, 0.0059, 0.5707,-2.3797, 1.8450, 3.9454,-4.7723,-0.3525, 3.7424, 1.3999,-1.8303, 0.9176, 1.0437,-1.9334,-2.1955,-4.0877, 0.7424,-0.3670,-1.0179, 1.6858, 0.6426,-3.7895,-4.2646, 1.8574, 1.4410,-0.9070,-2.1554,-2.8845, 2.5152, 4.7996,-4.3545, 0.7036
-0.7899,-0.3025, 3.1858,-2.2793, 2.2350,-0.2594, 2.1921, 0.2509, 1.1651,-4.5733,-4.6720, 3.0062, 1.5982,-4.2334,-3.2521,-4.7133,-3.1243,-2.7843,-4.5321, 4.8132,-2.9623,-0.7853, 3.9716, 2.3778,-1.2631,-1.8777,-4.9210,-4.9000, 0.4525,-2.4442,-0.9326,-0.0832,-3.2804,-3.6371, 0.4778, 2.4059, 1.9186, 2.7941,-4.6614, 3.3674, 3.8767,-2.9796,-0.2639,-4.1050,-0.8518, 1.4533, 0.2012, 0.2607, 2.2115, 4.1028, 0.4550,-4.3270, 0.4594,-2.6540,-4.9013,-2.6354, 2.0981,-1.7733, 1.7149, 0.7716, 1.0136,-0.7687, 0.1026, 3.0868, 0.3530,-4.3834, 4.8206,-4.6672,-0.1034,-1.9125
 2.8903, 1.6781, 4.3663, 0.9661,-0.3325, 3.5567,-3.3995,-2.6440, 4.0269, 3.8728, 2.8647,-3.1129,-4.7310,-4.8983,-4.1900, 0.4658,-0.4692, 4.9989,-0.5330, 2.9558,-2.6664,-0.9413, 3.2461,-2.7700, 0.5338,-4.0180,-1.6742, 2.2934,-0.2451,-2.5678,-1.5842,-3.0325,-1.9894, 3.1066, 1.3434,-2.6061, 0.4502,-1.3237, 3.2588, 4.4424,-0.0140,-1.7049,-4.0229, 2.0461, 1.5893,-2.6940,-2.3932, 3.9417,-4.5072, 2.1539, 0.3201,-2.7338,-1.4222,-4.7203, 1.7774,-2.0478,-1.7509, 0.5680, 1.9777,-3.7389, 3.7704,-1.5458, 1.0616, 0.1400,-2.1967, 0.0695,-2.3582, 0.2278, 0.3292, 1.4168
-4.4031,-4.6563,-3.2294,-4.3436,-4.3871, 0.3435,-3.6797, 1.6126, 3.8197, 2.7177,-2.4642, 4.5458,-1.0217,-4.4504, 4.1732,-0.8383, 0.9733,-2.4704,-0.6533, 1.4380,-1.9779,-4.7106,-2.4377, 1.5513,-0.8664,-2.1576,-3.8781,-2.4594,-4.0753,-0.4710,-1.2800,-0.9914, 2.4089, 2.5791, 2.1188,-2.4885,-4.2677,-0.3132,-4.8313, 1.5845,-2.1866,-2.2039,-0.2414,-1.4552, 2.1789,-3.5682, 3.8097,-2.7712, 1.1324, 2.9491,-2.6785,-2.2858,-1.0214, 1.0675, 0.3413,-3.3871,-0.8241,-1.1928, 0.6657,-2.4674, 3.8208,-0.9114,-3.4553,-4.6718,-1.5401, 4.1960,-3.4316,-1.3178,-2.7920,-4.9398
 2.6841,-1.6342, 2.4118, 4.3367, 2.6717, 2.0264, 0.4372,-0.5983,-0.4319, 0.5781,-2.4442,-1.2963, 3.1346, 4.7895,-1.9952,-2.0185,-2.5888,-4.2267, 0.6759, 1.3627, 0.3393,-0.1178, 2.6687,-0.3250,-1.5243,-2.1642, 1.2275, 1.7056, 4.9499,-1.9141, 0.1434, 0.1017,-0.7161, 4.9108,-5.0000,-4.8850,-0.4780,-3.1739, 1.2753, 2.1591, 3.9336, 0.7143,-3.2992,-1.9658, 1.0354,-3.2421, 2.3789, 2.8758, 2.2001, 2.0565,-3.3087,-3.7118,-0.1779,-4.0936,-4.3751, 1.2321,-3.1201, 2.1110,-4.7981, 4.1561, 3.5841,-3.6031,-0.2646,-0.9926, 2.3101,-4.8418, 4.9228,-3.9504, 4.6652,-3.8066
 1.4337, 2.1361,-1.3948, 0.1975,-3.7598, 1.2741, 3.1193,-2.4471,-4.7044,-0.4497,-4.7254, 3.9558,-3.1705, 4.3447,-0.8424,-1.4344, 4.4569, 1.9291, 1.9956,-3.2708, 2.9361,-0.4641,-2.7338,-3.8370, 1.4063,-4.6534,-4.4652, 0.4757,-4.6691, 4.2626, 0.5420, 2.9006,-4.7576,-3.9276,-2.8766,-1.3448, 4.1938,-3.9241,-4.4486,-4.4240,-2.2549, 2.9711,-3.9222,-3.9662,-2.5278,-4.7290,-3.6678, 2.0506, 2.0942,-1.5414,-0.7986,-3.4154, 1.7824, 2.6940, 2.8016,-0.3526, 4.2078, 1.4056, 4.9365, 4.4397, 1.1582, 4.0722,-1.0701, 2.8530,-2.7201,-2.4995,-1.5431, 2.3725,-4.2438, 1.2293
-2.1851, 4.4494,-1.6058,-1.4769,-1.4554,-1.9926, 3.4898,-4.5783, 4.1580,-1.8748,-4.5237, 4.6215, 2.4759, 1.1027,-1.6097, 2.8673, 2.1490,-1.5320, 0.4642,-1.3884, 1.0768, 1.7389,-4.0167,-1.3252,-3.6438, 2.7085, 3.2285,-4.8018, 2.7341,-0.7826, 0.0001,-3.6983, 1.4573, 0.1045,-3.2623, 2.1229, 3.8253, 0.5863, 4.2711, 3.8678,-3.0276,-1.7226,-3.0102, 1.2770,-0.1653,-1.2091, 3.4826,-3.1936, 4.8162, 4.3984, 3.6053,-4.0348,-3.2358, 2.7148,-4.4655,-0.7507, 4.6031, 3.4713, 0.0045,-4.4451, 1.3825,-3.2551,-0.7022, 0.6631,-4.9277, 2.8162, 4.7817, 2.1719,-4.9199, 0.0816
-0.4274,-1.2053,-0.1281, 3.8464, 0.9242,-3.5370,-4.1565,-4.7872, 1.6929,-2.2046,-2.2477, 1.3748, 2.2325, 0.2424, 3.5252,-4.8383, 0.7122,-1.5639,-0.9475, 4.9615,-1.8593,-0.6434,-3.0746, 0.1267, 3.6926, 0.7662,-3.5161,-3.6070,-2.8157, 2.5690, 1.1501, 4.5217, 1.3608, 3.1288,-4.8351, 0.2771, 3.9727,-1.4036, 4.5205,-1.0483,-2.6458,-3.3016,-1.2909,-2.1491, 3.8204, 3.8395,-2.1763, 2.4847,-2.6169,-1.8680,-0.0018,-1.2414, 1.6245, 0.0169,-2.5061,-1.0802,-2.8447, 2.7549,-0.9333, 3.1536, 2.4284, 4.1053,-3.0872,-2.5859,-0.6562,-4.6066, 0.6898,-0.7104, 4.3891,-2.6084
 4.7164,-4.3663,-0.3784, 0.1817, 4.4464, 4.0372,-1.3679,-2.3598,-2.6366, 2.8391, 0.5015,-1.6304, 4.9346, 4.1501,-0.5099,-2.5906,-2.4750, 1.4895,-2.2190,-3.6173,-0.0220, 1.3122, 3.7578,-3.7185,-1.3677, 4.6998,-4.3525, 0.6397,-0.5512, 3.3412, 1.0854, 4.8196,-0.4325, 1.2386, 2.1639,-3.8065,-2.3498,-1.9634, 2.9792, 2.7863,-1.6937,-0.7651, 0.8005,-2.8811,-4.8915,-3.1318,-3.7232, 0.5813,-2.1744,-4.3429,-3.2408,-2.5250,-1.9780,-4.4902, 4.5094,-2.2582, 2.4689,-4.4933,-1.0796, 1.3218,-4.0474,-4.4663,-0.4325,-0.4233, 2.1445,-1.3042,-3.8861, 2.8526,-0.1437,-4.0610
-4.5200,-2.3387,-2.3053, 2.5374, 1.1119, 3.5602,-1.0610, 4.7966,-2.4850,-4.8400,-0.1101, 0.8509, 4.7883, 4.8963, 3.3104, 1.7959,-1.6994,-4.6084, 2.8156, 2.8609,-0.3466,-3.7876, 0.4329, 3.9920,-3.1712, 3.4837, 1.8314,-2.6658,-1.8503,-3.5167,-1.5391,-3.2299, 0.7500,-0.5807, 2.5523,-3.4342, 2.5189,-2.3727, 1.2430, 2.9932,-3.4254,-4.4219, 3.6527, 2.3869, 2.0354, 0.9377,-3.8004,-3.4953, 1.4183,-3.7643, 3.1203, 2.3967,-0.9885, 0.5216,-1.6936, 4.6468,-2.2417, 1.7677, 1.6024,-1.8416, 2.8216,-1.3365, 1.5583,-3.6364,-4.7670, 4.0825, 0.3976, 0.0792, 4.0471,-2.7882
-0.8657, 2.5758,-4.4089,-4.6425,-4.5606,-4.7410,-1.5717,-2.7863, 4.0278,-3.0313, 1.5907, 3.1218,-4.9813,-2.2740,-1.2298,-0.7593, 0.0608, 3.9315, 4.7879,-1.3548, 2.0639,-1.4753,-2.6261, 4.2134, 1.6925,-0.8975,-1.9906, 2.6050,-4.1480, 2.8255,-2.8427,-2.9384,-0.8448,-3.1146, 4.8874,-3.5155,-2.0000, 4.7425, 0.6662, 0.8206,-3.6689, 1.7125,-2.3712, 3.5939,-3.0463,-2.9188,-1.6606,-0.9665, 0.0381, 1.9400, 2.6987,-2.1502,-2.1094,-2.5530, 1.5777, 3.6351, 2.8359,-4.9824, 4.6638, 1.5519, 2.0030,-1.6025,-4.9120, 3.1834,-0.0282,-2.8098,-3.3256, 2.2267, 0.0578, 4.8148
-4.5146,-0.2335,-0.2210, 0.0786,-4.0926, 2.6522,-2.5139, 3.6235,-1.6302,-0.6554, 3.6258, 1.5624, 0.4236,-4.8390,-4.9172,-3.9046,-0.0586,-4.1159,-2.8670, 3.9845,-2.5331, 3.2143,-4.5472, 1.8810, 0.4680, 0.0525,-4.9178, 1.5170,-4.1760,-1.0184,-2.9964,-3.0731,-4.9492,-1.7496, 4.2998, 2.5758, 1.4691,-1.0485,-3.9329,-2.7289,-4.2057,-2.0811, 2.8670,-1.5230, 1.9522, 0.8469, 0.1573, 3.5247, 2.6690, 3.0307,-3.5487,-3.9048,-2.8368, 1.5055, 0.1430,-3.3918,-4.4965, 0.8451, 0.0823, 3.0142, 3.3526,-3.7571,-2.6605,-4.6742,-3.3034,-2.1559,-1.5183, 3.1672, 4.4163,-1.2263
-4.6117, 4.4784,-3.1930,-1.4266, 2.9996,-0.3558, 3.1282,-4.5138, 0.3656,-1.6001,-1.6929, 1.5940, 2.0700, 1.9568, 4.3384, 2.6337,-4.1438,-2.5007, 2.9811,-2.6853,-1.7003, 0.2403,-0.1095,-2.8120,-4.1246, 0.7500, 4.5019,-1.9684, 4.1822, 1.6005, 3.8812,-4.2774, 1.5564, 1.3111,-4.0789, 4.0259, 4.6062, 3.5374, 2.6129, 4.2252, 4.2020, 2.6922, 1.2405,-3.2768, 1.7790, 3.8798, 0.2770,-1.7473, 1.7203,-4.7830, 2.7371, 0.0482, 4.1844, 0.0510, 1.6517,-2.7141, 1.1768, 3.7110, 1.8640,-0.7911,-1.7037, 3.6704,-4.4283, 0.0693, 4.8237,-0.1791, 0.4050,-0.7408, 2.9609, 1.4336
-4.6183,-3.3239,-3.4783, 0.8572, 4.5498,-4.6128, 2.6043, 4.5231,-3.3833,-1.7504, 4.6260,-0.8396, 0.6364,-2.1718,-3.9685, 1.2880,-2.1240,-3.0841,-2.8821,-2.1091, 0.4048,-0.4605, 3.8448, 3.5962,-1.2773,-4.6295,-1.4643,-0.8598, 4.7825, 0.1856, 0.8034, 1.5876, 2.8395, 2.4128,-2.6615, 1.2404,-1.9840, 4.5311,-3.3283,-4.4340, 4.3064,-2.9753,-1.6648, 1.8758, 2.4705,-0.2526,-0.4816, 4.8210,-2.6081, 0.6877,-3.3879,-2.4695, 4.9231, 4.2698, 4.0095, 2.3982,-1.1779, 0.4386,-2.2209,-0.1452,-4.1863,-2.3741, 4.4483,-1.0494, 1.6266, 0.2329,-2.7658,-3.3346,-3.0388, 4.4480
-2.9252, 4.4858,-4.7446, 4.0386,-3.8049,-3.4110,-1.2550,-4.5832, 1.9710, 1.8139, 2.1152,-1.6002, 2.2171, 0.1682, 1.8851,-1.4219,-2.0752, 2.2019, 4.8014,-4.9544,-3.3174,-3.1279, 3.7937, 3.1299,-4.0171,-4.2263, 4.3298,-3.7921,-4.1369, 1.6116,-4.4568,-4.9809,-2.2378,-3.8174, 1.3933,-0.0324, 3.6165, 2.6927, 4.4986,-2.1572, 0.2515,-0.1845,-0.9024,-0.0795,-0.8563,-1.8594,-2.0525,-0.6226, 2.7643,-1.8459,-0.5010,-2.2229, 4.7641,-2.0732,-1.3317, 2.6457, 1.7594, 4.6909,-1.4415,-0.3530, 0.5463,-2.4035, 1.8050, 0.9555,-3.2892, 4.3512, 4.1630,-3.2923,-3.5744, 0.0600
-0.9240,-1.0034, 4.0474, 1.6905, 2.3989, 1.2340, 3.2350,-0.0726, 3.5036, 4.4943,-3.8193, 0.2340, 4.5829, 3.7740, 1.4373,-1.9532, 4.2486,-2.1822,-0.0508, 3.0924,-0.4337,-2.2466, 3.9479,-4.8945,-4.9563,-4.0016, 3.2143, 3.9207, 4.2213,-0.6366, 4.3626,-2.5893, 3.7177,-1.0452,-4.2040, 0.6911, 2.9127, 4.3344, 2.9706,-0.2414,-0.0832,-1.4633, 1.2612, 2.4758, 0.9188,-3.6254,-3.0114, 1.2867,-2.2985, 0.1046,-0.0580, 2.8067, 1.2827, 4.3467,-3.1802, 0.9224,-2.3261,-0.0394,-2.8790,-2.3286, 0.1055, 3.3835,-1.9129,-1.0974, 3.8795,-2.0430, 1.7159,-2.2272,-1.8258,-4.8031
-0.7966,-4.6650,-2.7484,-0.2929, 3.2870, 0.5918, 1.5351, 1.7130,-0.9745,-4.6217, 4.7795,-2.6493, 3.2423,-2.9286, 3.7524, 4.3457, 3.6245, 0.0723,-0.6485,-4.7889, 4.0197,-2.2844,-1.3182, 4.3912,-0.1650, 2.5020, 4.5648,-1.2152, 4.8785, 4.6771, 0.5282,-3.2443,-2.4783,-1.1759, 2.1897,-2.9450, 1.3023,-3.6973, 2.1606, 1.0571,-0.7514,-1.6537, 1.1062,-3.9273, 3.3286,-1.4517,-3.7108,-0.3648,-2.0662, 1.9468,-3.3878, 2.1867,-0.7512, 3.4534, 3.1646,-1.7819,-2.3101, 3.8369, 0.5876,-0.7131, 2.6699,-2.8923, 1.9196, 4.9463,-0.2973,-4.1623, 3.8703, 1.7025, 3.7033, 1.3800
 1.9068, 2.6410,-0.1740,-1.8225, 0.8803, 1.7933,-2.3573,-4.3759, 2.5293,-3.7239,-4.9855,-4.5498,-1.5868,-2.5778, 4.1884,-3.9910,-1.9693, 3.9196, 2.9477, 4.1091, 4.0667, 0.4741, 1.8512,-0.2995,-0.7879,-4.3536,-3.1075,-2.3701, 3.0360,-0.2426,-3.5496, 4.8075, 1.7511,-0.7401, 2.1419,-0.1215, 1.1435, 3.5869,-0.2832,-2.3480, 1.2410,-0.3230, 2.0560,-0.0127, 4.1252,-4.6656, 1.3670,-3.0542, 4.0178,-2.4596,-1.7650, 0.7220,-3.3316,-1.9588,-0.7182, 2.7326,-1.9548,-2.1289,-3.9145, 2.8878, 4.2076, 3.2448,-1.5596,-1.0484, 0.8268,-1.8435, 4.2451, 2.9324, 3.7067, 0.5864
-1.8439, 2.9465,-4.4126, 1.3300, 2.5071, 0.2575, 2.5943,-3.0604, 3.8983,-2.0082,-2.3466, 0.7453,-4.5160, 1.5163, 0.7668, 2.8678,-1.3183, 2.3012, 3.7743, 1.0577, 2.5744,-4.4959, 4.1363,-0.2131,-2.5119,-3.2433, 1.1389,-0.9137, 2.4976,-2.5809,-0.7644,-1.1376,-4.6196, 0.1717, 2.9838,-1.4766,-0.1439, 2.4661,-4.8801,-4.4752,-2.2846,-2.9722, 1.9821,-2.2845,-1.3347,-2.0360, 4.2714,-4.3360,-3.9692,-2.9655, 4.3749,-0.7171, 2.9698, 1.1859, 3.3692, 1.6444,-2.6267, 2.3092,-3.9038,-4.2029, 2.2813,-0.4835, 2.5799, 1.7986,-4.8359, 3.9114, 2.4202, 3.4921,-4.2823, 2.5924
-4.0445,-2.8176,-4.4193, 3.7196,-1.9699, 0.2510, 1.1111,-2.2351,-0.0110,-2.1431, 1.9717,-0.8275,-2.5560,-2.8417, 3.7374,-0.8049, 3.4255, 1.7578, 0.9877, 2.8428, 3.3153, 2.3415, 4.2984, 2.4520, 4.4575,-4.1859,-4.8865,-0.9677,-3.5334,-4.8366, 1.3662,-4.9893,-4.9495,-4.1981, 3.9815,-0.1156, 0.6699,-1.6607, 4.3409,-3.5860, 1.4934, 0.5714,-2.9604, 3.2839, 0.4485,-0.2082, 2.1598, 2.6141, 3.9913,-2.9134, 0.6237, 3.4459,-3.6560,-0.9404, 3.9235,-1.2440, 0.6948,-2.8695, 3.7979,-1.7977, 3.0290, 3.9576, 0.2678, 0.6646, 1.8663,-4.1864,-2.8676,-1.3279,-2.7968,-1.1030
 3.6541,-1.9731, 1.1352, 2.5579,-1.0099,-0.0821, 4.3343,-1.8077, 2.3549, 3.7317,-2.5915, 1.1309, 0.0303, 0.0900, 4.3489, 4.1065, 2.4883, 3.2996,-2.5824, 2.7819,-1.5767,-3.6110, 0.4429, 4.9026, 1.2469,-2.1972,-2.6182,-2.9779, 3.1109, 2.1896,-3.4845, 0.9328,-1.0114,-0.0850, 3.2515, 1.1843, 4.9015,-3.7535, 3.4367, 1.9019,-2.4609, 0.4963, 4.1480,-2.7203,-2.0387,-0.6671, 2.3723, 3.4699, 2.1022, 0.5059, 4.6763, 1.7877, 4.7628, 3.4428,-0.6887, 3.0818, 4.5568,-3.5729, 4.4950, 0.8651,-4.3230, 4.2237,-1.6400,-1.4499, 2.9015,-0.3298,-1.1356, 2.5241, 1.0245, 4.6801
 0.6236, 3.9426,-4.2776, 3.4055, 4.9620, 1.0578, 0.1807, 1.8978,-1.2016,-4.2715,-0.0335,-4.9743,-4.5586, 4.1366, 0.0148, 1.2098,-4.2364,-3.0208,-0.4786,-2.4444, 2.0770,-3.8279,-4.8123,-1.4393, 3.6905,-4.6667, 1.3952,-3.1243, 0.8551, 3.2188,-2.1619, 2.7353,-0.9414,-2.3622,-1.6760, 3.2805, 1.0857,-3.9154, 2.9957,-3.3867,-4.2482,-4.8011, 2.4835,-0.9024, 2.5502,-2.6550,-4.6133, 2.5212,-1.6421,-0.1867, 0.3363,-3.0693, 1.0131,-1.6744, 4.5156, 0.7752,-2.4090,-2.6262,-4.4271, 0.9220,-1.9427, 3.2393,-0.0106,-2.7198,-2.5154,-4.0665,-1.6228,-2.7187, 4.5004,-4.9221
-4.2928, 0.3526, 3.3698, 3.4812,-0.2377,-4.8723,-4.6801, 2.0247,-4.6779,-4.7357,-3.0157, 4.4250,-2.6529,-3.5788, 0.1135, 3.7996,-4.2405,-3.4054, 3.0573,-3.1904, 3.4737,-0.2374, 2.2164, 4.4982,-0.6734,-3.7287, 1.8859, 1.8255,-3.8094,-0.3752, 4.8314, 0.7093, 2.2582,-1.5797,-2.6337, 3.7231, 0.1924,-0.4289, 4.1907,-4.8520,-1.0769,-0.6512,-2.0007, 0.9211, 2.7526, 3.5407,-3.8170, 0.5509,-2.5857, 3.8614,-2.6097,-2.6244,-3.7751, 4.1446, 0.2475,-0.2363,-3.0548,-3.5632, 3.3924, 2.3905,-0.2101,-0.2683, 2.9719, 2.2707, 3.6388, 2.1844, 3.3056,-1.9310, 3.6985, 2.2737
 3.7448, 4.5965,-1.0659,-1.0799, 3.3203, 3.5533, 2.6411,-2.0563,-0.1365, 4.9192,-0.3062, 0.6189,-2.5381,-4.3742, 0.7193, 2.3615, 4.6048, 1.6465, 1.7269,-3.5973, 3.6693,-3.9762,-4.9356,-0.4724, 3.9057,-4.2045,-1.0367, 2.9081,-1.4098, 3.9770,-3.8391, 4.3037,-2.4716,-2.4299, 2.7065, 4.2764, 4.6691, 1.1932,-0.2351,-2.3519,-2.6325, 1.8281, 3.3701,-0.2286, 1.7081, 0.3740, 3.2077, 2.6224,-1.8550,-1.0769,-3.0380, 0.7549,-3.5558,-1.8053, 0.3187,-3.7393, 0.2869,-4.5582, 1.9463, 3.7678, 0.2874,-4.7393,-0.4261, 1.0110, 2.9010,-1.2185,-4.6768, 0.6048,-3.3053, 3.3783
 3.0415,-2.6033, 2.9636, 2.1592,-4.4211,-2.5652,-4.5879, 3.7705,-0.9474,-0.1309,-2.6498, 0.7817,-2.7303,-2.2333,-1.8428, 3.7472,-4.5575,-0.6040,-0.1285,-1.1830,-2.2764, 4.7848, 3.8460,-3.1472, 2.8170, 3.4074,-0.5730,-0.9524, 2.8752, 1.5259, 2.2934, 0.8806, 4.7616,-4.5782,-1.2302, 3.1556, 4.1720, 2.1956, 3.2880,-1.4349, 3.1907, 0.0851, 1.0363,-1.1277, 4.7793,-4.3714, 0.0041, 1.5479, 2.5063, 1.8899,-1.6718,-3.4694, 1.6576,-2.7580, 2.5222, 4.0383,-1.8736, 3.6110, 4.0892,-0.0415, 2.6508, 2.5073, 1.1337, 3.8787, 0.1439, 1.3292,-3.2568,-4.9495,-4.1045,-2.6327
 4.9816, 0.0757, 2.9161,-0.2896,-0.5057, 1.3943, 4.3454,-2.9960, 0.5485,-4.7792, 4.9316, 1.2988, 1.6977, 4.8037, 3.7920, 2.2901,-2.4008, 2.5305,-2.8477,-3.8554,-3.6574, 3.8965,-0.8050, 3.3760, 0.0694,-2.3476,-2.1137, 1.9277,-1.8173, 1.5830,-3.9723,-2.0830, 4.5473,-1.7235, 4.3207, 2.1707,-1.5537, 4.3524,-4.9144,-4.9422,-3.8996, 2.2955, 0.7902, 2.5077,-3.1828,-3.2172, 3.1447,-4.8977,-1.9358, 2.8721, 2.3929, 1.3685, 0.4232,-0.8959, 1.4675,-4.3634, 0.2684, 0.3474,-2.6911, 4.3298,-0.8455,-4.5306, 3.3900, 2.9970,-2.5346, 3.1242, 3.2908, 3.9413,-2.5516,-1.4520
 2.4796,-1.3768,-4.5500, 4.7351, 2.9088,-0.8392, 1.3668,-2.0750,-4.0515, 2.2062,-2.7056, 0.3006, 4.6571,-2.7932,-1.5498,-0.6643,-0.6376,-1.1590, 1.1708,-2.8794,-2.6305, 2.0469,-3.1975,-3.2049, 1.2829,-1.6483, 0.6353,-4.6744, 3.5317, 2.8768, 3.9995,-3.1685, 0.5005, 0.0890,-2.9919, 0.6873,-4.5113, 2.5497,-3.8646,-0.8685, 0.7908,-3.4091, 1.4695, 2.0351, 0.7960, 1.8501, 1.5449, 4.3037, 4.3556,-2.4373, 4.8625, 1.5012, 0.9093, 0.1065,-1.7348, 3.3888, 1.6619,-0.5252,-0.3860,-3.1581,-2.4340, 4.4889,-0.3738,-0.4152, 2.9877,-3.7550, 3.6487,-3.8608, 1.0160,-1.8280
 3.9248,-2.7026, 0.5202, 4.6570, 2.7026,-2.9406,-2.2509, 1.4549, 1.0579,-3.4017, 3.8004,-0.3354, 1.3143,-4.2247,-3.6604, 4.9102, 4.9050,-2.0690,-2.4178, 0.4921,-1.3225,-1.6621, 1.8477, 0.2202, 1.9907, 1.3129, 2.1926,-2.5342, 0.6799,-1.8127, 2.2646, 3.0722,-0.4158,-1.3447,-2.1607, 4.8800,-1.6213, 0.6428, 1.6637,-2.3172,-2.8129,-4.5330,-0.6699,-3.8793, 0.9707, 4.9013,-3.9483, 4.6447,-3.5465,-0.0153,-4.7547, 0.0601, 0.7976, 1.3387, 1.5368,-1.0043,-2.8042, 3.0058, 2.4221, 3.9945, 3.5921, 3.3510,-2.9941, 3.7738, 2.3047,-1.5062, 3.9425,-4.7332,-1.8043, 0.3527
-0.1744,-1.9977,-3.8533, 2.5132, 2.9160,-0.7688,-4.9396, 4.2583, 2.4864, 0.0812, 3.2260,-2.5155, 2.1164, 4.4368,-2.6882, 4.8502,-2.1337,-2.4062,-0.4127, 2.1668, 1.7580, 1.0652, 0.2520,-4.9240,-1.2844, 0.1890,-0.1763,-4.9079,-0.8547,-2.1012,-0.8799, 1.4810,-2.2355,-4.4474,-2.5017, 3.3644,-3.4485, 1.1151, 0.6172, 0.6560,-4.5674,-4.5944,-2.0691,-2.7191, 2.9594,-2.7169, 1.2707,-3.3017,-4.4889, 1.8867,-1.3814, 0.5928,-0.0030, 1.1364, 4.5727,-2.8814, 0.0570, 1.5993, 3.0735,-1.0835, 3.6202,-3.3121,-2.6382,-0.9609, 1.7550, 0.3885,-2.8909, 4.7200, 0.8098,-1.6772
-4.2619,-0.2984, 2.1905, 0.7491,-1.2130,-4.3113,-2.8311,-1.5464, 3.3365, 0.7841,-0.0245, 4.1864, 2.5937, 4.2735,-0.9368,-3.5457,-3.3148,-3.8291,-2.5776,-3.1195, 2.8914, 2.9522,-1.8356, 1.1312,-2.0000,-4.5865,-3.1332, 3.9464, 2.0686,-2.0041,-2.1970,-1.3876, 1.8826,-1.6870, 3.2902, 1.7732,-4.1219, 0.1502,-3.8120,-2.3335, 1.5014, 1.6146, 4.0201, 0.0578, 3.0004, 4.7899,-1.0657, 1.7045,-1.5934, 4.4868, 4.7614, 4.0507, 4.7374, 4.4916,-4.4915,-0.4827, 4.8453,-0.6870, 4.7414, 4.7997, 1.0815, 0.4142, 0.4395,-3.0738,-0.4425,-0.8000,-4.1525, 4.9519, 2.0760, 0.1139
 1.4282, 0.8951, 3.5489,-4.1649,-2.0871, 4.2190,-0.8655, 0.1980,-2.7836, 1.9487, 1.5381, 4.1517,-0.3886,-4.2914,-1.3032,-1.9616, 3.5604,-1.1098,-3.0787, 2.8581, 2.7208,-2.2335, 1.8830,-1.6636,-3.7409,-1.1196, 3.3231,-0.1915, 0.5655, 2.1307, 0.0324, 3.1515, 4.8751,-1.8451,-4.2349,-1.9689,-1.0803, 1.2475, 1.1267,-0.5436, 3.6508, 2.8136,-3.5151,-3.3573, 1.7816,-1.4569,-3.7932,-2.3118, 2.7874,-1.7435,-3.8941, 1.3033, 2.3217,-0.2955,-4.1413, 4.0936, 4.6514, 1.4504,-2.0137,-1.2009,-2.3797, 3.2840,-4.6491,-1.5408,-2.5207, 0.8770, 1.2809,-1.3218, 4.0754, 4.1011
-0.8236,-4.4568,-3.9605,-2.3940, 3.2519, 4.7012,-4.5595, 3.1197, 0.9357,-3.0188, 4.4357, 2.5126, 2.1380, 1.3794,-4.5752, 1.1867, 3.0368, 1.1364,-0.0236, 2.5624, 1.0134, 3.5017, 2.9053,-2.9897, 3.9919,-0.0110, 3.2939,-3.0396,-4.7002, 3.8584, 0.4723,-4.5773,-4.3889, 4.2966, 0.4596,-4.8671, 2.3703, 3.7592, 4.2289,-1.9865,-2.8240, 2.8637, 0.6839, 4.0311, 0.0946, 2.3715,-1.8178, 2.5496, 0.5578, 2.7679,-3.4289,-3.6667, 3.9103,-2.9001,-1.3575, 1.3125, 2.4756, 0.3703,-1.5576, 3.7415, 2.8120, 4.6336, 2.8722,-4.6635,-4.3574, 4.4077,-1.7688,-3.2108,-0.2929,-4.1846
-1.0231, 0.5920,-4.6591, 0.8361,-4.3699,-0.7150, 2.6294,-4.5933, 0.1217, 2.4618, 3.9289, 2.0805,-1.2623,-3.6052, 0.3844, 2.4578, 2.7991, 2.0991,-1.5707,-2.2710,-2.8507,-0.1119, 3.7207,-1.7622,-4.6748,-2.1843, 4.5981,-2.1206, 1.1650,-0.1462, 1.8367,-4.9054, 3.5468, 2.2886,-1.6566,-0.0864, 1.0303,-0.3203,-4.6199, 3.9274,-0.3407, 1.5887,-2.1422,-1.6932, 0.0978, 3.6523,-1.0148,-2.7008, 4.7670,-2.0014,-0.3133,-4.0757,-4.8085, 3.8170, 4.3848,-0.9508, 1.4713, 3.1702, 2.5822,-2.9419, 4.7769, 0.2200, 4.0710,-1.5361,-2.6288,-2.4387,-4.9786, 3.4638,-2.5784,-0.2674
 1.8338,-2.7155, 3.3486, 1.1549, 3.8310, 3.2146, 1.4850,-2.9744, 3.8010,-4.8200,-1.7188,-3.4077,-0.6987, 2.1476, 2.3826, 2.8730,-2.9154,-0.1583, 4.9838,-0.6832, 2.0493, 2.7993,-0.3451,-4.6093, 1.1975,-0.5327, 0.2445,-0.2234, 0.7353,-4.6626, 3.3490,-1.1914,-1.3611,-2.1862, 0.7222, 3.2876, 4.7595, 3.9001,-3.3490, 4.3377, 4.5539,-3.8472,-4.4696,-0.0614,-4.9080,-3.3836, 2.2337, 2.5086,-1.6673, 3.3277, 2.0608, 4.6592,-3.1110, 1.7106,-0.3111,-0.4049,-4.5480, 2.4597,-2.6768, 3.2600, 3.6387,-1.0724,-4.3019,-0.7299,-0.5088,-3.9632,-4.5088, 3.0304,-1.0574, 2.6808
 0.2552,-3.9479,-0.8570,-3.9120,-4.2632,-1.4889,-3.4021,-0.5105,-2.0608, 1.8149,-2.1417,-1.5261, 3.9384,-2.1565,-0.6102, 4.9366,-4.8730, 1.0405, 2.3657, 1.8698,-4.7161,-1.3083, 3.7786, 0.0768, 2.5105, 2.5850, 2.8342,-3.5712, 0.2158, 2.4094,-0.1156,-0.6266, 3.3918, 3.6453,-4.4021,-1.3020,-3.1571, 4.1029,-0.6556,-2.8923, 3.1335,-4.3186, 2.5395,-2.2750,-3.1160, 0.0254, 0.5395,-4.0567,-2.5070,-3.6352, 1.4271, 3.2240,-2.9265, 2.4549, 1.6316,-2.0539,-1.2368, 1.9690,-2.7222, 3.2284, 0.2845,-3.8327,-3.9711,-2.5609, 1.1173, 1.2405,-4.3200, 1.4460,-1.4137,-0.1043
 3.8578, 4.2911, 3.4814, 1.4903, 1.7281,-3.7646, 3.2979,-2.7878, 4.7107, 2.2488,-3.2115, 0.4953, 2.5264,-0.1286, 4.3909, 1.7871,-0.5467, 1.0122, 0.0191, 3.1609,-3.4605, 4.1138,-3.6998, 2.2716, 4.6352,-4.3722, 0.0811,-1.0426,-3.9174,-1.4200, 0.1072,-2.0823,-3.1410, 2.3130,-1.1717, 2.6610, 2.0762,-2.3468, 4.0161, 2.4933, 1.7253, 2.0799,-3.3568,-2.4648,-1.3523,-4.5332, 3.6095, 1.2928,-4.4834,-2.5993, 4.7073,-1.5658, 1.1851, 1.2364,-2.1893,-4.2924, 1.6329,-1.0790, 4.0071,-2.0884, 0.2887, 3.3504,-4.9365, 2.8426,-3.5890,-2.2672,-4.0451,-3.7367,-1.8378, 2.3090
-4.5083, 0.4609,-1.5688,-4.2336, 0.1064, 4.7900, 2.6568, 3.9470,-2.3884,-1.7885,-4.1164, 4.6789, 1.6320,-3.0114,-4.5245,-4.5554,-0.6923,-1.8421, 4.6085,-3.8643, 3.7178, 0.1298, 2.6911, 3.9968,-3.0436, 1.9233,-2.0702, 4.7285,-0.2899,-2.9619,-3.8710, 2.5242, 1.2313, 2.0084,-3.5632,-0.2628,-0.9177,-4.6854, 3.0387,-3.1559, 4.9550,-0.4682, 4.8087,-2.4700, 2.9316,-1.1344,-3.5690,-4.0718, 0.8757, 4.6492, 3.2202,-4.4838,-3.5905,-3.8049, 0.1548, 4.7198,-2.3909, 2.1731,-3.7311, 3.2748,-1.4233, 3.9580, 0.1059,-1.8243,-2.7679,-0.7112, 1.1687, 2.1047,-4.0831, 2.5192
-2.9232, 3.1608,-0.3268, 0.1763, 4.6805,-2.4519,-3.0554, 3.3760, 3.3375,-4.5503, 1.9893,-1.7122,-4.4251, 0.3877, 1.8582,-2.0998, 1.4514,-1.8193,-1.9703,-1.6251,-0.1385,-3.2775,-2.7721, 0.0109,-3.7934,-2.8084, 0.7638,-4.3744, 0.2913,-2.0460,-1.5361, 0.1240,-0.1247, 3.1500,-3.8276, 4.5453,-1.9273, 3.8045, 4.4397, 2.9862,-1.1698, 1.0183,-2.0254,-4.7824, 2.1232,-3.8603, 4.4466, 4.5268, 1.1721, 1.0229, 1.6321, 2.0446,-2.2840,-1.5985, 3.3352, 0.1510,-3.8623, 4.5627,-1.5269, 4.7772,-1.0565,-2.1481,-2.2155,-3.6104,-0.3901, 4.0564, 3.0869,-4.0086,-1.2522,-0.7196
 2.7646,-0.4460,-1.5568,-3.5779, 4.5046,-0.0913, 0.3860, 4.5310,-1.6354,-3.3537, 2.2652,-2.1533,-2.5006, 1.5004,-3.3657, 3.7261, 4.4835, 3.1794,-2.5361, 4.4917, 0.9626,-0.5381, 4.8013,-0.0400, 1.8128,-1.2583, 4.9396, 3.7117,-1.1761, 3.7960, 4.7061,-2.5796, 0.8841, 0.3817,-4.8907, 4.8515, 3.9466,-1.1364,-1.1449, 2.1090, 3.0319,-0.8665, 4.1973,-4.6100, 4.3025, 2.1977,-4.9355,-4.9777, 3.5406, 2.3349,-3.0928, 3.1075,-4.1063, 4.2221,-4.5469,-2.2453,-1.8527, 1.8015, 4.1838,-1.9303, 3.0325,-0.1963,-1.2489, 1.9065,-4.5832,-1.5997, 3.0304,-2.7666,-2.4222,-4.1811
 1.6228,-2.9525, 0.5348,-3.8532, 1.6084,-4.0044, 2.4026,-1.4865,-4.7692,-0.1147,-4.3505, 3.0993,-1.9611, 1.8306, 1.7497, 3.3415, 3.1270, 0.9929,-1.9045, 1.5928, 0.6199,-3.2164,-3.1829,-2.1388,-0.2790,-3.7697,-0.3237,-0.9962,-1.9830,-1.9142,-4.9796,-4.4772, 2.3123,-0.6820, 4.7378, 0.2894, 0.3117, 2.5899, 1.4984,-3.2624, 3.1224,-2.1897,-1.8418,-0.3910,-0.1191,-2.5320, 4.2141, 1.6508, 2.0035,-4.6064,-4.0280,-4.2946,-0.0454,-0.2926, 2.4630, 0.9970,-3.2781, 2.1858,-0.6654, 0.3735,-1.5851,-0.9293,-1.6579,-0.0728, 2.9479,-2.5162,-4.0235,-2.6392, 3.8504, 3.5548
 3.8972, 2.1168, 0.8153, 4.4523, 1.2556, 2.5351, 2.7795,-0.2237, 1.3801, 3.5367, 1.5148, 0.8595, 0.8377, 1.1824, 1.8404, 1.7977,-2.0130, 4.2550,-1.7979, 3.5036,-0.4759,-2.5029,-2.9782,-2.7446, 4.5776, 2.9745, 3.9566,-1.4606, 3.6646, 1.0167, 1.5144, 4.8979, 2.1557, 4.3937,-1.5092, 1.3703,-0.5053, 1.9982,-1.0260, 1.1691,-4.8529,-2.9200,-1.7856, 1.1347,-4.5924,-2.3956,-3.6839,-2.1881, 4.3130,-1.0672,-0.4326, 1.8837, 1.9918, 0.6972, 2.1425,-3.2720, 4.3109, 4.9737,-1.1249,-3.5895, 0.2153,-3.7294, 4.9974,-4.8284,-3.1356, 1.7628, 2.1930,-3.2175,-0.2940, 0.7868
-4.6756, 3.3795, 1.8590,-4.4266,-1.0561,-1.8124, 2.4360,-4.5098,-2.0032,-2.1640,-2.4852,-3.5532,-3.7821,-0.2700, 4.8671,-0.4523, 0.7379, 0.8951,-4.4135,-3.8291,-1.1068,-0.1261, 2.3320,-1.7811, 2.2086, 4.1204, 0.5453,-3.7658,-0.8944, 1.5245,-1.5170,-0.8953,-0.6712,-1.8428, 2.6167,-3.6308,-1.3903, 4.2405, 3.1778,-3.1086,-4.1653,-4.2023, 1.5227, 0.7741, 1.9480, 4.8371,-3.3289, 1.1728, 4.7874, 1.6722,-2.6304, 2.7702,-0.1895,-0.4992, 4.9939,-2.0336,-1.2536, 3.5014, 2.2059, 1.3878, 4.2897, 4.3640,-0.7776, 4.0130,-0.8471, 2.4864,-3.8376,-1.3630, 2.5821,-3.2448
 1.4350,-4.0676, 3.6326, 3.7743, 2.3647,-4.9327,-3.1381, 2.7462,-3.9330,-1.4111, 2.0500,-2.4879, 0.5135, 2.0548,-2.8876,-4.4635,-4.2486,-0.1736, 1.3314,-0.5904, 2.7388,-2.7186,-1.6732,-4.9564,-4.8745,-1.5593, 3.7497, 2.4052,-3.0015,-0.6499,-3.6786,-1.2098, 3.8940,-3.4732,-0.4805,-3.7379, 4.4883,-4.5384,-3.8977,-3.8478, 0.3845, 4.8225,-4.6297, 3.3304, 3.9811, 0.7451, 3.7876, 1.3614, 4.2920,-4.1551, 3.1512, 2.3481, 0.5906, 1.6701,-1.4340, 0.6732, 3.6580,-3.1740,-4.8733, 2.5958, 1.9334,-0.1005,-1.0214,-3.8164,-4.4917, 0.3718, 1.0962,-3.0975,-1.3236,-0.3782
-2.4346, 4.2454,-2.9275, 2.3324,-0.4009, 0.5488,-3.5062, 3.7691,-4.5206, 4.5814, 4.5199, 0.0471, 3.0094, 3.6898, 3.4109,-3.0201, 0.6928, 3.9427,-2.3108,-3.5763,-4.2133,-1.0235,-4.3031,-3.7789,-2.2735, 2.1237, 3.5959, 4.2998,-2.7156, 1.5388, 3.3554,-0.6161,-1.5533, 3.4293, 4.9381, 4.8459,-2.6634, 3.4705, 1.8702, 0.5309,-4.6389,-4.4714,-1.6301,-4.8120, 2.0326,-3.0374,-2.5396, 1.7195, 4.6527, 2.3298, 4.1300, 0.9926, 1.4255, 3.2515, 0.3552,-4.4607,-0.8553, 1.9603,-4.3974, 1.4112,-1.5338,-0.8240,-0.8719, 2.1304, 0.8357,-3.1476,-2.2022,-3.7271, 1.9899, 4.0122
-2.7464,-0.4380, 1.3404, 4.2882, 0.1627, 4.9963, 1.1764, 2.0309,-1.9529, 3.8158, 1.3433, 3.5300, 2.9808, 4.3764, 1.1992,-0.1346,-3.7117, 1.0234,-2.5118, 0.0635,-1.2516,-1.3759, 0.6374, 1.3730, 4.9620, 1.5129,-3.8260, 0.6668,-1.6972, 2.8749, 2.5051,-1.8184, 2.7195,-3.1030, 4.4270,-0.6316,-2.6623,-4.8620,-2.3747, 1.8047,-2.8975,-3.5366,-0.6168,-4.3366,-0.2067,-1.7800, 3.2785, 3.4620,-4.6485,-2.8871,-2.9829,-0.8844, 4.3455,-4.0131, 4.8348, 1.5068,-3.0711,-1.2804,-1.8590, 1.7013, 4.6829, 3.7593,-2.6008,-3.8849,-1.2786,-3.3718, 0.8788,-1.4743,-0.1416,-1.2174
-3.0011, 2.5596,-1.0493,-4.4627,-4.3501, 2.6356,-4.3924,-4.8270, 1.0886,-3.5503, 3.2644, 2.1527, 4.7284,-1.2532, 3.0659,-3.2763,-2.5642, 1.0476, 2.5839,-1.8553, 0.4712, 2.6919, 2.7700, 4.3611,-1.2294, 0.1477,-2.3609, 1.6014, 0.9475, 4.6252, 2.1382,-2.1898, 2.5576, 0.9903, 3.6669,-4.0051,-3.5822, 2.3011,-0.7335,-3.2163, 4.6483, 3.5861, 1.8511, 4.9640, 2.7055,-2.3451,-3.1052, 3.7875, 1.5178,-0.7890,-2.0231,-4.2369,-1.1011, 4.4597, 2.1093, 0.1243,-1.3868,-0.1844,-3.7123, 2.0853, 2.8341,-0.9709,-1.2939, 2.7547, 3.6347,-2.6263,-2.1505,-1.8617, 0.3504,-4.4859
-4.3115,-1.3259,-2.5386,-0.7638,-0.0024, 0.5294,-4.1764,-0.6194, 1.3843, 2.9386,-1.7534,-1.9850, 4.9190, 4.0869, 3.5936,-2.1517, 3.5254, 1.1662, 4.6843, 0.5561, 4.9651, 1.1773, 3.6637,-1.0703, 4.6529,-1.6645, 1.4510,-3.5566,-2.1540,-3.8755, 2.2901, 1.0382, 4.0101,-4.4544, 1.5049, 0.2862, 1.7482, 1.2980,-3.9125, 4.5431, 1.0724,-3.5770,-0.8524,-3.7769, 1.5508,-2.1200,-2.4733,-1.9107,-3.5325,-1.1998, 0.6476, 1.1191, 1.0767, 0.7890,-2.6437, 2.4472, 3.2215, 1.2275,-0.0950,-4.4311, 0.5393, 1.3591, 0.9296, 4.2164,-3.0261, 3.7321,-2.0563,-4.7143,-4.5137, 2.8322
 0.1047,-0.1488, 1.3436,-3.3539, 1.7566, 1.9542,-1.2427, 1.2928,-3.7634,-0.4916, 4.0050,-4.9860, 0.1140, 4.4768, 0.0204, 3.3276,-4.2764, 2.5176, 1.7621, 3.8207, 0.9690, 3.2074, 2.8657, 0.0479,-3.7483, 1.9385, 0.6233, 4.6106, 2.4773,-3.2043, 1.5976,-2.3300,-1.5749, 2.0798,-2.4431, 3.7259, 3.4504,-0.0130, 1.9095,-4.3176,-0.9407,-0.8002, 3.4661, 1.8110, 2.4486,-2.8201, 3.9111,-0.3355,-4.5878, 3.2158,-4.8872,-1.0188, 3.9809, 0.0638, 2.4380, 2.1583,-1.2226, 4.2545,-3.8365, 2.0731,-2.9589,-2.1850,-1.0965,-1.3376,-0.8129,-2.5100, 1.8827,-2.2184, 0.5996, 0.9258
-0.9438,-2.5729,-4.8189,-0.0641, 1.4176, 2.7833,-1.2000,-4.9774,-1.5970,-1.4843,-2.4236,-1.2872, 4.8481, 2.4189, 3.6856,-2.8739, 4.7564, 4.7479,-3.5394, 1.8318, 0.5398,-0.6888, 0.9838, 1.6951,-1.0574,-4.3704, 1.2864,-1.6886,-0.3376,-1.4986, 0.3129,-3.5367, 4.4056, 4.8278,-4.6014, 2.1492, 2.1040, 2.8680, 3.4916, 4.1218,-2.4297,-1.1527,-0.5305, 0.6194,-1.1843,-1.5805, 2.1186, 3.8398, 0.1513, 3.6407, 4.9952, 3.3530, 2.6829,-1.8066,-3.7293, 1.7316, 4.9348, 3.3825, 0.8957,-3.4032, 3.7084, 2.3705,-4.6275,-4.0793, 1.9455, 2.2625,-4.6831, 4.8699,-3.8346,-4.1335
-1.0993, 3.0253,-1.2443, 3.9531,-4.1664,-0.9927,-2.4703,-3.9914, 0.4212,-2.7329,-0.2292, 4.5731, 3.4488, 3.6774, 3.7670,-2.2527,-2.8895,-4.7702,-1.4687, 2.4593,-1.5306, 3.3412, 2.7238,-0.1766,-3.8950, 2.2349, 0.8335, 1.7782,-4.2708,-4.3296,-0.3883, 4.1813, 4.2446,-4.7094,-2.2715,-4.8673, 2.6226, 3.8976, 0.5433,-3.8158, 2.4527, 2.5891,-3.1587,-1.8610,-2.4686, 3.5126, 0.2666, 1.1851, 1.3570, 4.2246, 4.8654, 1.4933,-0.2655, 1.1578, 0.7280,-1.3812,-3.5629, 0.6475,-1.4351, 3.9812, 3.6790, 0.5271,-3.2048, 3.2872, 0.2416, 1.0057,-3.0349, 4.3697, 2.9219,-2.3450
 3.4030, 3.9466, 2.5223,-0.5426,-0.7874, 3.4184,-4.3522,-4.3238, 1.5360, 0.6184, 3.1249, 1.6194, 4.8753,-4.4274,-1.0931, 1.6662,-4.6824, 0.3007, 2.3738, 4.8815, 3.6347,-3.2356,-3.2223, 3.2605,-2.8752, 4.1486, 0.2744,-3.6506, 0.1822, 0.7677, 3.1402,-3.4346,-0.7859,-4.3205,-0.8188, 0.8528,-0.5805, 0.4668,-0.4275,-3.6838, 2.9261, 4.6024, 2.0823,-3.1057,-1.7760, 4.0096, 3.4429,-2.8609,-4.7383, 4.0950,-4.4751, 1.8190,-0.9088, 4.9142, 4.3055,-0.5227,-2.8854,-0.9772, 0.9100,-2.6867,-3.5542,-3.0811,-0.4553,-2.2060,-4.6972, 1.1092,-4.0715,-2.1974, 0.1237,-1.4684
 0.3952,-1.1534,-3.0791,-3.6891,-2.4575,-1.9034,-0.9412, 2.0451,-2.1410, 4.3652, 1.3011, 4.2776,-2.2482,-3.8990,-0.3156,-0.1826, 2.8373,-2.8276, 1.7401, 2.4509, 3.2895,-2.9951, 3.3337,-4.2685,-1.9102,-0.4964,-1.8250, 3.1099,-1.9156, 2.1944, 2.3787, 3.7488,-0.2026,-1.6913, 0.5508, 0.1912,-1.2415, 4.6040, 1.1276,-3.5922,-4.4104, 1.1826,-1.7050, 2.2849, 3.5858, 1.1915, 1.5966, 4.6478,-0.7160, 1.0100, 2.9797, 4.8427, 3.7617, 4.3999, 0.0798, 0.3708, 2.9846, 2.5395,-1.8943, 4.8921,-2.4806,-2.1549,-4.5447, 4.5635, 4.8504, 1.2806, 0.6540, 4.2622, 3.7215, 1.2536
 3.0784, 3.6712, 4.8898, 0.4121,-4.5455, 4.6631,-1.2686,-0.3176,-0.4337,-1.5077, 1.6972, 1.2251, 1.5102, 2.1249,-4.9696, 3.5920,-0.4087,-1.1631,-2.1976, 2.5784, 1.1501, 2.6332, 0.1769, 1.7118,-4.6380,-1.1976,-0.5671, 3.8048, 3.6561, 0.8608,-2.4080,-4.1711,-4.8017,-0.6545,-0.2710, 3.2068, 0.7031,-4.5789,-1.0073, 3.3860,-3.3970,-1.5503, 1.0956,-2.0576,-3.4777, 0.4165,-4.6493, 1.6092,-1.5729, 1.2557, 1.1257,-2.6937, 3.3591, 3.7346, 2.3849, 2.0572, 1.2534,-1.4353,-2.9501, 0.8242, 0.8127,-2.2026, 3.6606, 0.3596, 2.3996, 2.8995, 2.3186, 3.4496,-3.3456, 1.2141
 2.4152,-0.3406, 4.1778,-4.5539,-2.5324, 4.8542,-1.3896,-0.5683,-2.6024,-2.7343, 2.4353, 3.6435, 1.6487,-0.5939, 4.8415, 2.0988, 4.5185,-0.3359,-2.4075, 4.7904,-0.9870, 1.0831,-2.7943, 3.1584, 3.0750, 0.1901,-2.5910, 0.3718, 4.8595, 0.1077, 0.4077,-3.2674, 1.9598, 1.0529, 2.9127,-3.4082, 2.9627,-4.4261,-3.7166,-1.2644, 1.4732,-3.5152,-2.1318,-1.3861, 3.5647, 3.8077,-3.4649,-1.4257,-1.2163, 2.8081, 3.2334,-4.1319,-3.3609, 2.5585,-2.7928, 3.5011, 2.2822,-3.9501, 2.0038,-3.0402, 0.4108,-1.1769, 1.0862, 2.2194,-2.3728, 0.3049, 2.7595, 0.9262, 4.2480,-3.6459
 1.6270,-0.5113,-4.7491,-0.9548, 0.6094, 2.4615,-0.1662,-2.6965,-4.2851, 2.0237,-3.4610, 3.4565, 4.0826,-2.7502,-3.0528, 0.2295, 3.9226, 1.2178,-1.7297,-0.7250,-4.7963, 2.1777, 2.4454,-1.3424,-4.1378, 3.8045,-1.3780,-1.4524,-3.8849,-0.7478, 4.0586, 1.3028, 1.2831, 4.3091,-0.1841,-3.4231,-0.1055,-4.3413, 0.2576,-3.7386, 3.8289, 2.4192,-0.0143, 1.3186, 1.1163,-0.2832,-4.0491,-2.2099,-3.9224, 4.7931, 1.0495,-3.3185,-4.4856,-3.5607, 3.6599,-0.6801, 4.1094, 1.6828, 3.4454,-2.2240,-3.5690,-2.4863,-4.4238,-3.4614, 3.8963, 1.6161,-2.2909,-3.6276,-2.2697, 0.2457
-3.7544, 0.4103,-0.5791, 2.5292, 0.4966, 0.3641, 1.4042, 0.3194,-3.2912, 3.8456,-0.3335,-0.0509, 0.9557,-4.2131, 0.2064,-0.4785,-2.8159, 4.0860,-1.9156, 1.3346,-2.2258,-1.6805,-0.5305,-0.7006,-1.2583,-0.2613,-0.4004,-3.9391,-2.6043,-0.3225,-2.5380, 4.5655, 1.0856,-2.3970, 4.3689, 1.0302,-3.6214,-4.1225, 1.2402, 3.9177, 3.0837,-2.5798,-4.9023,-2.0585, 3.1269, 2.4802,-2.3715,-3.3546,-1.1603,-3.9983,-0.2073, 2.4242,-2.6299, 1.4320, 1.0729, 2.3740,-3.4772, 3.7153, 1.5344,-3.6040,-4.5317, 1.2024,-2.8435, 4.9163,-3.4822,-2.0816,-2.8124, 4.0234, 0.3032, 2.1455
 2.3648,-1.0851,-4.6578, 3.9278,-3.9496, 4.2785, 1.6445, 4.3437,-0.3618,-1.0733,-4.4737, 2.5451,-3.9692,-1.2894,-4.8249,-2.7052,-2.9865, 1.9266,-0.0958, 4.8473,-4.5514,-0.4289, 4.5911,-2.4004,-2.7034, 3.4109,-1.2088, 3.5144,-2.6462, 0.2540, 2.8585, 4.9467,-1.4680, 4.2387, 4.4327,-0.9643, 2.2346, 4.5272, 3.7453, 2.5865,-3.5782,-4.1141,-1.3814, 2.5856, 2.7940, 2.4217, 4.4738, 0.6270, 2.7137,-3.0823,-1.7636, 0.3345, 1.1779,-2.1528,-4.1347,-0.6411,-3.4869,-4.7303,-0.0123,-0.1339, 4.1233,-2.8224, 3.0472,-2.6354, 1.0475,-1.1384,-2.9119,-2.5476,-0.7899, 0.1788
-4.4607,-3.2943,-0.2336, 4.0074, 2.2999,-3.2596, 4.3375, 2.9940, 1.5144,-0.7786,-1.7482, 1.6367,-2.3048, 1.0578,-4.2608, 4.1775,-3.7217, 3.1180,-1.5095,-4.6237,-1.3038,-1.6947,-0.8005, 0.0854, 0.7794, 0.5825,-4.0117,-1.5356, 1.8663,-1.7556, 0.3223,-4.3068, 2.3734, 3.3307,-3.1707, 1.0046,-0.9753,-0.7572, 3.9794, 3.5516, 2.5255, 0.6168,-2.4015, 4.9322, 4.4003, 2.8909,-1.4456,-4.0085,-2.4169, 1.7081,-4.3443,-2.2859,-4.8651,-1.2026,-4.0397, 1.8325,-3.5430,-3.0875,-4.4594,-3.8859, 2.5910,-4.7889, 1.9230, 2.7813,-0.5600,-1.2641,-1.2167, 2.2440,-3.4846, 0.2084
 3.0769, 4.3855,-3.0049, 1.7844, 0.8093, 0.1233, 0.7947, 0.5518,-2.9499, 0.4036, 3.6060,-2.2024, 3.9832, 1.9426, 0.3944, 1.0377, 4.2061,-2.1622,-2.9139,-0.3851, 4.5127, 0.3358, 2.9385, 0.5347,-3.0992,-4.6563,-0.6388, 1.7483,-3.2965, 1.5436, 2.5387, 0.9856, 4.4898, 4.7820, 2.5842,-2.5865, 2.2050, 4.0041, 2.9356, 1.6876, 2.1159,-0.9402, 1.7701,-1.5405,-3.2392,-4.7271, 0.7319, 0.4320,-0.0854,-4.0661, 2.8512,-2.8092,-2.6895,-1.1612, 0.4316, 0.2714,-4.2230,-0.9247, 3.7347,-1.4629,-4.2767, 3.0554,-1.0485, 4.5802, 4.2062, 4.6012,-3.7240, 1.9565, 3.4076, 1.5169
 4.2478, 1.4529,-1.7097, 3.0087,-0.9529,-3.3583, 3.6964, 4.9430,-2.2102, 2.4525, 4.4204,-0.9403,-3.0767,-3.1223, 4.2850,-0.5384,-0.5649, 4.8670, 2.5197, 2.2916,-4.3412, 4.3707,-3.1164,-2.6039, 2.8335,-3.1797, 4.3531,-1.1495,-4.6354,-3.9755,-2.5736,-2.5555, 4.0686, 3.1136, 4.4149,-3.7614, 4.7805, 1.7363,-0.9768, 1.2237,-0.9255, 3.5174, 1.2254, 3.8575,-4.0940, 1.5452,-0.8532,-0.5257,-3.4093,-3.0074, 3.2138,-0.6526,-2.0169, 0.8377, 1.5262,-0.7823,-2.9556, 3.8284,-4.2510, 0.6389, 0.8189, 2.8047, 2.8806, 2.4102, 3.1277, 4.3603,-0.1146,-1.8318,-2.1310,-3.3520
 4.6951,-3.0267,-3.7829, 0.1137,-1.4884,-4.4572, 3.7003, 3.6118,-3.4796, 2.4904,-2.9618, 0.9677,-4.0191, 4.1817, 4.3600,-0.6494, 0.0957, 2.1235,-0.2020, 0.3734, 3.2511,-2.7967,-4.9655, 4.5136,-4.9914, 2.2044, 1.8545, 3.5262,-0.5443, 3.5398,-1.4437,-1.1172,-4.2586, 2.2463,-4.6448, 2.4267,-3.6271, 0.0943,-2.0260, 1.7526,-0.2034, 3.3667, 0.9542,-2.4665,-1.6956,-2.6088, 0.6070,-2.0036, 3.2031, 0.7110,-2.3324, 1.6734, 2.1657, 4.9457,-4.2185, 4.2791,-2.2004, 1.6611,-0.4246, 3.3506, 2.2206, 3.7666,-3.4336, 3.7036, 2.9053, 4.2992, 0.2785, 1.4958,-4.7695, 1.6671
 1.9886,-2.8325, 2.9462,-3.5061, 1.6268, 2.2760, 1.4132, 2.4224, 0.4628, 0.8214,-2.4099, 2.8001, 3.4924,-3.8228, 4.8584, 2.1056, 4.2711,-2.3933, 2.7186, 2.2450, 2.0920,-4.6621, 1.4993,-2.4534, 1.1108, 1.9909,-2.2722, 1.5466,-2.5321, 0.3813,-2.6509,-0.5243, 0.9607, 3.7153,-2.8323,-4.9491, 3.9566,-2.2384,-1.8814,-1.7566, 2.3110,-4.8478, 2.0086,-2.2128,-3.7897,-4.2171,-2.3668,-4.9453, 0.8966,-1.6091, 4.2835, 2.8783,-3.2616,-3.9619, 3.0013, 3.8753,-3.5107, 1.6720,-2.5306, 4.4072, 2.5685, 4.8537, 0.2523, 4.3946, 1.7566, 1.0278, 4.4693, 2.6200,-0.4074,-3.0488
-0.2628, 4.1042, 0.2352,-1.4883,-1.2861, 1.4247, 0.8594, 3.8802,-0.3101,-3.7230, 1.1292, 1.8782, 2.1081, 0.8620, 4.7433, 1.5965, 0.8579,-2.1457, 4.3067, 3.7511, 0.2571, 0.2400, 0.9924, 4.1912, 0.3696, 0.1556, 1.1186,-3.6745,-1.4734, 2.3199,-0.0040,-3.8474, 1.9866, 1.5466, 1.9764, 2.7987,-1.1887,-2.7238,-2.2454,-3.6505, 1.0933, 0.6902, 4.7692, 4.0494, 0.9778,-1.2220, 0.5320, 0.1359,-2.9380, 3.3060, 4.6687,-4.5990, 1.6905, 4.5936,-2.4573, 4.9855, 0.7462,-2.4024,-3.2946,-1.1272, 4.3586,-1.4619,-1.5774, 0.4961, 2.8863,-4.0355, 2.0740,-0.5156,-4.4848,-4.9719
-1.5770,-4.5164,-2.6833, 0.0606,-0.1033, 1.0556, 1.1701, 1.0883, 4.4588,-0.3859, 4.2772,-0.5767,-3.7023, 2.2598,-1.1372, 2.5626,-0.6236, 2.8256, 3.8322,-0.3427, 2.8993,-4.0162, 2.3528, 3.4381,-4.6978,-3.6670, 0.4769,-4.3973,-4.2273, 4.2243, 0.6157,-4.4400,-1.1865, 1.2044,-4.9356, 4.1038,-1.3205, 1.5503,-0.4194, 0.1868,-4.6506, 2.1185,-4.6245,-0.8710, 4.9844,-1.6119, 1.9628, 3.0088,-2.3169, 0.5941,-4.3678,-3.8631,-3.7060, 3.4640, 1.0523,-2.9944, 1.6508, 2.7837,-4.5986,-1.5680,-2.5054, 0.1561,-0.0202,-0.4550,-2.7256, 1.8700,-0.4983,-0.8802, 3.5973, 0.6750
 2.4748,-1.1977, 3.3027, 2.9907, 2.4400, 4.4359,-2.8653, 0.7962, 2.9460,-1.0954,-2.9011, 4.6081, 0.6999, 2.2065,-0.2020,-4.8413, 2.3280,-0.0695,-4.1889,-1.2954, 1.9186,-3.2483,-2.6616, 1.6518, 0.3903,-0.4636, 4.9020, 1.2738, 4.9900,-0.0455, 3.2264, 4.5754, 3.7837, 2.3534, 1.8964,-1.0265,-0.1677, 1.7558, 3.2971, 1.7366, 3.0155,-3.7514,-1.6847, 3.3407,-4.0007,-2.2155,-2.0568, 2.4184, 4.8718,-0.7548, 0.4224,-1.5109,-1.6082, 0.8600,-2.0256,-3.2457, 2.2559,-2.1966,-3.1891, 4.3022,-4.2867,-4.3635,-2.9265,-2.2905, 4.8643,-4.2824, 0.0473,-1.7494,-0.8887, 3.3849
 0.1011,-1.7935, 4.5612,-0.3695, 3.2712,-1.0575,-3.3090, 0.9792,-2.1798,-1.8351, 4.2825, 0.4900,-1.9017,-0.7436,-2.7563,-1.3827,-0.2425, 1.1308, 2.2195, 2.1033, 1.1640,-2.9800,-0.7399,-4.2071, 1.3989, 3.1428,-2.0419, 1.5347, 3.1595, 0.8419,-4.5076,-0.8091,-1.0918, 2.3375, 1.1408, 3.8077,-1.0732, 3.8421, 1.3813, 1.7179,-0.4448,-3.8869,-3.1946, 3.6929, 3.2278, 0.5427, 2.6886,-2.5916,-2.8003, 0.3052,-2.1661, 3.7891, 4.8892, 0.1856,-2.3918, 0.4179,-2.6599,-3.6160, 1.0892, 1.4383,-4.0461, 4.0999, 0.2583, 1.9532,-0.8128, 0.2872, 2.3204,-4.2835, 4.5956, 4.3965
 3.7931,-2.8901,-0.8013, 3.8269, 4.3098, 1.3957,-0.9857, 1.5666,-4.4219,-3.8882,-0.2397,-4.0472,-4.2521,-0.7470,-1.3876, 3.0590, 4.7561,-1.9977,-0.2808, 2.1078,-0.0551,-2.3780,-2.6652,-0.3001, 4.0350, 0.6345, 0.7204, 4.1321, 1.1638, 4.2177,-2.7570, 1.5976, 0.8091,-3.6897, 3.9561, 0.8974, 1.2428, 0.1296, 3.1619,-3.9476, 0.2859,-3.3042,-3.0115, 4.2624,-3.3736, 1.3249, 4.6339, 1.1379, 4.8363,-1.3905,-2.1043, 0.9856,-0.7754, 4.0650, 3.3835, 3.3389, 0.5466, 3.6251, 1.5783,-0.2144,-2.7389,-2.5961, 2.4972,-2.8183, 4.6109, 3.4799, 1.9219, 0.1231, 2.0232,-4.3208
 1.3714, 2.4280, 3.3293,-0.6478,-4.1735,-2.7647,-4.1097,-0.0155, 0.2486,-2.4573, 4.7721,-0.5620,-2.1616,-3.5884, 2.9049,-3.5787,-4.9547, 1.7888,-3.8571,-4.2356, 1.5949, 2.1714, 3.6982,-1.6144, 0.1965,-0.3152, 4.5028, 0.8919, 4.9298, 1.4979, 3.4363,-3.2919, 4.6103,-0.5716, 4.2553,-2.1269,-4.5626, 2.7305, 1.5861, 0.4627,-0.2567, 4.4470,-3.1420, 4.6918,-4.0650,-1.1491,-1.8411, 0.1653,-0.9039, 0.6424,-2.4768, 4.3904,-0.8619, 1.9990, 4.5463,-2.3351,-1.4442,-1.3570, 2.7637, 1.5196, 1.4283,-2.1968, 2.8768,-4.1905,-2.0726,-1.9484,-0.0725, 3.5906, 2.2613,-3.0571
