-1.3851,-1.8886,-1.8604,-1.7174, 4.4753,-2.1893, 2.7349, 1.9411, 4.6997, 2.4112, 4.8845,-3.0738,-3.2875, 2.0917, 0.6329,-1.5129, 1.9866,-1.4972,-0.5457,-2.6308,-3.5313,-2.7890, 4.8420,-3.2985,-0.2293,-2.9152,-1.6603, 0.7254,-0.6288, 2.9224,-1.3086,-2.7447,-0.9745, 1.8155, 2.0661,-1.6180, 0.8752,-0.1451, 1.4307,-2.1041, 1.3703,-1.2922,-0.8689,-0.2725, 1.7623,-0.2160,-3.5489,-0.6968,-3.3639,-3.9629,-4.1631, 2.1421, 4.7631, 2.0637,-1.3058,-1.6103,-3.9078, 2.0913,-3.9343,-2.0995, 2.9448, 4.4702, 1.0165,-1.3615, 2.4521,-2.2755, 2.5881, 1.0580,-4.0313,-0.1408
-4.6220,-4.3283, 2.9626,-4.2930, 1.7960, 1.1386,-1.2588,-0.8435, 1.3366, 0.2887, 3.6542,-2.5072, 2.8603,-4.6052,-1.3113,-3.3752,-4.1256,-4.8228,-4.7380, 3.1862, 2.6805,-4.2685,-1.7547, 3.5747,-4.9663, 2.8676, 1.3898, 0.4581, 2.6941,-0.6162, 3.1114,-1.7589,-3.5044,-3.8929, 2.5374, 2.2460, 1.7137, 2.1567,-4.8823, 1.4242,-2.5592,-0.2246, 3.0679, 4.4673,-4.1507,-4.8566,-1.5284,-2.9433, 2.7987,-1.3019,-3.8121,-0.3529,-3.4849, 2.9279, 2.6858, 3.1936,-2.0239, 1.3647, 2.1728, 1.9020, 4.5169, 2.2350,-4.0364,-4.3331, 1.2312, 0.0610, 0.6070,-3.7152,-2.2023, 4.1966
-3.8062,-1.6093,-1.9790, 3.5076,-1.4276, 2.5002, 4.6328,-1.3668,-1.8167,-2.3165,-0.8772, 3.3881,-0.8800, 4.6670, 0.9532,-1.5947, 1.0715, 3.4799, 3.6155, 3.3332,-2.5040,-3.7451, 0.8899,-0.4248,-1.4678, 1.8668,-0.3483,-0.1318, 0.3195, 4.3880, 2.7021,-2.5504,-3.9288,-2.5306, 2.2650,-1.6935, 1.5094,-3.4047, 1.0755, 1.7136,-1.5118,-3.9859,-1.6042,-3.3600, 4.6384,-1.4837,-0.7585, 0.1272, 2.3112,-4.3700, 4.4546,-4.7063,-3.8415, 0.2637, 0.1682, 0.1481, 1.6668,-3.9137, 0.7270, 2.8609, 0.1934, 0.7442,-3.1550,-1.4068, 3.6037, 1.3225, 3.8325, 4.4537,-0.2558,-1.9659
-3.5494,-3.7036, 4.5332,-0.1229, 2.7859,-0.3815,-2.5475,-1.5882, 1.4540,-3.3260, 4.9302, 3.5956,-3.9570,-0.7766, 1.3197, 4.6900,-1.7952,-0.7607, 4.3484,-2.4752,-4.4505,-0.0531, 1.9378, 3.5685,-0.1837, 4.3850, 4.4618,-0.1238, 1.3114, 4.9671,-3.8345, 2.6148, 0.7671, 3.5402,-2.5248,-1.0974,-4.0572, 2.5534,-4.7712, 4.8488,-3.3551, 0.5596,-0.7875,-3.2045,-0.9474, 1.4298, 3.5699, 4.4653,-4.4789,-2.2395,-0.1832, 4.5592,-2.4543, 3.4150, 0.4164,-3.7067,-2.2178, 2.2134,-4.9845, 1.1735, 4.5237,-1.3626,-4.3417, 1.5154, 0.3374,-4.2724,-0.4844, 2.0156,-1.0733, 0.1351
-2.9002, 0.3691, 3.6396,-1.6609, 0.3108,-4.6886,-0.5284,-3.4365, 1.9834,-2.4725, 1.3182,-4.6878, 2.7966,-3.4052, 1.8264,-4.3241,-2.2887, 1.4057, 0.3835,-1.2007, 4.5924,-3.3908, 1.2784, 0.3308,-4.3122,-4.3622,-4.8765,-2.0206, 1.9679, 1.1420, 2.2532,-0.9431, 3.2675,-4.8975,-2.6490, 0.0027, 1.7654,-3.0654,-0.1497,-4.3203, 2.9039, 3.2513, 3.3800,-0.8320,-1.1739, 1.0393,-0.2157,-2.0999,-3.8928,-1.5253,-4.9144,-3.2037, 2.2892,-4.7745, 3.5275, 3.4973, 3.3751, 2.5321, 0.1711, 1.2718,-1.0945, 4.6367,-1.9205,-4.7095,-3.4596,-3.2095,-2.9072,-1.9589,-2.4428, 2.8776
 0.2596, 1.2812, 0.8945,-0.9970, 4.9395, 3.5211,-0.3845, 3.8866, 2.3717, 4.5687,-0.8867, 0.3716,-1.8260,-0.0992,-4.5195,-2.8424,-2.8658,-0.5601, 0.2348, 0.7290, 3.8264,-1.7246, 0.6591, 4.6627,-2.2811, 0.4109,-2.5936, 0.7129,-1.6622, 2.6278, 1.3113, 1.2276, 4.9082, 1.9333,-0.3593, 4.2020,-2.0329, 4.8733, 2.8275, 3.0982, 3.5161, 0.5828, 3.9660, 2.0539, 0.9300, 0.9733,-4.9030,-2.8309,-0.8889,-4.6816, 3.2776, 1.2290,-3.6609,-4.9031,-2.0597, 3.8166, 0.1748, 3.3318,-4.5944, 4.7418,-1.5833, 1.2775,-3.7580, 1.8441,-2.5864, 0.8638, 1.0049,-4.2041, 2.3489,-0.0224
 4.3297, 0.1744,-0.7346,-2.2585, 4.1856, 2.9728, 2.5394, 4.4867,-0.8164, 4.7131, 1.8514,-2.7907, 3.7480, 2.4281, 1.1345, 1.1096,-3.1461,-2.0248, 4.4987, 2.8410, 1.6402, 0.5142, 2.4521,-2.2308,-0.7793,-1.7389,-4.8451, 4.0156, 4.3920, 0.7092,-0.8387,-0.2749,-1.3130,-4.1948,-1.7747, 3.9934, 4.6987,-4.0816, 2.2362,-4.1036,-2.6319, 1.0397, 4.2595,-3.2841, 2.9129, 1.9993,-3.6891, 4.7306, 0.5416, 2.4281, 0.6258, 2.3108, 1.7471,-2.4953,-2.4578,-2.4087,-0.9298, 4.0646, 4.8350, 0.6172, 2.1855, 4.8336, 4.9762, 0.9669, 3.1604, 1.7176,-1.4190, 2.0830,-3.3363,-3.4953
-1.5558, 4.2877, 0.3336,-2.7791, 3.9878,-0.2162, 4.2375,-1.9668, 1.0895,-4.8656,-2.4410,-0.1823,-0.5113,-3.3163, 1.9472,-3.4205,-0.3724,-4.1469,-2.4616, 1.5111,-2.9373, 0.3202,-4.3864,-0.0799, 3.5736, 0.7134, 4.7188,-1.0653,-4.2524,-3.5430, 2.3201,-0.5875, 3.7220, 3.8621, 0.9488,-3.8564,-0.7224, 3.2523,-1.3461, 2.4757, 3.7573,-3.2643, 2.3653, 2.9385,-4.1963,-3.9878, 0.8338, 1.9222,-3.3783, 3.8939, 2.6551, 1.5931,-0.3688, 4.8336,-4.8869,-1.2954,-2.6942,-2.7735,-3.3356,-1.3305, 1.3936,-1.6940,-2.8864, 2.1200, 3.5093,-3.8655, 2.3549, 1.9453,-4.0312,-1.4939
-3.0834, 2.9373,-2.0525, 3.1275, 0.9148, 2.5894,-4.3859,-2.2738, 0.4815,-3.6758,-0.1589,-2.7140,-0.5223,-2.4918,-1.3491,-4.0961, 3.9114,-2.7295,-4.4612,-0.0530, 0.6374,-0.1215,-1.5661, 2.5778, 4.8052, 0.9635,-4.7707,-3.7328,-0.7762, 1.5714, 0.7901,-1.6991, 1.7817,-4.5830, 3.1518, 2.0893, 4.5550, 2.2866,-1.0701,-4.4746, 2.5033,-4.1117, 2.2057, 1.8532, 4.1670, 2.3258, 2.1380, 4.8982,-2.9321, 1.4272, 2.8300,-4.1636,-0.7593,-2.9277,-4.4145, 2.9225, 4.6928,-4.1947, 4.4458,-0.2473,-3.0265, 4.2074, 2.8088, 4.7861,-1.8997,-0.6133,-3.9745,-3.6056,-3.0304, 0.9556
-4.7108, 0.1766, 3.2814,-4.3299, 4.5883, 0.9349, 4.4835, 0.6770,-4.1957, 4.5464, 0.0556, 1.9112, 4.3901, 0.5475, 1.7459,-0.8259,-1.3007,-3.4354,-3.8777, 2.9094, 4.7551,-4.2917, 2.4701,-1.1849,-1.5107,-1.1983, 1.4116,-2.9231, 3.1732, 4.3545,-4.4940,-3.3989, 2.9448, 3.4475, 3.3103,-1.3812,-1.0171, 2.1679,-2.7794, 1.9006, 1.0908,-3.2771,-1.1037,-2.6991,-1.8928,-0.1260, 1.1973, 1.1244, 3.3020,-4.8067,-1.7169, 2.0454,-2.7873,-4.3931,-0.2224, 2.4785,-4.8003,-1.3798, 3.8054, 2.1336, 1.2130,-2.4114,-4.2342, 0.4004, 1.6631,-2.1686,-0.5235,-4.5946,-3.7837,-1.5863
-1.5658, 1.4028, 4.2139,-3.8053, 2.2508, 1.7200,-2.5620,-1.9176, 2.2924,-3.7874,-2.1287,-4.7742,-1.2602,-1.6948,-3.6639, 3.5921,-1.4612,-0.1199,-3.3035,-3.2815,-1.8061, 3.2176, 4.5101, 2.7110,-3.3387,-1.9199, 0.5726, 3.0643,-4.2090,-0.4305, 1.0206, 4.4653, 1.4993, 1.7656, 2.3291,-3.6673, 0.7258,-3.0218,-1.8345, 2.3873, 2.3207, 0.1077, 1.4458, 1.7840,-0.7293, 3.0926,-0.5315, 0.6324, 0.9369, 1.7973, 2.4686,-1.8017, 1.0431, 0.9034,-0.1695, 0.9079, 0.7654, 3.8275,-2.8391, 1.0206, 4.8984, 1.2124, 0.3612, 4.7757, 4.5495,-0.0182, 4.6695,-2.7046,-3.8209, 0.7123
-2.7886,-2.0664,-1.1310, 1.3332,-0.3400,-3.6042,-4.8881, 4.3103, 1.7368,-4.0136,-0.2505, 0.5551, 4.6810,-1.3729, 4.2299,-2.1036, 3.3162,-0.3827,-4.9425, 4.2355,-0.5255,-1.9104,-1.0271, 3.0857,-4.9047,-3.6031,-3.8115, 2.5262, 3.4127,-3.4543, 3.3214, 2.7215, 1.4202, 1.1912, 3.5134,-4.8746, 2.7597,-1.0930,-4.1216, 1.8889, 0.6636,-1.6982,-0.5326,-3.7105, 3.3298, 4.7093, 4.1050, 0.6346,-4.4728, 4.5978, 0.1258,-2.6475, 4.8736, 3.5355,-3.3543,-0.0360, 2.4990,-4.1316,-0.6957,-4.4723, 2.1139,-2.2683, 4.7920,-4.8188, 0.4427,-3.4912, 1.2789,-2.5214,-4.9040,-0.1823
-4.8972, 4.7615,-2.3851,-2.4732, 3.5160, 1.4626, 1.4619,-2.7326,-2.6561,-1.0536, 1.1461, 0.7995,-1.9195, 2.0012,-1.7949, 4.7575, 0.8943, 2.0975, 1.9852,-4.5502, 1.3915,-2.5152,-3.2173,-2.7898,-3.3642, 0.4894, 3.9170, 2.6153, 2.0155,-0.4621, 1.1045, 1.0334,-4.2161,-2.8624, 4.3033,-3.9304, 2.5369, 4.7191, 2.2467,-2.0771, 0.7954,-3.7662, 4.5339,-3.9745, 2.5622, 2.4142,-2.6416, 4.9345, 0.2975, 1.7500, 2.7701, 2.0832,-2.1766,-1.3046,-4.2211,-0.7875, 1.6326, 2.5666,-1.8295,-3.5475,-3.0605, 3.9459, 0.1606, 4.2428,-0.4998, 0.6900,-3.3333,-4.7938, 2.3935, 4.7584
 1.1913, 2.4899, 0.1187,-1.2744, 2.5616, 4.8026,-3.3708,-0.1671, 0.4585, 2.3341,-1.7728,-4.2076,-1.3960, 0.0019,-0.5706, 2.3534,-4.9746,-1.4811, 0.9714,-1.4197, 0.7637, 2.3309,-3.3146, 3.5574,-0.7635,-1.1828, 2.7383, 1.8153, 4.7259, 2.3104,-2.2989, 3.5722,-3.5333, 1.0692,-0.0075,-2.0996,-2.8232, 4.2828,-4.8735,-2.9974,-0.2903,-4.4277,-2.4799,-3.5605, 2.3504,-3.0112,-4.4556, 4.1119,-1.4741, 2.8150,-4.3488,-3.0104, 3.6753, 3.3546, 2.9933, 4.9600,-3.3955, 3.9175, 4.6879,-4.5351, 2.6257, 1.5353,-1.6426, 1.4651, 2.7350, 2.0163,-1.2447, 3.5165,-4.2021, 2.6745
-1.1248,-4.7167,-2.3573, 0.1954,-0.0288, 3.7367,-0.3253,-4.5099,-2.8264,-4.0419, 3.8204, 1.1491,-2.9153, 1.3608, 1.2840,-3.3912,-0.2644, 3.7621,-3.4614, 1.9901, 4.9985,-3.9909, 4.0738,-1.7751,-2.7154,-4.6510, 2.3517, 2.9642, 1.3111, 4.4962, 3.9305, 2.1513,-1.0792,-2.7150,-0.5683,-3.9457,-1.8491, 0.2202,-0.1911,-4.7757, 3.6298, 0.6303,-4.6535,-2.6099,-1.5056, 0.8567, 0.1600,-1.8585, 3.1210, 3.2612, 1.0874, 0.5988, 4.8190,-2.7557, 2.6214, 3.6097,-2.2258, 3.1133, 2.4542,-1.3906, 4.9699,-1.9944,-1.9293, 1.7490,-2.4043,-2.4434, 4.6763, 1.0583, 0.7667, 3.5370
 1.5748, 1.8292,-4.9228, 4.6370,-1.8494,-2.1112, 1.0333, 2.0695, 2.7068, 1.3287,-3.5496, 2.2923,-4.5785,-0.5543,-0.3415,-1.5006, 3.3759, 4.1605, 1.2364, 2.6395,-4.2157,-2.1449,-4.3529, 1.2938, 2.5056,-2.7422,-4.2866,-2.4312,-3.8142,-4.9430,-2.8682,-2.3987, 4.8391, 4.6429,-1.5218, 1.1808,-2.6829, 1.7989,-2.9106,-1.3401,-4.1869,-3.9388,-3.9522,-1.1208, 3.9364, 4.0342,-2.8850,-0.3393,-2.7357, 2.8079, 2.7647,-1.0827,-2.3203, 4.9106, 2.9082,-2.4060,-0.6809,-2.7908, 4.5011,-4.4380, 2.7985, 4.0764,-2.0137, 2.8890, 2.1760,-4.7670, 1.0643,-4.6532, 4.6404,-0.0544
 0.0002, 2.8024,-1.8252,-3.8601,-0.8125,-1.0465, 0.6671,-3.6623,-3.6637,-1.1747, 2.0509,-2.2229,-0.0033, 2.4461, 3.9273, 2.1231,-0.9929, 2.1848,-2.4737,-0.1052, 0.4746, 0.6930, 1.3601,-1.6661,-1.9722,-3.7451, 2.6191,-2.1386, 2.5403,-4.6690,-2.9527,-2.8805, 1.1053, 4.9333,-4.6711, 2.2088,-1.4234, 3.5251, 0.6812, 0.1168,-0.3669,-0.8348, 1.8598,-0.6007, 1.7589,-3.4735,-3.4601, 2.4503,-0.8029, 3.6185, 4.4995,-4.8610,-3.8368,-4.7304,-3.4975,-0.7539, 1.3651,-1.3576, 0.8242, 1.6477,-2.6674, 4.2450, 4.0651, 0.8456,-4.0573,-1.7535,-0.7140,-3.2686,-4.5321, 1.4614
 1.6002, 2.6751, 4.1715, 3.0004, 0.0145,-1.1602,-2.5673, 0.8912,-3.9225, 2.5116,-1.1189,-4.6295,-2.0188, 4.9156,-4.0347,-0.4584,-1.1085,-1.2612,-2.2946, 3.5883,-0.7556,-0.9697,-3.8589, 3.3408, 0.0429,-1.4784, 2.6847,-0.8509, 4.0903,-1.2793, 1.2303,-3.7045,-3.9969,-3.1187,-1.6000, 1.5462, 2.8799, 4.6575, 1.4431, 4.3761,-0.5237,-4.8846,-4.0490,-0.4289, 2.5474, 2.1536, 0.7864, 1.7871,-0.6883,-0.7833,-0.1525,-2.4899, 1.5784, 4.5634,-3.6042, 0.1582,-0.8064, 3.5212,-3.8361, 1.5355,-0.5417,-0.7859, 2.1689, 1.3359,-4.2375,-1.9322, 2.3988,-0.7105,-4.3689, 0.8343
 4.6195, 4.4950,-0.2640,-0.2004, 1.6722,-4.2439,-0.2236, 0.7742,-3.2065, 3.1133,-3.8236, 3.6880, 2.5956,-0.3993,-4.6348, 2.6025, 0.4818,-4.7736,-1.5080, 0.8992,-1.4865, 2.8884, 1.6268,-2.7205,-3.5963,-3.4858, 2.4169,-3.7997,-3.9349, 0.9801,-2.0394, 2.6069,-1.7438, 1.1118, 0.7580,-3.3765, 1.9063,-3.6478,-0.6725,-4.4918,-0.4163, 0.8412, 1.1741, 0.9601, 4.4965,-3.9598,-4.9682, 2.1954,-0.7199, 1.8080,-0.6677,-4.6998,-0.9642,-3.0501,-0.7399, 1.1822, 3.2391, 0.8988,-0.7697,-0.6484, 4.6800,-1.1941,-4.7743, 1.6942,-4.1241,-4.3523, 4.7346,-2.1179,-3.7417,-1.0643
-3.2683,-4.6987,-4.9787,-4.8951, 1.1692,-1.0403,-4.1185, 2.1467,-0.3297, 2.6287,-1.3517, 4.5805, 0.7037,-3.2571,-3.3299,-3.7721, 3.0949,-0.8328,-3.6735, 1.0916, 1.9572, 3.2344,-0.3256, 4.4954, 3.6606,-4.3590, 1.2985, 1.3263, 0.4131, 0.7412, 4.8947, 2.7492, 3.7192, 1.4601, 1.0342,-4.1619,-0.7824,-4.8282,-1.7628,-3.9376, 0.5424,-1.5685, 1.2542,-1.8411,-4.8926, 1.8746, 2.3629, 2.1079,-1.2650, 1.3164, 2.1410, 4.3113, 2.8107,-3.2626,-2.6386, 1.6849,-1.5385,-0.5747,-3.4143,-0.1846,-3.7858, 2.1378, 3.9789,-3.4963, 3.6121, 4.1918, 3.5431, 3.6355,-0.7557,-4.1570
-1.4204,-2.2637,-3.1503,-0.4296, 0.1911,-3.8974,-3.7741, 2.6994,-1.1184, 1.1763,-3.3871, 4.9869,-1.8163,-1.8178, 0.8561, 0.6326,-0.0944,-0.8506,-3.6500,-2.8868,-4.9181, 0.5927,-0.9073, 1.3266, 4.6023, 0.5960, 3.0319,-4.3128, 2.2730, 2.4558, 0.9107,-0.1387, 3.8454, 4.4418,-3.7801,-2.7223, 3.5455, 4.9876,-0.5325,-2.9647, 2.9031, 4.1477, 4.9983,-1.8529,-4.5093, 4.3169, 4.7845, 3.8032,-2.8277, 2.2354, 4.5752, 4.6864,-1.0854,-3.5364,-0.7311,-2.1294, 1.8344, 1.1544, 3.7487, 3.8357,-0.4412, 2.8921,-3.1933,-4.4453, 3.5881, 2.9744, 0.9510,-2.7797, 3.2315,-4.2365
 0.1830, 4.1587, 1.7982,-2.2685,-0.4063, 1.4342,-3.0380, 1.8212,-3.6515, 0.6695,-2.9378,-2.1661, 1.2677,-2.8838, 3.5771,-1.5567,-0.0884,-2.4962, 1.4430,-0.9383,-2.5604,-2.9831,-4.5572,-3.9298,-0.9529,-1.1094,-0.3925, 1.0765,-1.0165, 2.5028, 3.2515,-4.1309, 4.8801,-3.1507, 1.7996,-4.9646, 4.1931,-4.7250,-0.8088, 2.5302, 0.4151,-4.3210,-1.7260,-0.0898, 4.7826,-3.4023,-0.7047, 1.4429, 3.5622,-2.2350, 4.7006,-2.8410, 3.1058, 0.2334, 4.9398, 4.7466,-4.5773, 1.6546, 1.6878, 3.2672,-3.8779, 1.0427, 0.5356, 3.7475,-4.0724,-1.1412,-2.1275, 3.6778,-2.5076,-0.1527
-4.5597, 1.1244,-1.3206,-4.7260, 4.5187,-1.3168,-3.8036, 4.2205, 1.9090,-0.2995, 2.6086, 1.9352, 0.7013, 2.3904, 2.2116, 0.1184,-2.7198, 1.6945,-2.4102, 1.4266, 3.1776,-1.6304, 0.2889, 1.6913,-4.4428,-4.8736,-1.7999, 2.2750, 4.5621, 3.1381, 1.7631,-4.1024,-1.2090, 1.5227, 1.2744, 1.5918, 2.8056, 4.1338, 1.8673, 1.7272, 4.1989, 4.6847,-4.4351, 4.0068, 3.5297,-4.2262, 3.4624, 1.5837,-0.6443, 1.3860,-0.0479, 2.3685,-0.8201,-3.7661,-2.6503,-2.4417,-4.8217,-2.8110, 0.2692,-1.3348,-3.7280, 1.6028,-1.3450, 3.3765, 3.4480, 2.6326,-1.1204,-0.9474, 3.2929, 2.5443
-2.4498,-3.3536, 3.2991,-2.0147,-2.1781, 0.5043,-3.2876, 4.6170, 3.0798, 0.4324,-2.5881,-0.0970, 4.4976, 4.2594,-2.9491,-2.9179,-1.7633, 2.6388,-1.1063, 2.6659,-1.4508, 1.9911,-1.5455, 0.0840,-0.1133, 3.8059,-0.9368,-1.9698, 3.8698, 1.6727,-3.8178, 4.6662,-3.4312,-0.9547,-1.4423,-1.1660, 1.5482,-3.8072,-1.1055,-2.5135,-1.9327, 0.9724,-2.4418,-2.8650,-2.4094,-0.4444,-1.0069,-4.5881,-2.0022,-3.8550, 3.9198,-1.4146,-0.4458, 1.7558,-4.1114,-1.9418,-0.6371,-2.5445,-3.4060,-3.4015, 1.7741, 3.7013,-2.2140,-2.3602,-1.9051,-2.8180,-3.3037,-4.1629,-1.1739, 3.6152
 2.6241,-4.0968, 3.5262, 4.9585,-1.1376,-0.8897, 4.7107,-4.6485, 2.1383, 0.4104,-3.5905, 2.2437,-1.0959,-3.1951, 3.1355, 0.5003, 3.9926,-1.2438,-2.6893, 1.4939, 1.0967, 2.9458, 4.8313, 4.5711,-0.1377, 3.2938, 0.4306, 1.4860,-2.4666, 0.2406,-0.6579,-1.9763, 2.1521, 4.6195, 2.1278, 0.7111,-1.5096, 3.2419, 4.8788,-1.8417, 4.4697, 0.6990,-0.3138,-3.9352,-0.4235,-3.0783,-3.7097, 3.2312, 1.0157,-4.1052,-2.3595, 3.9982,-1.6980,-0.6183, 3.4264,-3.6490,-2.0073,-2.3777,-0.7976,-2.1629, 0.9897,-0.8517,-2.1205, 1.7575, 4.4507, 3.3945,-0.3883, 3.0292, 0.2275,-2.3754
-2.5895, 3.7730, 0.3755, 3.7784, 3.5243,-2.6609, 1.3760,-0.0046, 4.0464, 2.0485, 0.9799,-1.0207,-4.3718,-3.7357, 3.5700, 1.9066,-3.4203,-2.9066,-4.8423, 3.3406, 2.6042,-2.4309, 4.1425, 3.9899,-1.7660, 0.8045,-0.4104,-2.8788, 3.5272, 3.2076, 2.2556, 4.9553, 1.4712, 2.0212, 3.7384, 0.5041, 4.6928, 4.5138,-1.5977,-3.2857,-3.5350,-0.0440,-3.7826, 1.4291,-1.7675, 1.4797, 0.8925,-1.3199, 2.1702, 2.1776,-4.4660, 2.3242, 3.4717,-1.4172, 4.1035,-2.7552, 2.8299,-0.6958, 0.4389,-2.8860, 0.4672,-4.5167, 1.1195, 2.2256,-1.7877,-2.3670,-2.6799,-2.7326,-2.6581, 1.6150
 4.7792,-1.8989,-4.0086,-0.6309, 3.1718,-2.9522, 0.0572,-2.9251,-2.2547, 3.1828,-4.7622,-1.9513,-3.8282, 1.7077,-0.4046,-4.5621,-0.4966, 4.1445,-0.8870,-2.7925,-0.5954,-3.7452, 1.6759,-4.0912, 2.5460, 3.9899,-3.5322,-0.1722, 2.9385,-4.4399,-4.4799,-3.1543, 1.7055,-4.0341, 3.2096,-0.1182,-0.5549, 4.2663,-3.1645, 2.0496,-3.8084,-0.3128,-4.1895,-4.6782, 2.9828,-4.6097,-1.7883,-1.9886, 4.8304, 0.6151, 2.1918, 1.8866, 2.5959, 0.5568, 1.0538, 1.1063,-1.1369,-0.9059, 3.1769, 4.5655, 4.1945,-4.7087, 3.2175, 0.7433, 1.9455,-1.2646,-4.3638, 4.2815, 1.4286, 2.2411
 1.7311,-4.8863, 2.1275, 3.8293, 2.7450,-2.4907,-4.4635, 3.2073, 2.4231,-1.1284, 3.6685,-0.2696, 3.0974, 4.7128,-4.8725, 3.3263, 0.3081,-0.3586,-2.6142,-0.2563,-0.6569,-1.7672,-3.7043, 3.4714, 2.0477,-2.0247, 3.9774, 3.9189, 1.7746, 2.8788, 3.6974, 2.0683,-1.4088, 1.7721, 1.3985,-1.5327, 4.4264, 0.2864,-1.1688, 2.4192, 4.6754, 0.6915, 3.8738,-0.5808, 1.1713,-1.8046, 0.2035, 0.3639, 4.4042,-4.4871, 1.8871, 3.6023,-1.9000,-0.5627, 1.9115, 4.0825, 0.3513, 0.6860, 0.6995,-3.7235,-0.2088,-1.5130,-0.6415, 2.2665, 4.8839,-4.0736,-3.2731,-1.9619, 1.9343, 3.9412
 4.3481, 2.0919, 3.5553,-0.3040, 0.2726,-0.2502, 0.7432, 3.1877,-3.8058, 1.4357,-1.7091, 1.9243,-4.3598, 4.1518, 4.8731,-1.7701, 2.3574, 4.9834,-0.0332,-2.6503,-2.1732,-1.5436, 4.6980,-4.6048, 4.3174, 4.8407,-0.0783, 2.4832,-4.8218, 4.0286,-2.0795,-1.9574, 2.5688, 4.8232,-3.3096,-1.6819,-2.3861,-3.7206,-4.7964, 1.3198,-0.8823, 4.8629, 0.4273,-0.2109, 2.0058, 2.7527,-0.6996,-0.4744,-0.7992, 1.5486, 3.7242,-2.4765, 2.5888, 4.0888, 4.3236,-3.0645, 3.3715,-3.5439,-0.5683, 2.9316, 4.6265, 3.4225,-2.6085, 1.3711,-4.5082, 4.6989, 0.0346, 1.6752,-2.7673, 1.5699
 3.4000,-3.2143,-3.4911, 2.7529,-1.5728, 3.3744,-2.9443, 1.2041,-2.9528,-1.0588,-2.2617, 2.8207,-3.0148,-1.1922, 4.4580,-0.1610, 0.6530,-0.4120, 1.2871,-2.8916,-1.0914,-2.0220,-0.1747, 0.4502, 0.0934,-1.8331, 2.0955,-4.7317, 1.2891,-3.0908, 0.5325, 0.0721,-0.3130,-2.6911, 1.6907, 3.2494,-4.6133, 3.5327,-1.7801,-1.1745,-2.5329, 0.9356, 4.6434, 0.6651, 3.3633, 2.3208,-4.0021,-2.8292, 0.3112,-0.4287,-0.7541, 3.7001, 4.9235, 4.3512,-0.9410,-0.7272, 1.0406,-0.9682, 2.0931,-2.6020,-2.5416, 3.2049, 0.6518, 4.7140,-3.8502,-2.7845,-1.9114,-2.0195,-2.2130, 1.5998
 2.9566,-0.9326,-4.0899, 4.2139, 2.6803,-1.0251,-3.0878,-1.6860, 2.6999,-0.0000, 3.0807, 4.6891,-0.1341,-3.9050,-4.5877,-3.8122, 3.4651, 3.4376,-1.8214, 1.5239,-1.3540, 2.6450, 1.4989,-2.1312, 1.6523, 0.6562, 2.2408,-4.1009,-3.3565,-1.5757,-3.7875, 0.3821, 0.1424, 1.9497,-1.2027,-1.4421,-2.3690, 4.0957, 2.2143, 1.3173,-0.2135, 0.8211,-3.8073,-0.8613, 4.3685,-4.9039, 2.1505, 0.2937,-2.2549, 3.8862,-1.4732, 0.3584,-2.7930,-0.5633, 1.7291, 0.1497, 1.1587, 2.8489,-2.8414,-3.8257, 2.8078, 2.3559, 4.5251,-1.1867, 3.6905,-0.5522, 3.3681,-0.2577,-0.5611, 4.5228
-2.7005,-0.7421, 1.9981,-1.0532,-3.3862,-0.8266, 2.5723,-2.1388,-0.9784, 1.3036,-4.2225, 0.4306, 4.0904,-0.5417,-2.9707, 4.4299,-1.7240,-2.2281, 3.0944, 2.5708,-2.6202, 2.1212,-3.7951,-4.5062, 1.8835,-4.7716,-2.7520,-2.7557, 2.6990,-3.1413,-0.8160, 2.7845, 4.1806, 2.8393, 2.6205, 0.9436, 4.1774,-3.4511,-2.6478,-2.3193, 2.1864,-0.4341, 2.1652,-4.9665,-1.1973,-0.8210, 3.2190,-0.6740,-2.7290, 1.5748, 2.0601,-2.1072, 3.8852,-4.2829,-2.3900,-2.5907, 0.9987,-4.4560, 1.0385,-2.4035,-3.9695, 3.2891, 1.0215, 0.4288, 1.8482,-1.4392,-0.6595,-0.7975, 2.7241, 0.1347
-1.7167,-0.2615,-2.8358, 0.4850, 0.5518, 4.6491, 4.2376, 4.7978, 4.1552,-3.8872, 3.0626, 1.4339,-0.9673,-0.9753, 2.0710,-3.5913, 3.2443,-0.9113, 4.5988, 1.8516, 4.6765, 3.1760,-3.1531, 2.3069, 4.3429, 0.0032, 1.3419, 4.0566,-0.3241, 2.4892,-1.5018, 3.5349, 3.5546,-2.8979, 4.9231, 2.1883,-2.0460,-4.5557,-0.9011,-3.7184,-2.0241, 1.9350,-3.8373, 3.0285, 4.7277,-4.6855,-2.9753,-2.2044, 0.6625, 4.1942,-1.7062,-3.0809, 1.1972, 4.7305,-3.0886, 4.3742, 0.6082,-4.3025, 0.6946,-1.6194, 1.3138, 2.9973, 2.0537, 4.5211, 2.6107, 2.9319, 1.3018,-3.8427, 0.7701, 0.6245
 0.4257, 4.6372, 3.5891,-2.0512,-4.4533, 2.9275, 2.7171,-1.8166,-1.3138, 2.0199, 4.3735, 0.8598,-1.7351, 1.3743,-1.7058,-2.4205, 0.1063, 3.8911, 1.1575,-2.0922, 3.3889, 1.0060,-4.4252,-3.0884,-4.4333,-1.8647, 1.9577, 3.6965,-3.0427, 3.0608,-1.3126,-1.3742,-4.0645,-0.7949,-1.8471,-4.9496,-3.6603,-0.8003, 0.7199,-1.8649,-1.2950,-3.6883,-2.6684, 0.5352,-1.5163,-4.4592,-1.6216,-0.0329,-0.6512, 1.3485,-3.8149, 0.3031, 0.8399, 4.4524, 2.9551, 2.1983,-4.8078, 0.7049,-3.3697,-4.9303, 2.2261,-0.8470,-3.7177, 4.0504,-1.8429,-0.1572,-4.7443, 2.6790,-3.5241,-2.5392
-1.6977,-2.0578,-3.1988,-3.9688, 3.5585,-0.4976,-0.5087,-3.1551, 4.8925,-4.8316,-3.9515, 0.5793, 0.9029, 3.9735,-1.7970,-0.7467,-4.7510, 0.8501, 4.7175,-4.4807, 2.1220, 0.9063, 2.2068, 4.5704, 0.4445,-0.4819, 1.3788, 2.2597, 3.1780,-4.7318,-3.4877, 3.8750, 4.3823, 3.6169,-2.9086, 1.1420, 2.2585,-1.3569,-4.7269, 0.2443,-3.4266, 3.9454, 3.1997, 3.0665,-0.1610,-2.3305,-1.6739, 0.3333, 3.5206, 3.0443,-4.1093,-4.7226, 2.9783,-1.3682, 4.0657,-4.9003,-3.1694,-3.8370, 3.4939, 2.7132, 3.2095,-2.7312,-3.3004, 1.5428, 0.5793,-4.4613, 0.4205,-0.2137, 4.9604,-3.7877
 1.3108, 3.9969, 3.3385,-1.2098, 3.5989,-1.8245, 3.1271, 4.5230,-4.2243, 3.6800,-4.2308,-4.2107, 3.3600, 2.2663, 0.1117,-1.4463,-1.2629, 0.3895,-4.8876,-3.6585, 3.6471,-0.2922,-0.7488, 1.6397,-1.3315, 2.8977, 4.8516, 1.6222,-1.3727, 0.3543,-2.8327,-4.0935, 2.3907, 1.9833,-1.3641,-3.7469, 0.8739,-3.2124,-4.1050,-1.8470,-3.9331, 2.1359,-3.9744, 2.6382,-4.9944,-3.9436,-1.4077,-3.8169,-4.7388, 2.6899, 4.8921, 1.6670,-1.2188,-0.9425, 4.0750,-2.8584, 3.6962, 1.3870,-1.0968, 3.0815,-4.6685,-2.8797, 4.4356, 0.3031,-2.5137, 4.2116, 2.5681, 3.9629, 1.3390,-2.5670
-3.4402, 2.6756,-1.9621,-4.3768, 4.4681,-1.3690, 1.2316,-0.8761, 4.3153, 4.4124, 1.7968,-2.0179,-2.9039,-0.6095, 1.4646, 2.8514, 1.6737, 0.6547, 1.7142,-0.0604, 4.0216,-0.9122,-2.9579, 0.3356, 0.3698, 2.1680,-3.5435, 2.9215, 1.6531,-3.4863,-3.6306, 0.1421, 0.8480, 4.7653, 2.9214,-2.4501, 3.1718,-0.8796, 4.0572,-1.5763, 0.1858,-4.4994, 1.5666,-2.0513,-3.9250,-1.6956, 0.0581,-4.8435,-3.8078, 3.8029,-2.7468, 3.1976,-4.9828, 4.5448, 2.8776, 1.8376,-4.8941,-2.1333, 4.6615, 0.5688,-3.3460, 3.0298, 0.4404,-1.8645, 2.3773, 1.7127,-4.2679,-4.0088,-2.1871, 0.0903
 3.8796, 3.8701, 1.2053,-1.3439, 2.0987, 4.7637,-4.2394, 0.1205, 1.4697, 3.4007,-1.2954, 3.7002, 4.2112,-3.2143,-4.3139, 1.4781,-3.9183,-2.7777,-4.4510,-1.2884,-4.4601, 1.8056,-1.4298, 2.7670, 0.0297,-0.4783,-3.3925, 2.5856,-1.8800, 0.9393, 4.5121,-0.9689,-1.7558,-0.2114,-3.4364,-2.1892, 0.1618, 1.3093,-3.1387, 2.6163,-4.8597,-0.4036, 1.3426,-4.3964, 0.2701,-3.7017, 2.3274, 1.3840, 2.3188, 2.2180,-4.4375, 4.6178,-3.9905,-2.1628,-1.3804, 2.1489, 1.2720, 1.7346,-0.2136,-0.8694,-3.6801,-0.0055,-2.6622,-1.7918,-4.5434, 0.5173,-2.2901,-0.5019,-0.2532, 4.6724
-4.1244, 1.5018,-3.2470,-3.5384, 3.7226, 4.3469, 4.7698, 3.4320, 4.8538,-0.6020,-2.3662,-2.4189, 4.9342, 1.9446,-2.7822,-4.0646, 4.4725, 3.1908, 4.0025, 3.9219,-0.3353, 1.0396, 2.6360, 0.9557, 3.3275,-4.5415, 4.2939,-0.0404,-1.7151, 3.4004, 2.9985,-0.0778,-0.8234, 3.0371,-1.8358,-3.1438, 2.4092,-3.5432,-4.0432,-2.4736, 3.6095, 3.5028, 0.3651,-3.4594,-3.2324,-1.7236,-4.1022,-1.2450, 1.9687,-0.8167,-1.1400, 3.7890,-2.5313, 4.7205, 0.6381, 3.3907, 1.5238, 1.4892,-1.1543, 3.0079,-1.4458, 0.0509,-3.3177, 1.2246,-2.2166, 3.1411,-1.3630,-4.3752, 2.4494,-4.0784
-2.7384,-3.1897,-0.5557,-4.2716, 2.8673, 4.0781, 3.6923, 3.4084, 1.4178,-3.4655,-0.1530, 1.9233, 4.7614, 1.8725, 1.9667,-4.1371, 2.5963, 1.3458, 0.3531,-4.2605, 1.6600, 1.0027, 1.2483,-2.1946,-2.1213, 1.2429,-0.9560, 4.8688,-3.0712, 1.9043,-4.2113,-1.3966,-1.4205,-3.5606, 2.7592,-4.0408, 2.5031, 3.3957, 0.9019,-3.1382,-1.6438,-2.9718, 3.0666, 4.6696,-4.1708, 0.6288,-4.8742, 0.4216, 2.9767,-1.2161, 1.0345,-3.1457,-0.7981,-1.0862,-4.2643,-0.8743, 1.9336, 0.8894,-0.7859,-3.6765,-1.5513, 0.1712,-2.0129,-3.1045, 3.1924,-3.1607,-0.8252, 0.5009, 4.7743,-1.0522
-4.9237,-0.1131, 2.9049,-1.8165, 3.4868, 1.7720,-4.2037, 4.6217,-0.8528, 4.1718, 4.3742,-3.9670, 1.1111,-1.8288,-1.1098, 0.5226,-3.9022,-0.0651,-1.4140,-4.4851,-1.0843, 0.6375, 1.0206, 1.4368, 3.9624, 3.8893, 3.4200,-1.3587,-4.2806,-2.6477, 3.1965, 3.8490,-1.5218,-0.3525, 0.9132, 0.7096,-3.5370,-4.0357, 0.9216, 1.8381,-2.0909, 1.5065, 3.7575,-1.3624, 0.8628, 3.5260,-1.0696, 1.4804,-4.9218,-1.7662,-4.1783,-1.4967, 4.1020,-2.1062, 4.5120,-3.9205, 3.9404,-3.1702,-3.8935, 0.8449, 3.9887,-4.3348, 1.9959, 2.2691,-2.0603, 1.0797,-2.9689, 2.7684, 0.1531,-1.3990
 1.9532,-2.5782,-2.8843, 4.1417, 2.7556,-1.3192,-3.4624, 0.3665, 2.9802,-0.3993, 0.0084,-3.3379, 4.9337,-1.8644,-4.9023,-1.9924, 1.8904,-1.5361, 3.4270, 3.3073, 0.9167, 1.8349, 2.8206, 4.4145,-4.6266, 3.3349,-3.6268,-3.7262, 3.1606, 2.4347,-2.3921, 1.3446, 2.2454, 0.4943, 2.2663, 3.6581,-1.4514, 2.5043,-4.5508, 0.3787, 2.4946, 2.8889, 1.4106, 2.6689,-1.4351, 1.7063, 2.6804, 4.6162,-4.2668, 1.4582, 4.2316, 0.5022,-0.1806,-3.0948,-2.6129, 1.1390,-3.8843, 1.4736,-2.0502,-0.4555,-3.0616, 3.7422,-3.0775,-3.3342, 2.2529, 3.1097, 2.2263,-1.8985, 2.2756, 0.0247
 3.2040,-1.6799, 3.7368, 2.0685, 1.4529,-3.5075,-4.6554, 0.0072, 4.9110,-0.7737,-4.3226,-4.8872, 1.7333, 4.1382, 1.7186, 1.4228,-1.4864, 1.5367, 3.0654, 4.1468,-3.2442, 1.1989,-0.6119,-4.6716,-0.3559,-4.0533,-4.7663,-1.1911,-0.0909, 2.3175, 1.1994, 1.7005, 0.2082,-4.8349, 2.4986,-3.5633, 1.7998, 4.7308, 1.9029, 1.6731,-3.2829, 2.5626,-1.8777,-4.9296,-1.2404,-3.5985,-3.8860,-0.9638,-3.8714, 1.1879,-0.8769,-1.3074, 0.5280, 3.4549, 0.9688,-0.9798,-2.6616, 2.3582, 4.2146, 2.5179,-4.5663, 1.2349,-1.5257,-3.5407, 3.6005, 0.2376, 0.1693, 3.3759,-0.3107,-3.6239
-2.1653,-3.7247, 4.2283,-0.8230,-3.3597, 2.7227, 3.4366,-0.4057,-3.6295, 1.1070,-4.7493,-0.0789,-4.1784, 1.6224, 1.8729,-1.0416,-0.8806,-4.8505, 4.3880, 3.8650, 2.2835, 1.4290,-3.5644, 3.1208, 3.3793,-4.6635,-4.1038,-0.0516,-1.3626, 3.5796, 1.8295,-2.0730,-1.7258,-4.2403,-1.6673, 2.0732, 4.1655, 0.8900, 2.6062, 0.0565, 2.0659,-4.5108,-4.7673,-1.1454,-0.5657, 3.4144, 2.1441, 1.4620, 1.5042, 1.9506, 1.6895, 4.6207,-2.7801, 1.2266,-0.6799,-3.8823, 0.5892,-3.3302,-2.0641,-1.1788,-0.9064, 0.5594, 2.4039,-1.7623, 2.8145,-1.6157, 4.2094,-4.5715, 0.8523,-4.7185
-1.2592,-2.9571,-1.9665,-0.5278,-3.0803,-0.1425, 2.6219,-3.6009, 0.5995, 0.5860, 1.4274,-2.1036, 2.9131,-4.4180,-3.4336, 0.2683,-2.6479, 1.6452, 0.5705, 2.4769, 2.5950,-3.3366, 2.1549,-0.3157,-3.6721,-1.7139,-1.7635, 4.1321,-1.2912,-1.4871,-0.3832, 1.1407,-1.2051, 4.0814,-4.1930,-1.1440,-4.0760, 3.5122,-0.2702,-0.8266, 1.5899,-1.3848,-0.8631,-3.5700,-0.8756, 0.5335, 1.1338,-1.7398,-1.2686,-3.3649, 3.0104,-1.4132,-2.3695, 1.4365,-4.6253,-0.5733,-1.2142, 1.9965,-3.2546,-2.1043, 4.1202,-0.2740,-0.8078,-2.1013, 4.0063,-4.7203, 4.1863, 0.1604, 2.4940,-4.7078
