 0.3689,-3.0715,-3.4500,-2.8981, 3.6921,-2.5190, 3.0821, 3.2750,-1.3572,-4.2383,-1.6423,-3.6860,-1.8639, 0.8527, 2.9092,-1.9146,-2.6264, 3.7170, 4.1742,-4.0449,-2.9647, 1.0119, 1.7608,-2.0036, 4.3998, 2.9223, 0.5360,-0.4307, 2.0080,-0.9659,-2.5991,-4.1835, 3.4108, 2.9929,-0.6051, 2.3061,-1.1352, 4.5723, 3.6545,-3.5499, 2.7638, 1.9825,-3.2028, 4.8459, 3.9688,-4.1841, 1.0488,-2.5701,-2.3549, 0.6515, 0.4057, 4.5529, 3.4436,-4.7936, 2.8571, 0.4317, 0.7792, 4.5662, 3.0035,-0.6023, 4.1880,-3.4268, 2.4410, 0.0990, 2.5472, 1.1317,-4.4969,-1.5058,-1.8493, 3.0024
-3.3866,-1.5491, 2.5612,-1.9737, 1.1431, 3.6398, 3.0152,-2.4640, 0.5678, 0.3085,-0.4050, 3.5705,-0.3415, 1.0085,-2.7174, 4.6663, 3.1793,-2.4466, 1.6455,-1.7956,-4.9093, 1.4497,-2.4822,-0.4917,-1.9386, 2.4842,-1.6831,-4.5013, 3.3692, 4.3441, 4.5862,-2.6447, 4.8115, 0.2665, 4.8364, 2.0456, 2.2733, 0.2696,-0.6404, 3.8375, 1.0940,-4.7772, 3.5032,-3.2001,-3.4295,-2.4802,-1.8263, 4.1629,-1.3673,-3.9154,-2.8695,-1.2803,-1.4983,-1.0234,-3.0025,-4.9366,-4.5925,-4.0215,-4.4996,-2.1207,-3.5112, 4.7359, 3.4078,-1.9575,-0.0690,-3.6472,-0.7985,-1.9801, 2.6723, 2.5592
 4.7907, 2.5812, 1.6078, 4.5911, 0.8248, 0.4153, 3.8900,-0.2826, 0.5061,-2.0389,-0.2535, 2.2630, 0.1027, 0.4365, 3.1987,-1.9475, 3.7605, 3.1148, 4.8740, 0.3411, 2.4214,-3.0408,-0.4593, 4.1365, 1.9700, 4.7437,-0.8655,-3.9941,-2.2398, 4.8626, 4.2207,-4.8605,-0.2969, 2.4853,-0.1601,-0.3362,-1.3205,-2.6775, 1.9951,-3.6667,-3.2720,-2.0170, 3.0865,-2.6455, 2.3898, 0.8369,-2.6041, 2.4376,-4.1038, 4.0080,-0.7834,-1.4056, 0.8906,-0.7100, 3.0546, 2.7605,-4.1120,-1.0476,-4.0649, 4.4774,-1.8727, 0.6552,-0.0213,-0.2609, 0.7541, 4.2556, 3.2154,-1.0764,-3.1891, 2.1821
 1.2112, 0.4190,-0.3218, 2.0722, 0.2111, 1.7238,-2.3592, 4.4575, 3.7858, 4.7780,-2.1268, 3.0812, 2.8152,-3.5523,-3.9903,-3.6199, 3.9482,-4.2199, 0.0565,-0.3520,-4.6696,-2.7668,-1.6360, 0.4139,-0.4727,-2.5127,-1.0169, 0.1993,-2.4736, 3.9117, 3.4442, 0.8528, 2.4929, 2.5922, 2.7062,-2.2568, 4.6833,-0.4991, 3.9041,-3.4697,-3.4651, 3.3253, 2.7137, 1.0488, 4.7837, 3.9107, 1.6654, 1.0289, 3.9800,-4.6948,-3.3853, 1.1835,-3.0953,-1.0371, 4.0713, 3.1953, 2.5115, 4.4385,-1.3249, 0.4836, 3.3279,-2.4482,-4.1684, 2.6013,-2.0069, 0.9750,-1.2536,-2.9992,-2.1901,-4.4328
 4.4240,-1.7719,-1.9502, 1.4555, 0.4396, 0.3072,-3.6366,-1.1707,-4.2256, 4.1397, 0.5024, 0.1699,-0.9590, 0.5475,-1.2576,-2.6021, 0.8962, 3.9366,-1.8453, 4.5374, 4.5038, 1.8655,-0.6665, 0.0553, 3.6706, 4.2846,-4.2255, 1.0699,-2.8033, 3.0835, 4.8628, 2.1452,-2.7657,-1.0310,-2.0982,-1.0459, 3.2922,-2.2657,-0.1338,-2.9452,-4.0773,-2.0460, 0.5070, 1.6113, 2.0942, 0.6073,-3.9392,-3.2386,-4.3186,-3.6847, 2.0902,-4.4148, 0.8295,-4.1730,-0.8759, 1.1097,-0.0600, 0.7127, 1.7424, 3.7917, 3.9303, 4.8116,-2.2340,-3.8720,-2.9159,-3.4637, 1.7181,-3.6885, 4.2906, 1.1743
 2.6985,-2.6460,-0.7081, 3.4439,-2.4071,-4.3467,-4.2113, 3.2099,-1.3249, 0.9897,-2.6378, 0.8977, 0.8779,-0.7888, 0.5802,-0.0391, 4.5296,-3.5712, 4.6600, 4.7614,-3.9740, 0.1044, 1.8181, 3.8310,-4.8213,-2.4222, 1.4409,-1.7102,-3.4311, 0.1363, 2.2985,-3.8492,-4.0788, 0.0991, 2.5193, 0.0389, 4.8906,-3.2401, 4.5976,-0.0874,-1.2554,-2.8901,-3.3435, 0.0409,-2.3550, 3.5925,-3.8862,-3.8961, 4.0904, 2.0438,-0.8528, 4.2942,-0.2037, 1.2881,-3.5729,-4.5173,-1.1023, 4.3104, 4.4844, 2.5232,-2.1345,-3.4154, 1.6712,-2.1652, 0.7018,-3.1155,-0.7271, 2.5397,-3.3281,-0.6139
-4.2295,-4.6936,-4.1724, 0.6278,-1.1732, 4.1896, 4.4204, 1.0835, 3.5119,-0.4807, 2.5411, 4.4139,-1.6690,-4.9722,-0.6160,-3.5384,-0.9610,-3.7546,-1.3759,-3.8440, 4.8539,-4.9339,-1.1552,-4.3243,-1.4937,-1.5407,-3.0393, 3.2416, 3.7795, 2.0965,-3.5282, 1.9875, 1.4485, 2.5268,-4.9262,-1.6095,-0.4763,-4.6768,-0.7707,-2.1907,-3.3826,-1.2589, 3.9564,-0.0689,-2.4503,-0.2420, 0.9675,-1.2586,-1.5660,-3.6933, 1.1466, 3.9176,-4.4856, 0.9396,-4.0381, 1.6042,-2.9895, 0.8497, 0.9582,-2.3151,-3.8959, 3.2320, 1.7213,-2.0670,-2.4612,-2.6707,-3.3303, 0.2171,-3.0193, 1.7113
-2.9764,-0.4952,-2.2625, 0.4527, 2.8599, 0.9715,-0.8546, 0.5353,-3.6708,-1.5002,-0.2623, 2.7999, 3.5927,-4.0563,-1.2830, 1.4137, 4.4326, 2.9485, 2.7859, 4.5804, 1.8546, 2.2625,-4.9213,-0.8758,-2.5606,-0.2090, 1.0087,-4.2721, 2.9598,-2.8147, 2.3581, 3.7112,-2.0219, 1.7266,-2.6885, 4.0669,-4.1795, 1.3947,-1.4491, 1.6735, 0.5627,-4.9649,-4.8286, 4.8750, 1.7473,-0.0715,-4.0761,-0.2843, 2.5320, 2.3434, 1.9729, 4.2441,-0.0798,-3.1828, 4.9933,-2.8543, 4.4560,-3.1455,-3.3354, 0.4868, 2.0400,-2.6347, 3.5357, 4.6122, 2.3737, 4.5390,-0.2179, 1.0211,-0.7606,-2.0847
-2.9583,-3.1023, 4.7273, 4.9375,-4.3661,-3.3381,-1.2149, 3.5724,-1.3837, 4.6037, 0.4029, 3.0344, 2.5187, 4.9130, 1.2488,-4.2961, 1.8953, 2.4982,-3.8445,-1.1400, 1.1701,-0.7138, 2.8699,-1.1168, 0.5775, 4.5377,-2.2503,-1.7523,-2.5906, 2.8409,-0.7268, 4.3145, 2.6692,-1.5540,-2.7933, 2.5353, 1.2611,-3.6306,-2.4441,-4.3356, 1.5541,-3.0089,-4.1467, 2.7752, 2.0686,-1.1071,-4.4200, 2.7850,-1.2520, 2.7118,-2.9083, 0.7774,-3.8008,-4.4306, 1.7811,-3.9081,-2.1349, 2.6985, 4.3299,-3.0056, 0.0207,-2.4755, 4.0329, 1.6067,-4.4593,-1.8604, 3.7958, 4.8850,-1.0134, 4.6172
 1.7443, 1.3236,-0.0835, 1.8542,-2.3345,-0.0638, 3.3914, 0.8616, 1.6190, 1.8912,-4.3054, 2.0806, 1.0615, 2.6812, 4.5043,-4.9116,-3.6856, 0.3298, 4.0169, 2.6623, 3.5000, 2.7403, 1.2659,-3.9105,-3.1649,-4.5886, 2.3799,-3.0665,-1.0630, 3.3932, 4.1041,-1.8888,-2.7730, 4.3250,-0.1963, 4.6637,-3.9440,-0.7100, 2.3503, 4.4294,-1.0521,-3.5994,-2.9447, 3.0199, 3.5051,-0.6304, 3.2584, 1.0867,-1.4651,-3.2744,-2.7718, 3.2579, 4.1324,-0.1794,-4.8045, 2.6129, 3.2874, 2.6122, 0.4312,-3.9267, 0.5365,-3.5722, 1.4190, 1.4515,-2.5960, 0.4387, 4.6859,-3.3547, 3.9087,-0.8243
-0.7664,-3.2267,-0.8449, 1.5944,-2.8303,-0.5502,-3.4307, 1.9289, 2.4784, 4.2185, 0.4908,-4.6782,-0.0517,-1.0346, 1.7344,-4.5242, 0.4969, 1.9700, 0.2887, 3.3635,-3.8398, 2.0656,-0.4560,-4.9519,-1.4685,-0.7070, 1.8504, 0.2014,-1.8782, 2.4472, 0.6981,-1.9348, 4.2562,-2.3641, 4.0449,-2.9066, 0.1549, 1.4144,-0.9733,-1.2551, 2.8637,-0.0348,-2.2630,-4.3375, 4.4143,-0.1464, 4.6747,-1.9657,-1.2885, 3.5004, 1.3351,-1.9912,-3.5049, 4.6416, 2.2801, 3.9431, 4.5948, 0.3698,-3.2757,-2.0749, 1.9124, 3.9031, 4.1461,-2.0945, 4.9789,-0.0832,-3.2907, 1.8961,-3.2463,-0.6153
 4.2228, 3.8872, 2.0608, 2.4163,-2.7128,-0.9699, 3.5683, 4.6134, 0.1004, 2.7162,-4.5828,-2.0901,-2.1185, 2.8358,-3.5546, 2.1487, 4.9461,-3.9735,-2.5349,-0.7438,-2.2964,-0.6675, 0.2540, 2.1755, 3.5105,-4.4858, 3.3988,-3.2023,-1.9307, 4.8018, 4.1112, 4.8396,-3.5463, 4.7435,-1.2396,-0.6755,-3.0546, 3.2700, 1.9556, 1.3467, 2.3060,-2.8765,-0.3818,-4.6573, 3.6326,-1.2542, 3.8658,-4.6225,-1.4699,-2.3003, 1.1880, 4.9262, 2.9454, 1.1130,-0.9911, 3.2957, 4.3126, 4.9750, 3.2340,-3.2420,-2.6700,-2.0656,-1.7341,-1.9404,-1.2194, 0.8425, 4.5489, 1.0771, 3.6348,-2.5510
-3.9687,-1.6217,-4.9127,-4.1010, 2.9362, 1.4910, 3.2746,-3.0066, 1.8019, 0.9743, 4.4962, 2.7543,-3.3804, 4.9348,-2.4254,-4.3690, 3.5550,-4.3766,-4.5639,-4.2871, 1.7175,-2.5028,-2.1230,-2.1625,-2.8751,-1.3464, 3.7290, 0.3605,-2.4831,-1.5258,-2.0541, 0.0714, 0.0277, 4.8256, 0.1661, 0.2182,-1.4713,-2.2366,-3.8076, 1.1253, 2.7924,-3.9639,-2.9451, 2.0239,-4.6665,-1.9269, 0.4331, 1.1825, 3.9930,-0.9491,-3.5373,-0.2314,-4.2525,-4.5348,-2.2215, 4.7618, 2.9535, 2.0742, 2.3801,-2.3341,-4.4932, 3.4188, 2.2304, 0.5141,-2.6471,-1.9341,-1.3884,-3.5939,-4.4829,-1.7084
 0.9990,-3.9714, 1.5888, 0.5951,-1.7538, 4.7492,-3.9323, 4.5373,-2.5817, 3.7917, 0.7935,-3.8799,-4.6270, 1.4857,-1.5163,-2.8149, 0.4163,-1.2218, 4.8239, 4.2363,-1.2147, 2.3507, 2.3177,-4.7730, 4.4561,-4.5745, 4.2290,-3.7007, 2.5921,-3.2712,-0.8008, 0.5495, 2.7168,-4.1893,-2.0953, 4.9312,-1.4797,-3.9870, 3.8881,-0.9122,-2.8215, 1.2576, 2.7346,-0.3440,-4.5570,-0.0093, 0.8327,-3.8776,-4.1692,-1.5466, 1.2325,-2.2525,-1.5296, 2.4009,-1.6677, 1.6955, 1.8650,-1.7075, 4.7669,-0.2266, 3.5392, 0.3331, 4.6237, 1.0687,-0.3499, 0.4381,-3.5772, 0.9617,-1.3417,-4.7396
 0.9430, 0.0650,-2.4331, 0.0536,-0.2600, 0.1894, 0.2541,-3.2317,-2.6410, 3.2764,-2.1310,-1.0766, 1.3079, 3.3538, 2.5493,-3.3023,-3.5635, 3.3889,-2.5012, 4.6514, 0.1429,-4.9299,-0.9849, 3.4262,-0.5824,-3.5169, 0.4880,-0.8284, 0.8408, 2.8165, 0.0826, 1.3308,-2.0302, 3.4043, 0.0703, 0.0871,-4.0445, 0.7020, 0.3178,-3.6859,-0.8483,-4.7278, 1.5496, 3.3581, 4.7639,-2.8245,-0.8263,-2.2719, 1.7446,-0.8553,-4.2663,-3.4016, 4.5758,-0.2742, 1.0332,-3.0820,-2.6951,-4.0684,-1.1422, 3.1403,-3.0182,-3.4366, 3.2188, 0.0423, 2.6149,-1.5250, 2.2327,-0.2835, 2.0553, 1.2989
 4.6488, 2.7949,-0.2359,-3.3974,-0.9493, 0.1823,-0.3481, 3.2976, 0.9437, 4.4105,-3.5929, 4.0434, 1.2116,-3.7047,-3.6503, 1.3984,-1.5247,-1.6474,-4.9240, 4.5460,-0.9040,-0.3649, 0.5491, 1.8813,-4.9728, 0.5201, 0.7374, 1.7926, 2.6339, 0.0330,-0.4140, 2.3448, 2.7306, 0.4684,-4.8674, 1.6383,-1.4712, 4.0584, 0.1228,-0.1785,-2.9508, 2.4651,-2.1489, 0.7687, 4.3270, 3.1987,-1.3289,-2.5709,-2.8496, 4.6163,-0.5434, 4.1791, 0.4894, 2.1108, 2.1562,-2.9585, 4.8992,-3.9738, 0.9765, 1.1551,-3.3504,-2.6564, 3.8543, 0.0145, 3.2963,-3.6153,-2.9997, 3.4817,-3.0400, 0.8672
 0.2685,-4.0927, 4.3785, 2.2559,-0.7899,-1.8312, 1.2693, 2.6678,-0.7656, 2.2036,-0.6382,-0.3306,-0.2731, 0.7314,-0.1196,-3.9761, 4.0795,-4.5644,-2.0337,-2.9220,-3.1557, 3.6134,-4.7912,-2.8577,-4.0100,-1.9867, 3.8536,-2.3905, 2.5010,-2.2429, 4.5848, 1.1691,-3.3600,-0.1559, 3.9047, 2.9422, 1.7338, 2.9884,-0.8020, 2.9810,-2.7034, 4.8836,-2.0320,-0.3202,-4.5930,-4.1829, 1.6928,-4.3655, 4.3876,-1.1594,-0.2724, 2.3755, 0.8611,-3.6645, 0.9547,-3.2086,-2.7172, 2.6643, 4.1482,-3.6680,-2.2081, 0.9522,-3.1639, 1.2494, 3.4261,-4.9287,-1.1992,-4.6236, 4.7793,-4.0468
 3.7094,-0.5502, 3.7598,-1.1474, 1.8345, 0.5529,-0.9271,-3.8249,-3.5322, 1.0279, 1.3217,-4.0482, 1.8653, 2.3968,-1.5506, 3.8519,-0.0613, 3.2747, 2.2189,-3.9301, 0.3686, 2.4876,-2.7626,-4.1414,-4.1788, 4.0064, 0.4419,-4.1667, 3.5128,-1.0484, 0.7005, 2.3516, 0.6659, 1.3373,-2.9884, 4.5133,-2.7467,-4.1118,-1.6558,-1.0589, 4.6180,-2.0259,-1.0404,-4.5778,-3.1931,-0.1368, 2.6970, 2.2880,-0.2377, 1.7498,-0.0931,-2.6562, 3.8347,-2.3523, 4.0675, 1.8639, 1.8360,-3.6791, 3.4305,-2.0055, 2.3089, 1.7306, 4.1290, 2.4139,-1.2482,-0.9521, 1.7640, 2.3804,-1.6009,-0.3551
 1.6681,-4.7663, 1.0634,-2.6358, 0.0932, 2.7058,-0.7834, 3.5632, 4.4459,-2.1937, 0.3862,-4.3497, 0.3173, 3.5158,-0.6089,-3.8727,-4.1936, 2.5231, 4.6489, 0.9931, 2.6188, 0.5264, 4.1060,-2.5994, 0.5217, 1.1862,-3.2505, 2.9169, 2.3497,-1.9518, 3.2559,-0.5279,-4.0021,-3.3572, 4.2316, 3.3839,-1.3300, 2.2587,-2.6687, 4.7170, 0.8402,-4.7240, 2.1707,-4.8784,-0.3582,-4.5688,-3.8438, 3.0592,-3.0960, 1.8049, 3.7914, 3.6225, 0.8643,-4.6507, 1.6956, 1.9364,-0.8699,-2.3434, 4.6449,-0.5570,-1.9133, 3.9912, 1.8072, 3.8712, 4.1290, 1.0304,-3.9941, 1.2718, 0.1351,-4.5092
-1.3958,-0.4820,-2.0006, 0.6874, 2.0410,-0.0668,-1.2357,-1.5321,-1.3451,-4.0719,-4.5758,-2.9374,-4.1555, 3.7212,-0.9910, 2.4916, 1.2888,-0.5338,-1.6191,-1.7662, 1.4927, 3.1378, 2.9577, 0.4405, 0.0850, 1.1752,-1.5184, 3.1269,-4.2197,-2.6308,-3.5581,-0.7127, 3.7909,-3.3540, 4.0860,-3.9482,-2.4321,-0.3017,-1.4614,-2.7746,-4.6580, 1.3483, 2.2472, 0.2418,-1.7323, 1.3665,-0.1914, 0.1828, 2.9821,-3.5356,-2.6351, 4.0301, 3.6665,-3.8582,-4.3253, 3.7370, 2.4097, 4.6504, 2.3826, 1.6214, 2.7079,-1.8692,-3.5958,-2.3489,-0.4425, 3.5346, 1.2238,-0.6758, 2.2451, 3.7614
 0.3205,-3.2922, 4.6910, 0.2318, 4.0230, 2.9138,-3.7272,-3.1995,-1.0102, 2.5004,-0.9649,-0.2789,-3.6230, 1.7330,-1.6735, 0.7048, 3.9897, 2.9980, 2.5412,-3.5590,-4.1264,-2.0427, 2.8506,-1.5654,-3.6085,-1.9730,-3.6138,-2.6729,-2.6987,-1.7709, 2.3914,-3.8965, 3.1897, 0.3202,-3.8591, 2.5787, 2.0153,-0.2134, 3.1074,-2.7690,-0.2621,-3.2276,-0.1453,-2.5066, 4.1351, 3.2372, 3.3065, 1.6461, 1.5674,-4.9291,-3.9612, 2.6460, 2.9939,-0.2748,-3.4692,-3.9736,-3.6647,-2.0411,-3.5129,-3.6326,-1.5879,-2.9022,-3.1337, 3.7298,-0.1176, 1.8792, 0.3908, 3.9703, 1.7861, 3.0987
-2.1807,-0.5501,-3.7379, 2.2312, 2.0436,-4.7153,-2.7599, 2.0953, 0.1609,-0.5251,-1.2581, 4.8863,-3.1934, 4.4000,-0.3109, 4.3098, 0.7178,-3.6480, 2.2876, 3.4698,-0.1100,-2.8594, 0.0343,-3.3555,-0.4725, 4.3276,-3.2978,-3.0486, 4.2320, 4.5073,-0.8970,-0.5760,-2.1684,-1.4471, 3.4372,-4.8751,-3.1181, 4.9441, 4.4736, 2.4360,-1.5706,-4.1320,-4.7368, 0.0108, 2.4072,-4.8211, 3.7080, 0.5968, 0.7671, 0.3574, 3.1551, 3.7785,-1.4708, 0.5453,-0.5703,-0.4925, 4.2892, 3.0387,-3.7630, 4.1039, 3.6079,-2.5533,-1.7885,-4.8617,-1.7861, 3.6952, 1.4562, 4.1787, 2.0641,-1.6689
-4.6887, 4.6350, 2.2783,-0.3099, 0.7283, 1.2661, 3.5976, 4.6091, 1.9025,-0.7751, 4.9315, 1.3218, 4.1200,-2.0870,-0.8051, 4.4683,-2.5643,-2.9718,-3.3751,-0.0637,-1.1166, 1.5630,-3.3663,-3.7667, 1.4839, 0.5988, 3.3799,-2.6475, 1.8172, 2.7632,-4.1769,-2.9562, 1.1564, 0.6130,-3.3121,-0.8021,-0.0763,-2.8820, 2.1157, 3.4943, 2.4226,-1.5004, 3.7756, 0.2678, 1.6053, 0.9131,-3.1315, 4.0103,-1.0632,-3.9542,-4.3979,-1.5371,-1.0479,-1.2064,-0.0812,-0.5714,-3.9071, 2.7702,-2.2393,-2.2358,-0.6813, 3.4762, 1.3656, 0.4522, 2.4488,-1.7896,-4.0572,-3.6222, 2.2752,-1.8348
-1.5624,-0.2135,-4.0874,-3.7794, 3.8121, 2.8974, 1.0611,-2.4379,-1.0951,-1.4068,-2.9156,-0.8717, 2.7323, 3.8986,-4.5371, 4.1167,-4.9990,-2.4372,-3.8906, 2.4647, 1.1885,-1.8165,-2.8649,-4.7998,-4.1416,-3.8198, 3.6557,-3.2723,-2.0285,-4.8373, 2.9393,-0.7098, 2.9357,-1.0903,-4.0671, 4.8248, 4.1934,-4.8716,-3.4166, 1.6604,-2.5488,-1.6493, 3.6866,-0.9476,-0.2245,-4.3760, 3.1732, 0.2883, 1.3810,-4.8549, 4.0354,-2.1806,-3.6357,-2.0570,-2.9238, 2.0349,-3.4008,-3.7457, 1.1907, 4.1290, 0.6969,-1.4091, 2.4298, 0.0662,-0.8040, 3.4961, 1.2850, 2.0164,-3.3249, 1.7865
 3.3261,-2.5276, 1.5673, 0.2526,-1.3075,-0.0521,-2.4469, 4.9497,-0.3216,-2.6986,-3.0370, 0.4616, 2.0426, 4.7254,-4.6428,-2.8217, 1.4041,-1.7826, 0.5947,-2.5805,-3.8265, 1.5730, 4.7553,-0.4848,-4.4024,-0.9068, 0.6139,-4.9533, 0.0371, 2.7545, 4.5297,-3.2018,-2.8227,-0.0913,-0.2461,-4.9823,-1.3002,-4.9167,-4.4874,-4.0194, 0.6286, 1.8273, 2.5641, 1.7581, 3.5979,-1.5946, 4.2349,-2.3727, 3.6882,-4.0888, 3.2880,-1.6028, 3.3105, 4.5062,-4.2930, 3.8323, 2.0952, 4.2808, 2.1292, 4.9980, 0.1763,-4.3088, 1.9170,-4.3578,-4.9135, 4.3669, 3.0171, 2.3152, 4.9466, 4.5063
-0.0156, 2.2238, 2.4383,-3.4464,-4.7935,-1.2398, 2.3350, 1.4792,-2.8382,-3.0499,-1.2800,-2.9870,-0.7465,-1.6319, 3.8386,-3.5313,-1.9233,-3.1442,-3.8060, 2.2824, 3.8002, 4.1350,-1.0134,-0.7550, 2.2875, 1.7768, 0.8226, 3.8128,-1.9482, 4.5339, 2.7497,-0.8026, 3.2441, 0.3683,-2.4338,-1.6681,-2.5333, 0.3653, 0.8779, 0.3242,-2.9588, 4.9546,-3.2706, 4.3563, 2.4027,-2.3361, 2.7796, 3.8460, 2.0138, 1.0172, 0.8264,-2.6510, 0.5619,-3.3528,-1.0366,-3.6882,-1.1757, 0.3768,-3.7043, 1.8377, 3.8065, 0.5188, 3.7218, 0.9949, 3.9787,-1.8722, 0.2296, 4.9498,-4.9626,-0.2878
-3.5068,-4.7208, 0.5672, 2.6263, 0.8611, 1.4981,-4.5192,-2.3641, 1.9775,-2.2747,-4.2766,-0.5766, 3.3994, 3.9532,-2.7580,-2.0692,-4.3193, 2.0101,-3.0368,-4.7663,-4.2133, 3.9151, 0.9100,-0.4360,-3.3069,-1.1450,-2.0496,-3.2727, 3.8929, 4.7654, 1.4456,-0.3759, 4.1005, 0.7079, 4.7657, 2.9004,-1.8299, 4.8316, 3.4232, 2.8592, 3.9996,-1.4516,-3.2414, 4.4071,-2.5809, 1.4256,-0.7137, 1.9676, 3.6924,-3.7140,-0.8273,-3.8784,-2.2071, 2.6549,-4.7902, 3.0753,-2.0460,-0.6443, 2.3607, 2.1112, 0.3348,-2.0012,-4.7368, 1.7072,-2.2882,-2.0630,-4.3501, 2.5560, 1.1587,-1.6852
 2.8394, 3.7594,-3.5362, 4.7688,-4.8353, 3.1840, 0.3906, 0.1521,-4.7658, 0.4001,-1.6716, 4.9541,-3.6973, 0.5071,-1.8702,-4.8372, 4.8347,-0.9757, 0.0378, 1.4790, 3.8362, 2.6822, 4.1466,-3.5227, 0.6072, 1.2843,-1.6540,-3.9392,-1.5100, 1.7605, 1.9767,-4.1210, 2.7030, 3.7218,-1.6947,-4.4804, 3.5875,-3.6214,-0.1393,-0.6995, 4.4035,-3.1307, 4.3052, 2.1385, 2.0683,-3.2066,-3.4449,-4.6099,-1.0284,-4.6729, 4.0967,-3.8746,-2.1447,-3.4185, 1.8042, 3.5361,-1.6418,-1.9110,-1.7144, 4.7456,-0.2602, 0.4488, 4.5862,-1.4098,-4.0132,-3.4078,-2.7925, 2.2809, 4.2360,-3.6158
-4.7624, 0.6628,-4.7560,-1.5651, 0.1059, 0.6849,-4.2464,-4.8265,-3.7767,-3.7297,-1.3302, 4.9438, 1.7779,-1.6176,-2.1708,-3.8671, 0.4994, 2.0319,-1.1248,-4.1280,-0.5566, 4.7944,-3.5163, 4.2656, 3.2963, 2.4119, 0.7075, 0.1247,-0.6039,-3.0763,-1.4768,-4.8030,-0.8659, 1.7827,-2.9625,-1.4438,-0.5097, 0.5314, 0.9985,-0.4053,-2.2136, 3.0521,-3.4887, 1.5469, 4.8924,-3.8271, 1.9670,-2.4397,-1.2616, 1.8519, 3.2004,-2.4343,-2.7520,-0.2922, 1.2137,-0.5650,-2.0393,-4.3837,-3.8784, 4.9179, 0.3935, 3.1320, 0.2788,-4.9795, 3.3746, 4.5830,-2.3312, 3.9784, 4.9044, 0.3297
-2.4021, 4.7453,-0.1897, 4.0020,-2.7457,-4.4958,-1.3381,-2.1887, 4.8496,-1.5497, 1.4068, 0.9886,-4.4698, 1.7456,-2.7706,-4.4266,-0.5182, 3.0250, 3.1952,-1.9986, 1.0253,-1.9575, 4.6566, 1.5966, 2.7094, 2.2191,-4.3018, 1.0351,-4.7531, 4.0039, 1.6348,-1.0463, 0.0071, 2.8820, 0.8021, 4.0417,-3.0712, 4.7720,-3.7261,-4.2475,-2.0423, 1.0503, 1.9525,-1.8185, 0.7570, 3.4707, 4.5834, 4.8992,-2.3219,-4.9042, 0.4805, 0.1633, 1.0424, 3.8301, 2.8483,-1.4095,-4.9657, 2.5814,-2.6169, 4.2188,-4.3697, 3.3761,-3.0686,-0.5025,-0.5611, 2.7055,-4.8118,-4.7412, 1.4518, 2.4010
-4.1004,-3.6332,-3.8377,-0.2398, 1.0687,-3.1565,-3.4109,-4.2829,-3.5541,-0.5675, 1.7348, 3.4479,-2.3404,-1.0168, 2.7712,-0.4005,-4.2529,-2.1430, 4.8171, 2.9393, 1.4626,-2.4740, 3.2025,-2.4565,-1.4012, 0.0428, 1.5440, 0.0664,-0.2447, 3.7047,-1.4047, 0.9054,-1.8841,-2.9467, 2.4052, 0.1935,-2.6506,-0.8594,-3.8738, 4.1723,-3.3917,-4.1461,-3.5006, 3.5777, 3.9755,-3.5840,-2.0868, 3.6224, 4.7520,-1.6873,-2.1435,-4.1947, 2.0075, 0.9556,-0.3814,-0.5665,-0.4039, 3.2756,-2.0723, 4.3568, 0.7962, 0.3599,-3.2748,-4.6538,-0.0623,-3.0178, 0.4743,-4.2099,-2.0238,-0.4197
 3.1069, 3.7915,-0.2413,-4.0440, 1.5330, 4.2282, 1.6550,-3.7779, 2.8813, 0.2483, 1.9749,-0.9960, 3.4093, 2.2258, 4.0445,-1.9178, 0.6610, 1.9549, 0.7844, 4.4227,-4.4370,-3.2200,-1.1374, 1.7554,-3.3645,-3.2381, 3.2777,-3.6832,-2.5400, 3.1147,-1.0244, 0.4762,-0.9162, 4.3757, 2.2791, 2.1919, 3.7966, 2.4724, 1.8857,-2.5012, 3.6588,-1.9333,-1.7808, 0.7610, 1.3903,-3.2111, 2.2557,-4.8394, 4.5844, 3.9168,-0.1796,-2.7212,-1.8474,-0.7929,-4.0003, 0.8164,-2.4616,-4.6001,-1.5512, 2.0201, 0.4676, 2.0106,-1.4682,-3.3385, 3.1866,-0.0511, 1.1394,-3.5258, 0.1085, 2.1464
-1.2034, 1.3078, 4.2622, 0.1876,-1.0134, 3.6556, 2.7115, 4.2230,-2.0062,-4.5814,-3.6944, 0.8756, 1.7665,-4.2532,-3.4172,-3.8685, 0.9239, 3.8693, 2.5213, 1.1042, 3.0886, 0.6309,-0.2329,-3.0544,-2.3923,-2.3391, 3.0921, 1.4761,-4.8960,-3.9729,-4.2116, 1.9077, 2.7804,-4.0355,-3.4798,-3.3173, 0.8822, 1.9373,-1.5675,-2.5822,-3.3110, 2.2249,-2.2475,-1.7631,-3.7697, 2.7695, 1.4630, 0.5394, 4.0595,-4.7022,-1.8899,-2.0903,-2.7559,-3.9817,-3.4779, 3.1404,-4.6166, 4.9323,-2.8579,-3.3262, 0.2996, 2.8732,-3.7689,-2.9214, 1.7424, 4.4041,-2.0162,-0.6492, 3.2209,-3.3494
 1.3768, 1.8253,-1.4764,-0.1651,-3.6384,-1.1327, 2.3825,-4.4301,-0.3277, 3.9748, 4.0189,-1.6785, 0.6158, 0.3436, 1.2334, 4.0213,-1.7973, 3.3458, 0.3594, 4.7472, 2.2104, 0.7832,-1.1026, 0.0205,-1.0790, 2.3461,-0.6251,-4.9449,-2.1664,-0.6472, 3.2558,-2.4714, 0.1254,-2.9328, 4.1635,-0.0541, 3.4624,-4.7727, 3.3415,-4.1583, 1.7530, 1.0743,-0.0124, 0.7329, 2.6687,-1.4945,-4.9233, 2.1427, 1.4548, 4.6838,-4.3335, 0.8881, 2.5804, 3.6681,-4.8924,-3.6983, 3.5549, 2.5780, 2.2830, 1.4909, 3.5745,-3.5668,-4.3653, 2.6791,-2.8963,-4.0579, 4.7282, 2.0544, 1.1370, 2.7678
-2.8575,-4.6949,-0.9744, 0.3954, 4.9349, 4.2584,-1.7288,-3.7261,-2.7810,-3.5953, 3.4126, 0.6571,-0.3206, 3.5152,-1.2351,-1.7455,-1.7889, 2.7895, 0.7704, 2.2731, 3.6399, 3.3627, 0.4656, 3.5826,-1.0057, 2.3977, 3.2936,-3.3458, 3.8385, 4.4079,-2.7317, 4.0529, 3.3249, 4.3024,-0.7322, 2.4690,-4.3772,-1.8358, 2.2486, 2.0529,-4.6329,-2.0493, 2.1355, 1.9259,-0.2362,-1.8246, 2.3841,-4.9717, 1.8126, 1.8447, 4.2758, 3.9972,-3.7324,-1.9500, 3.4358,-2.6190,-0.3415, 4.5912,-4.4220,-3.9851, 1.3295, 4.7865, 1.7122, 4.6880,-1.6962, 1.8620, 1.8551,-2.0750, 2.3843, 0.3056
 0.6544, 2.8881,-0.6032,-0.7907, 4.6771, 0.3104, 4.7201,-0.2179, 1.9809,-3.5952,-4.4799, 0.0103,-2.9276,-4.5355, 1.0578,-2.1459, 4.7254, 1.5966,-1.6698,-3.7522,-1.0554, 3.0192, 2.6900,-4.2535,-0.2127,-1.8760, 0.3657, 0.1650, 1.1759,-2.5503,-1.8751, 2.8534,-0.7880, 2.4432,-2.4250,-3.9738,-0.9089, 2.5821,-2.5286,-2.0085, 1.4245,-1.4767, 4.1581,-3.7204,-0.2216,-1.3446,-2.7683,-4.4341, 0.9572, 0.1277, 4.0844,-3.1016, 1.0317, 2.8822, 3.8556, 0.9029,-0.7588, 0.0055, 4.6597,-3.0294,-2.8072, 0.5261, 3.5885, 3.1959,-3.1798, 0.1511,-1.3053,-2.0040,-4.6903,-0.9470
 1.9104, 2.6945, 0.7626,-4.3156,-0.3047,-1.9640,-2.6535,-1.9896, 1.9315,-0.8503, 4.4112,-4.3947,-1.4068,-1.1328,-1.1580, 4.8864, 4.8811,-2.0503, 2.2172,-1.1603, 0.5395, 2.3687, 0.5588,-0.6927,-2.5847, 1.1053,-3.0849,-4.1878, 3.1412,-0.9871, 0.6598, 2.3844,-2.5748, 2.8704, 3.6965, 1.8922, 2.7953, 4.6982,-2.7086,-0.6389, 4.8322,-0.0576, 3.3423, 2.1862,-2.8796,-1.3173, 4.5820, 1.0244, 2.4338,-0.0192, 1.7279, 4.3343,-4.2099, 4.2900,-4.8488,-4.0730,-4.0952, 0.9324, 2.0429,-3.0407, 4.6174,-0.8156,-3.9355,-3.2363,-1.9429, 3.2321, 2.4490, 4.7265,-3.7453,-4.0866
-3.6539,-2.3192,-2.2731, 1.3563,-4.3499, 0.3057, 0.3688, 3.3445,-2.0345,-3.0187,-3.2636,-4.3602, 1.0441,-4.1355, 2.1051,-4.9223,-1.5587,-3.1773,-4.1868, 1.3823,-4.5675,-4.5046, 0.3078, 1.8707,-4.0890, 1.9543, 0.7666, 2.9279, 1.8929, 1.3460, 2.1554, 4.8038, 4.0585, 1.9773, 4.3502,-2.6228,-4.0322,-1.9794,-3.9291,-2.0426,-2.3757,-4.4592,-0.5786,-2.6120, 1.7554, 4.7813,-2.1002,-2.1583, 1.7500, 2.3110,-2.3885, 1.0466, 3.1737,-0.9085, 0.1961, 0.3904, 2.2395, 2.6365,-1.1454,-3.0417, 3.2447, 4.1722, 3.9085,-4.2241,-0.9105, 4.1500,-4.0028,-3.7742,-2.4806, 2.3052
 4.8141,-0.5935, 0.1538, 0.5296, 0.4960,-4.7174, 0.3427, 3.0967, 0.5477,-2.6886, 3.8905,-3.6011,-2.4369,-2.9186, 3.4318, 3.5234, 0.4037,-1.1375,-0.3543,-0.7930, 1.4288,-0.9380,-3.7383, 2.5867, 0.8760, 0.2914, 1.3275,-0.6787, 3.7081, 4.3036,-3.8842,-2.0457, 3.7447, 4.1643,-2.9813, 0.2924,-2.6872,-4.7671, 2.9688, 0.3555,-1.5953, 0.9979, 0.9251, 2.1403,-0.4689,-3.1404, 4.0519,-3.2734, 2.8926, 0.5269,-1.2589,-0.1806,-3.9379,-3.7203,-1.4966,-1.4412, 2.2532,-0.4923,-4.2920,-2.5785,-0.1435,-1.1283, 4.0789, 1.9509,-4.1429,-4.1462,-3.7408,-3.3480, 4.4750, 1.3394
-1.8510,-2.7074,-0.8956,-4.5508,-4.0102, 2.5255, 2.1045,-3.2256,-4.1902, 3.6804,-2.0106,-3.8769, 4.0634, 2.1942, 0.0707,-2.7905,-4.2169,-3.6666,-0.0522, 0.5247,-2.5361,-4.2244,-2.7704,-1.5714,-1.1029, 3.8518, 1.5610, 0.3681, 4.7344,-2.9351, 4.8937, 3.5911, 3.9624, 4.9905,-1.5942, 1.6727,-1.7479, 1.6141,-0.6801, 4.6039, 0.1951, 0.5773,-1.0123, 2.3532, 1.1860,-2.0877, 4.2254, 4.3571,-4.8867, 1.3426,-1.4326,-1.8416, 4.1581,-1.5536,-2.4035, 1.3975,-3.8130,-2.6510, 2.9376, 2.3165,-4.4236, 3.6804, 4.0049,-2.5804,-1.1829,-2.0365,-0.7904,-0.0614, 1.4638,-1.2989
 3.4615, 2.0835, 2.0309, 2.7683,-2.1339,-0.6046, 4.5299, 0.3696, 4.7701,-1.5926, 3.6173,-4.1651,-3.4417, 1.9887,-1.3907,-1.3197,-1.7053,-2.0465,-2.0154,-1.9351,-1.3333, 0.2084,-4.3136, 0.3026, 2.9455,-3.4569,-0.7722, 3.9039,-0.0627,-4.6994,-2.5533,-2.7669, 4.8868, 3.2188,-2.7576,-2.2186,-3.7431, 1.3706,-3.8824, 4.2837,-1.3134, 1.7413, 4.2191,-2.5675,-0.9828, 3.1523, 4.7246, 4.6441,-2.1970, 3.4048,-1.5120,-0.8652,-0.9583, 4.5504,-4.5015,-2.2973,-3.1588,-3.9418, 4.2530,-1.4552,-4.7296,-4.1292,-3.0419, 3.3530, 4.2933, 1.3983,-4.3472, 2.4050, 4.8457, 3.8503
-4.5065,-3.0206,-4.9316,-4.5692, 2.7632,-4.5535, 4.6441, 2.7200, 2.6495, 3.1192,-0.9521, 3.8977, 0.8457, 0.6569,-2.1568,-2.4058, 3.3847, 0.5364, 3.5050,-1.5529,-0.9246,-1.3636, 1.5891,-2.2271, 4.9996, 4.6423, 0.2075,-3.3600, 2.8549, 1.4055, 3.1575,-2.2673, 0.0242,-1.7932, 4.0466, 1.6346, 3.4048,-4.4237,-4.6610, 4.3887,-3.2398, 1.4297,-4.0638,-3.5500,-0.9604, 2.0364, 2.5582, 2.6604, 2.8770,-2.9279, 4.3992,-4.2148, 0.3216, 2.1207, 2.5827, 0.0863,-1.3229, 2.5780, 4.8281,-3.9663, 1.9773, 2.2125, 0.8296, 1.9143,-3.1079,-3.6919,-4.4721,-0.8261,-3.3908,-1.3652
-2.9231,-0.7635,-1.9861,-1.6246, 4.0543, 2.1340, 1.3241,-3.4567, 1.5480,-3.3979, 2.5527,-4.0329,-4.0355,-1.0492,-3.1017,-4.2108,-4.4341,-3.9418, 2.7873, 4.2496,-1.3211, 2.9053,-0.7406, 2.7308,-4.9532, 0.5570, 2.4815, 3.6317, 3.5969,-4.3619, 4.9868, 2.6616, 0.8800, 0.9363, 2.7647,-2.4589, 4.0271,-1.1761, 1.0209, 0.7279, 4.4608, 2.8774,-2.8997,-3.7018, 2.4913, 3.6899, 3.0052, 2.6937, 3.1046,-3.0720,-1.6379,-2.6813, 0.2964, 3.7012,-0.1167, 1.6236, 3.4981,-2.4353, 0.4367, 3.0123, 2.4370, 1.7086,-0.5003,-4.0496,-4.7027, 1.9753, 3.3720, 2.4085, 2.8656, 4.8720
 0.2489, 3.6522,-0.6628,-4.6761, 2.3982,-0.3534, 3.4427, 4.1245, 0.5354, 2.0472,-1.7506, 0.1787, 0.6173, 3.7985, 2.5228, 0.1053, 3.2491,-4.1083,-0.4194,-1.0225,-1.9001,-1.7104,-2.1773,-0.4630,-4.7282, 2.1210, 3.6756, 1.3231, 3.5547,-3.4039,-0.3319,-2.8998,-1.1292, 3.1878,-1.9536, 3.7207,-0.3721,-1.9565,-1.7188,-0.8803,-4.2787, 1.4367,-1.4692,-1.1337, 4.2021, 3.0213,-4.9082, 4.6126, 4.7988,-3.2714, 1.8071, 1.5823, 0.4059,-2.7634, 2.4785,-1.4139,-2.3182,-0.6979,-0.0096, 4.7779,-1.9817,-1.8434, 1.9034, 3.6748,-2.4733, 0.1011,-4.6219,-2.2836,-4.5288, 2.2110
 4.0335,-4.0576, 1.2477, 0.9113,-3.6551, 4.1928,-2.4345, 3.9523, 4.8805,-4.6024, 4.6597,-0.7790, 2.1055, 1.1845, 4.4730,-0.1937,-0.8879,-0.6244,-3.4860,-4.8324, 2.0438,-0.9373, 4.4043,-2.3080,-4.0708, 3.9558, 2.7033,-0.5557,-0.7726,-3.4425,-2.0732, 1.4807, 3.6415, 3.1020, 3.1517, 3.1676,-4.6521,-4.8695,-2.5493,-2.0874, 3.8524,-2.7201, 0.2293, 3.1086,-0.1306, 1.5152, 4.6612,-3.2592, 4.9618, 4.3097,-2.0690, 1.8154, 1.9626,-1.1915, 2.0895,-1.8786, 3.3638,-2.1002, 2.5384,-4.4273,-2.9993,-2.1019,-4.7766, 1.0337, 4.8158, 3.2561, 2.1443,-0.3938, 2.2823,-2.2137
-2.1952,-3.1602,-0.9459,-0.4295, 4.1948,-2.0087,-2.8976,-1.4603, 2.2163, 4.6406,-1.6050,-4.4697,-4.8766,-0.0820,-3.8951, 3.8965, 3.8057,-2.4323,-1.0740, 0.2059,-0.5760,-0.7536,-2.2420,-2.2060, 3.2509, 1.8130,-0.7552,-3.4024,-0.6357,-4.3805,-2.7617,-3.0899,-1.1698,-0.8327, 2.2923, 3.2613,-3.4615, 0.7280,-2.3875, 3.3809, 1.3090, 4.0707,-2.8981, 2.6909, 0.0189,-0.1221,-3.1050, 3.3092, 4.6458, 3.1250,-4.1760, 0.7651, 0.7312,-3.6570,-3.1827,-3.3681,-1.4285, 4.6875, 4.3080,-0.8836, 4.2130, 0.1032,-2.7261,-0.7283, 0.6166,-0.7389, 2.4656,-1.9264, 3.6467, 2.9446
 4.9506, 4.1851,-1.5552,-2.1211, 0.5055, 2.7287, 2.8085,-1.5304,-4.5314, 3.9985,-0.9214, 4.6271,-3.2288, 3.1619,-4.1948,-1.2795, 2.4970,-2.4474,-2.3209, 3.5898,-1.8363,-2.5001, 4.4498,-0.7787,-0.1214, 2.9709,-0.4213, 2.8816,-2.7461,-2.3949,-4.2504,-2.4765,-3.3240,-3.1697,-1.8366, 3.4789,-3.7750, 1.6280, 1.8358,-2.8186,-4.9688, 1.7756,-3.9686,-0.0397, 2.4582, 4.2084, 2.4124, 3.4957, 4.7256, 1.3283,-3.6693, 1.7697,-3.7417,-0.6279, 2.2215, 2.5785,-0.6262, 0.3982, 3.2455,-1.7737,-1.9188,-3.4664,-1.1622,-1.5348,-2.4892, 4.3549, 1.8413, 3.0923,-2.9396,-4.8992
 2.1711,-0.0214,-1.5007, 4.2744, 3.1196,-0.3584,-2.1040, 3.6723,-2.4892, 4.7627,-1.6798, 4.1869,-0.3172,-3.4557,-3.1832,-3.7077,-3.2376, 2.4981,-1.5296,-0.3913,-0.8512,-4.6902, 1.7154, 1.5896, 4.6741, 4.1445, 2.8301, 0.0026, 0.7505,-4.7922, 0.2547, 3.9759, 2.2041,-0.7888, 1.1697,-2.0072, 2.4904,-4.8081,-1.4455, 4.6879,-0.5923, 1.7573,-3.8639,-2.7867,-3.4730, 2.5098,-2.2925, 1.2590,-0.1078, 3.0771, 3.2882,-2.7260,-3.8975, 4.3812,-2.2148,-2.0728,-0.7257, 4.2789, 3.9660,-3.7605,-1.7343, 2.1294,-3.8122,-0.5684, 2.5424, 1.2998,-0.2549, 1.7238,-3.2618,-4.8678
 1.8735,-3.5363,-4.6329, 3.1221, 2.4391,-2.3577, 0.4282, 2.9644, 4.6027, 3.8567,-1.0596, 2.0370,-4.3078, 4.3785, 1.5915,-3.1263,-4.9128, 1.3310, 3.9639, 2.2817, 1.8066, 1.1224, 0.4319, 2.9389, 0.5218,-2.8913, 0.7074, 1.9437,-3.6037,-1.3787,-4.2086,-4.9445,-4.7379, 2.7491,-2.4123, 1.6332,-1.6066,-2.0957,-0.5107, 3.6716,-4.6072,-3.7277,-4.5421,-2.2219, 1.9092, 1.8181,-3.2349,-3.3333, 4.4466, 3.6407, 4.0769,-3.5669, 2.0761, 3.9916, 2.0760, 4.6525, 1.1044, 0.9979,-2.6770,-2.3071, 4.0116,-0.8265, 4.8484,-4.1392, 4.1726,-1.8284, 4.5337, 1.6266,-3.3019,-4.9837
-0.5984, 3.4409,-4.6030,-3.2307, 2.1674,-4.2280, 4.9108,-4.6347,-2.1749, 2.2100, 2.5684,-3.1122,-1.8995,-1.7506, 1.0905,-3.6013,-1.8226,-3.3712,-2.3046,-2.0043, 1.0312, 0.5472, 4.7415, 4.5395, 2.3301, 4.1084,-3.0390,-1.4512, 3.6283, 2.0051, 3.8987, 0.2922,-4.0646,-3.6827, 1.7509, 1.3052, 4.6846, 2.5018,-4.2913, 0.6445,-2.1267,-0.8930,-3.3862,-4.5887,-2.4947, 1.2782, 4.0858,-1.8654, 1.4060, 4.9559, 4.4652, 1.3595, 1.3754,-0.9903, 0.9833,-4.9813, 3.5451, 2.7862,-1.3658,-3.3577, 2.6151,-4.4292, 3.3494, 0.0240, 0.4555, 3.5292,-1.0138, 3.3836,-1.9510,-4.3490
-2.7617, 3.5378, 4.5514, 1.0368, 1.9574, 0.3186, 0.4401,-2.5239,-4.3603,-1.2378,-3.9115, 1.9501,-0.8081, 2.5642, 3.2609,-1.5014,-1.6771, 0.0608,-2.5292, 2.8791,-4.0496,-0.8953, 3.5184,-4.3573, 0.4153, 2.1338, 4.4518,-2.2310,-3.8722, 3.5441, 1.9645, 4.2892, 0.6134,-3.9292,-3.3348, 3.4052,-2.6924, 1.0225,-2.7135,-1.8122,-2.8790,-0.9518, 2.6609, 3.7024, 4.8995,-0.8423,-4.8281, 2.4589, 0.4734, 1.1389, 1.5976,-4.6323,-1.0497,-1.2909, 4.2599, 0.9505, 4.2508,-4.7643, 0.3339, 0.1281, 1.7506, 1.0574,-4.3553, 4.0686, 0.6152,-2.0129, 2.9415, 2.9506, 2.0843, 4.5648
 2.3401, 3.1922,-0.9758, 2.9005,-3.2320,-0.8399, 4.7715, 2.8941,-3.3455, 4.0066, 0.4072, 4.8749,-0.0232,-2.8853,-4.1765, 3.7464,-0.6303,-2.1051, 1.7447,-2.4202,-0.9673, 3.6648, 0.8411, 4.5644, 2.3062, 2.7730,-3.3787, 0.0916,-1.3105, 1.7273, 2.7502, 0.1144,-2.7152,-3.7106, 2.9982,-3.7249,-0.0164, 0.4062,-2.4266,-2.8145, 0.2255,-1.9310,-3.7251, 0.9169,-0.9081,-3.0630, 1.5651,-1.8795,-3.7974, 4.9138,-2.2052,-1.6419,-3.8959,-0.0998,-2.9711,-4.0606, 0.8311, 3.3251, 0.0063,-4.5072,-2.0363,-0.7447, 4.4395, 1.9697, 2.1386,-2.6182,-1.1013, 2.8473,-2.1910,-0.9328
-4.9340, 3.0252, 4.5126, 4.2239,-0.5686,-1.5580,-2.8700,-3.4879,-2.7158,-1.2479,-1.4602,-0.9495,-4.0144, 1.2444,-2.9550, 4.1982, 3.7922, 2.5792,-4.8834, 0.5195, 4.4494, 2.3394, 3.1433, 1.4886,-4.9632, 3.3670,-4.2953,-4.9549,-2.1321,-0.1496,-1.6203,-4.5154, 4.7873,-2.9306, 0.8773, 0.0944, 1.9459, 4.3492,-4.1170, 0.4466,-4.7589, 1.4033, 4.7065, 1.2391,-2.8018,-0.0529,-3.8832, 0.4640, 4.5245,-2.3890, 2.5551,-2.1940, 3.6882,-0.2157,-4.1109,-0.1685, 1.1526,-3.3195, 0.2857,-1.6081, 0.7658, 3.4283,-2.7200,-1.5067,-2.9269,-0.1355, 2.4703, 2.5027,-4.0649,-4.4328
 4.4077,-3.5138, 2.8234,-2.5653,-3.8186, 0.6303,-4.8101,-0.9607,-3.6205, 0.8253, 1.7814,-2.8837, 3.8442,-2.6450, 2.1109, 1.5868, 4.7930,-3.3148,-2.6903,-1.9641, 2.5991,-1.7510,-0.1760, 1.3517,-1.9391, 0.3609, 4.2091, 1.9141, 4.6338, 4.8863, 0.5171,-3.1505,-2.8317,-2.2754,-1.2939,-3.4839,-0.5797, 0.4897, 4.0988, 3.6149, 0.8507,-0.4372, 1.9178,-1.9622, 3.6679, 3.7159, 2.7927, 3.5604,-1.8068,-0.6495,-1.9771, 4.8439,-3.9014,-3.7464,-1.7444,-0.3913,-2.4806,-3.5849,-1.2234, 0.5851, 2.9199, 3.4137, 4.7566, 3.2035,-4.4171,-3.1167,-4.8969,-4.3002, 2.9607, 1.2633
 3.0601,-0.2401, 4.4961,-2.0965, 1.8003,-1.1829, 2.4855, 1.8342,-4.3991,-2.7959, 3.4390, 2.0544,-2.1399, 2.5995,-4.2815, 0.9588,-4.7613, 0.8585, 3.7048,-1.1576, 0.0263,-4.9893,-0.8797, 2.5901,-0.9208, 2.7909,-0.5709, 1.5241, 4.8846,-1.6446, 1.8800, 3.9479, 2.0105, 2.8519, 0.2387, 4.3248,-1.1169,-2.4582,-4.0619, 0.5522, 0.7365, 1.8299,-4.2338,-0.2974,-0.2962, 2.7308, 3.4213, 2.2275,-2.0254, 1.9592,-4.7804, 0.0101, 1.4296, 1.0606,-0.8528, 2.6497,-0.2162,-4.0770,-2.9999, 1.9956, 3.6102,-3.7409,-0.8180, 4.2303,-3.5234,-4.7922, 4.4130,-1.8949,-4.0617,-3.2070
 0.0317,-1.5135, 1.6401,-2.1980,-2.0899, 2.2267,-3.5037, 3.3567, 0.6215, 3.4125, 4.5430, 0.1360,-4.5714,-4.3191, 4.9069, 0.2518, 1.8427,-1.5452, 4.3096,-0.0040, 3.0490,-3.5632,-2.1703, 1.2395, 0.4602,-0.4492, 1.8975, 3.9456,-0.5816, 1.4571,-4.7705,-2.6871,-1.4442,-2.0743, 3.3580,-1.6368,-4.3644,-0.4369, 0.1383, 0.5708,-3.6678, 2.6087, 3.1090,-4.8068, 2.5240,-0.8467,-2.0032, 1.2576,-4.8216,-2.5002,-3.8168,-0.6122, 3.7189, 1.5424, 1.6562,-3.3505,-1.1582, 0.4231, 3.1672, 2.0394, 4.9707, 2.6563,-2.4530,-1.4148, 2.4054,-2.4032,-0.0168, 2.7849,-3.1551,-1.1873
-0.1227,-1.4917,-2.7459, 4.0638,-1.4811, 0.2798,-0.3994, 3.3661, 0.8184, 0.2147,-2.8260, 2.9750, 3.4033,-4.8750, 1.4054, 4.5566,-1.0096, 1.7215,-1.5221, 4.3977,-3.6962, 2.7686,-4.8479,-1.2023,-4.7862, 1.0729, 2.4482,-3.9759,-3.1270, 4.8057,-1.3130, 0.2933, 1.2403, 0.1053,-1.4115,-4.1409, 4.3838, 2.2219,-2.8354, 2.2587, 4.3239, 1.6901,-4.0347, 3.6084, 3.2269,-2.8035, 1.4832, 0.2113, 4.6497, 3.0095, 1.3111, 0.0057,-4.6324,-3.6414,-2.6323, 3.7534, 3.1848,-3.0304,-3.1029,-3.7008,-3.5187,-2.4200,-2.8144, 0.5985,-1.5867,-1.1546, 0.6993, 2.1047,-3.4620, 0.0198
-0.2962,-0.7733,-0.4089, 1.7528,-3.5184, 2.8349,-3.6399, 3.0868,-3.0043, 2.2041,-3.6578, 2.8842,-4.0751,-3.5750, 1.4667, 3.8063,-3.0819,-3.5052, 2.9350,-2.7126, 4.9814,-3.1381,-4.1609,-0.0322, 0.3156,-4.7419, 0.0235,-1.4143,-0.9459,-3.0786,-3.9063,-1.2590,-3.4582,-3.0684,-3.7156, 0.6758,-0.6480, 2.9156, 3.4317,-4.0744, 1.3277,-3.0752, 3.9442,-0.1104, 3.1018, 2.0131, 0.5180,-0.1698,-4.9987, 3.8991,-4.6469,-3.0445,-3.5623,-0.1594, 0.5807,-3.0005, 0.8334, 0.9097, 0.6232, 3.0399, 1.5439, 0.9749, 2.2215, 4.3918, 1.7188,-1.5179,-3.0520,-3.5378,-3.8675,-0.6359
-1.6515, 0.8132,-4.9166,-1.4616, 0.8881,-0.5482,-1.9321, 3.4172,-1.8997,-1.1046,-2.5310, 4.6741, 4.0429,-4.6881,-1.9845,-4.3865, 4.6389,-0.5378, 2.0288, 1.6621, 0.5971, 4.1939, 3.1463, 3.1171, 3.9901, 1.5172,-0.3496, 0.6379,-0.2398, 2.5821, 4.7503, 0.8463,-1.4478, 3.0188,-1.5782,-2.9060, 0.0909,-3.6682, 4.7665, 4.7965, 1.0669, 3.4514,-0.0101,-0.0502,-3.9000, 1.0691,-0.6378,-2.0062, 4.2914,-0.3536,-4.0795, 4.4752,-4.0913,-2.6187,-4.5941,-4.3994,-2.8353, 2.0193,-3.7335, 2.0701, 4.7771,-3.8369,-2.3580,-2.2369, 0.6781, 0.5600, 2.8257, 2.3092, 4.0923, 2.3027
-0.5955, 0.2423, 2.7584,-0.5913,-4.8362,-2.8095, 2.2580, 1.3052,-2.1834, 1.5117,-4.9762, 3.8467, 1.8033, 2.8800, 0.9723, 4.3859, 3.5747,-1.1229,-3.7530, 2.3934,-2.2086,-2.1388,-4.3810, 3.2855, 0.8329,-2.5138,-3.7373,-0.2043,-4.7364, 4.7726,-0.8436,-4.6000,-0.2984, 3.1575,-3.4584,-0.7167, 4.4042,-0.4993, 2.7143, 3.6267, 4.6066, 0.6074,-0.8418,-1.2697,-2.5892, 3.5070, 0.4661,-0.5317,-0.6850,-1.8202,-4.9902,-2.9029, 3.2749, 0.9716, 4.5147, 3.8543, 4.7128, 0.1963,-1.3898,-1.3974, 4.5304,-1.6680, 3.2649, 4.7746,-0.1140,-1.7013,-4.5534, 0.7873, 0.8104, 2.8414
 2.2148,-1.9677,-1.3779, 2.7266,-0.6206,-0.6191,-2.5041, 3.4942,-4.4290, 2.9472, 0.6365,-3.0134, 2.9319,-0.8681, 1.8917,-3.5032, 3.5369,-2.0767,-4.3759,-0.7564,-2.9480, 1.3982, 3.3050,-0.9170,-1.2825,-0.1875,-4.6313, 2.8535,-4.5508,-0.7801,-3.9306,-4.0498,-0.8553,-3.0826,-2.0627, 1.6259,-3.6298, 2.0765, 1.9631, 2.9135, 0.2974, 0.2252, 0.5593,-2.4477,-4.9963, 2.3385,-1.9677, 2.3601, 2.9353,-3.1531, 3.3724,-1.6159, 3.9554,-4.2553, 4.2315, 4.4980,-4.0345, 3.6114,-2.1608, 3.9756,-1.4289,-2.2707,-2.2576,-2.2763, 2.2575, 2.7814, 3.3207,-1.4999,-2.2694, 3.0528
 1.9789, 4.3363, 0.8283,-3.1867, 4.1763,-2.6537, 1.3643, 1.4050, 0.3015,-0.3102, 2.3230,-2.7043,-3.6986,-4.8869, 3.2897,-4.1195,-1.4039, 1.5556, 1.1975, 2.6722,-2.9928,-0.7850, 3.8731,-1.6358, 3.4524,-0.5823, 3.1950,-0.5896, 0.6500,-3.9847, 1.1767,-2.1745, 2.0072, 3.5088,-2.0411,-0.1300, 3.4261,-2.1634,-3.3980,-4.6003, 3.2030, 2.4282,-0.9485,-3.6018, 3.2468, 4.8174,-2.4019, 0.8215, 1.3801,-0.5439,-4.6258, 2.3452, 0.1347, 0.6910, 1.3701,-0.5751, 0.0514,-0.4169,-1.3758,-2.6893, 3.6955,-0.2717, 2.7457, 2.7165, 1.4270,-4.2134,-1.4132, 4.3795, 2.7519,-4.7779
 4.5097, 4.8868, 3.6603, 2.4236,-1.6977, 4.6376, 0.1906, 3.4037, 4.4750, 1.2931,-0.0503, 1.0581,-0.0445,-4.2816,-3.2886, 4.7399,-3.4487,-0.4829,-4.9679,-0.3301,-4.3746,-3.0221,-4.5701, 3.7786, 3.5850,-0.6823,-4.1418, 2.7143,-2.3724, 1.7373, 3.7399,-2.7841, 0.1661,-4.9081,-4.5340,-3.7755, 4.4282, 0.2716, 2.5163,-0.8938, 3.5172, 3.4374,-1.4122, 1.9276, 4.8278, 3.1290,-0.1474,-3.3236,-3.4580,-4.4748,-4.1253, 0.6459, 4.4040, 1.0861, 1.2327, 2.2388,-4.2414, 2.9085,-2.4209,-2.3222, 4.0996, 0.8859,-3.4567,-1.0207, 2.9705,-2.0992, 2.0761, 2.0659, 0.4116,-2.1393
 1.1965,-0.6382,-0.9396, 1.3845, 2.8238,-2.0547,-1.6885, 2.3698,-4.8183, 0.7497,-2.0369,-3.0644,-0.8790,-4.1274, 4.0755,-1.6109, 3.4695, 1.3514, 3.9631, 2.3255,-1.5137,-1.9143, 3.8578, 3.6952,-4.5358, 3.7411,-2.5700, 1.2719, 2.7845, 2.6571,-2.6932,-2.4831, 2.8581,-0.2032,-2.8241,-1.1027, 3.7864,-0.9374, 0.7883, 2.7419, 1.9360, 3.4378, 3.8762,-1.5207, 3.9737,-3.9275, 1.4795, 4.2708, 3.0025,-4.1280, 1.7826, 0.6482,-0.8439, 4.8558, 4.8194, 1.9284, 3.4313,-4.7254,-3.6599,-2.3688, 4.1409, 2.7956, 2.6010, 0.6336,-1.7938, 0.0998, 1.7736,-4.7177,-2.0101, 1.1689
-3.4266,-0.0262,-3.5538,-2.2377, 4.2171, 3.3635,-2.4735, 4.5909, 4.7921,-4.6438, 4.0878, 1.3439,-3.5442, 4.6210, 1.7064,-0.4097, 1.6419, 2.5072, 2.0869, 0.8221,-2.5740,-4.5522, 0.3666,-2.0236, 0.6646,-3.0966, 3.7627,-2.2655, 4.5588, 4.7072,-1.1341, 1.6509, 0.5265,-4.7146, 2.6991,-1.4043, 0.8800, 0.4439, 4.9654, 0.7960, 4.9979, 3.8319, 1.2765,-1.7169,-4.6868,-1.1558, 3.7922, 3.8220, 2.9123,-0.7109, 3.4231, 1.7511,-3.0167, 2.5788, 4.5089,-0.9523,-3.8042, 2.2258,-2.7186,-4.0283,-0.3035,-0.8071, 1.4923,-2.9981,-2.7611,-0.2946, 1.7367,-3.6994, 3.0821, 1.4563
 4.1379,-3.7318,-4.7790, 4.6247, 0.0956,-2.5815,-3.3326, 1.6375, 2.7198,-4.0173,-4.7023,-1.5799, 1.6526,-4.2096, 1.7295,-1.2271,-2.4764,-3.7868,-2.9783, 1.6170, 0.2869,-2.3312,-1.3873,-0.0792, 0.2026,-1.5866,-1.4103, 3.1416,-0.7522, 4.5938,-1.6664, 2.0505, 0.7559, 1.7125,-2.8528, 2.5238, 4.3012, 1.1503,-2.3342, 3.9856,-2.2924,-0.8565,-3.1209, 4.8239, 4.1119,-4.8386, 2.7680, 1.2591, 4.6874,-0.0160, 4.6597, 3.6373,-2.5179,-3.0112, 2.0291, 0.0188,-1.9736, 0.0234, 0.0696,-2.1158,-4.8759,-2.6010, 2.2077,-1.9709,-4.9553,-3.0887,-2.8431,-2.4185,-3.6707,-1.5910
 1.0164,-4.5811, 2.6546, 3.3736, 3.9803, 2.2150,-1.6185,-0.7363,-2.1558,-4.5895,-3.1227, 3.5949,-2.7344, 4.2450,-1.3803,-2.6350,-1.4580,-3.8030, 1.8429, 3.1681,-4.1162,-1.4569,-1.1066, 3.0603,-3.6876,-0.7943,-1.4069, 3.6535,-1.7464,-2.3258,-2.3838,-2.5657,-0.6753,-1.4391, 4.7213, 1.4809,-2.9145,-4.5584,-3.7920,-2.1488,-0.9361,-0.4401,-2.8459, 1.7822,-4.4908, 4.5876, 3.6401, 1.8945,-1.5124,-1.2836, 0.5830, 4.5779, 3.6230, 2.5094, 3.9299, 3.8080,-2.4803,-4.6367, 3.8901, 3.0759,-3.5126, 3.6525,-1.2267, 4.3269, 0.8599, 3.7803, 4.7663,-0.4513,-2.5296, 0.3126
-1.3802,-0.8542, 2.5001, 2.1493,-2.7439, 3.9584,-2.1517,-2.7081, 3.2989, 2.4164, 2.7502, 2.5455, 4.8005, 1.1043,-4.8224,-1.5210, 2.8227, 1.5250,-3.3575,-4.5011, 3.1162,-1.6625, 0.3373, 3.9481, 3.2824, 1.1918, 3.8296,-2.7669, 2.7424,-4.2672, 3.8523,-4.9344,-1.2585,-4.5295, 1.6887,-1.3565, 2.3604, 2.9571, 4.3294, 1.1326, 0.9301,-4.5388, 4.3870,-0.1149,-1.5313, 0.9355, 2.8496,-1.5972,-4.2013, 1.9365, 3.0342,-1.9044,-3.2196, 2.8196, 2.7608, 4.4388, 1.7749,-1.4472,-3.4820,-4.3648,-2.1426, 1.6254, 3.2511,-1.3728,-0.3973, 0.4361,-2.3178,-2.8753, 0.4989,-4.7860
-0.0528,-4.8532,-1.1266, 1.8639,-3.5405, 4.6095, 3.3903, 1.2205,-3.4277, 2.6022, 4.0056,-2.5692,-3.9355, 0.3701, 0.3900,-4.5875, 1.5141,-2.4812, 2.3224, 4.6027,-0.1067,-2.0653,-3.6994, 2.5072, 2.5144,-4.7759, 3.5863, 4.6583, 2.6357, 0.8497,-0.9653, 3.6633,-2.2857, 3.9029,-3.4524, 1.5456,-1.0864, 0.6087, 1.9368,-0.6958, 0.7886, 3.6284,-4.8971,-2.7775, 0.5231, 3.3902,-3.1170, 2.7505, 3.3851, 4.6505, 2.2793, 1.1184,-4.4088, 4.0566, 1.5197,-1.3221, 2.2091, 0.3306,-1.3689,-2.5172,-4.1774,-2.6114, 2.5365, 0.0408, 2.4141, 2.1819, 3.8439,-1.2597,-2.8628, 1.1460
 0.5611, 2.4824, 0.3931, 1.2846, 1.1712,-1.2753, 4.9620, 3.7725,-1.8588, 2.2025,-0.4597,-4.4296, 0.4321,-4.7833,-3.0154, 3.7301,-4.3029,-3.5464, 1.8656, 1.1588,-3.9306,-2.6968, 4.5049,-4.7042,-2.1668, 4.8773, 0.9414, 1.8359, 0.6449, 0.1301,-4.6212, 0.7685,-1.4432, 4.7041,-4.7330, 4.3845, 2.8187, 0.2281,-0.8623, 0.4336,-1.2326, 1.9900,-4.6748,-3.5922, 2.5674, 4.7763,-3.7869, 1.4613, 4.6510,-2.7798,-4.1799, 1.3102, 3.8604,-0.1618, 3.6251, 4.2892, 3.8189, 4.7000, 0.4944,-2.7588, 3.5817, 4.9952, 4.2490, 4.3918,-4.8813,-4.6706,-3.5007, 4.4447,-2.7643, 0.7805
-0.3093, 4.6879, 4.6008,-2.1890, 4.3149, 3.0802, 3.9165, 4.9718,-1.8838, 4.1859, 2.5400,-2.2591,-3.2101, 0.0883,-4.6393,-2.1377, 0.1658,-0.8279, 2.4538,-0.1923,-1.0507, 2.7764, 1.9081,-3.5314, 0.9740,-3.9559, 1.7818,-1.4606, 0.5926,-3.5658, 1.0466,-4.4482,-3.9888,-1.3067, 3.8697, 1.6249, 4.3548,-2.9251, 4.1536, 2.6392,-4.7479,-3.8718, 0.7716,-2.3665,-3.0999, 1.5571, 4.5318, 4.4001,-3.3446,-3.0287,-3.6363, 3.9660,-2.2888,-4.0688, 1.3769,-3.2575,-0.9658,-2.5582,-4.8938, 3.5092,-3.3171,-3.1155,-0.6530, 4.5892, 4.6000, 1.7875,-3.0410,-1.2261,-3.3681,-0.7582
-4.1856,-4.3972,-3.8027, 3.3382, 0.5072, 1.7707,-4.2362,-2.6579,-0.7265, 0.9131, 4.0162, 0.3581,-2.4691,-1.5531, 3.8116, 4.1017,-4.4731, 2.6452, 2.1758, 2.7984,-2.4977,-1.7645,-2.6501,-0.4770, 2.2328, 3.6334, 1.5322, 2.1350, 3.5870, 0.3992, 3.8157,-3.4841,-3.2374, 1.8901,-4.7711, 1.1425, 0.2697, 2.5804, 4.0743,-0.5910, 1.4485,-1.0247, 0.7807,-0.8819, 1.3293,-0.2202,-3.4510,-3.7134, 0.2215, 3.6052, 3.6162,-2.5037, 3.9938,-4.6962,-1.7577, 0.9290,-4.3278,-2.3450, 2.7339, 2.0355,-1.8346,-1.4838, 1.9458, 0.5283,-4.5093,-3.5608,-2.8384,-2.0712,-1.6771,-4.7241
 2.8299, 4.9351,-3.5815, 2.9346, 3.7026, 3.5157, 3.7841, 3.0385,-4.1574, 1.5663,-2.9651, 2.2933, 1.1703,-3.3703, 1.7238, 0.0108, 3.2770, 3.2963, 4.5356, 4.0658,-2.4660, 0.7670,-3.3759,-0.0362,-3.8066,-2.1155, 3.7962,-0.2344,-2.7141, 4.0810, 1.7092, 0.0003,-3.0611,-3.6891, 4.5340,-4.0450, 0.6864, 2.7493,-3.5292, 2.7112,-0.1925,-1.1675,-0.7439,-1.0263,-1.8345,-1.4451,-2.2589, 4.4772,-1.0898,-1.8673, 2.5124,-3.0056,-3.8950,-0.4969,-2.8324, 1.1333, 3.0692, 4.6610, 4.8501,-2.6738, 4.5129,-3.7581,-3.0146,-2.3759,-2.6700, 1.8628, 3.4133, 4.6405, 4.7002, 3.3788
-4.0678, 2.8996,-2.3642,-0.5439,-1.9433, 0.7483,-2.4433,-2.3696, 4.8756,-4.2264, 4.6103, 4.3281,-1.0744, 0.6866,-1.3440, 1.1550, 0.6785, 1.0148, 2.2393,-2.8486,-3.6685, 2.7915, 1.9567, 4.6072,-1.0876,-0.4553, 4.8700, 4.2217,-3.1000,-0.6507, 1.4216, 3.7465,-0.5911, 4.7011, 2.0171, 0.2923,-4.5418, 0.4707, 1.0378,-2.8304, 4.8466,-1.9863,-2.1416, 3.4056, 4.0332, 2.2406,-3.4017, 4.2163,-2.7748, 0.5781,-2.3771,-4.3433,-4.8171,-4.4471, 4.8039,-4.7128,-0.2898,-0.0347,-0.5307, 4.6656,-1.4825, 4.3504, 3.7389, 0.0955, 4.5397,-4.4865, 4.0852,-4.8139, 4.1464,-4.3658
-2.8035, 2.2317,-3.1359, 2.0421,-3.3976,-1.1506, 2.6093,-0.0617,-0.9840,-0.4066,-3.3479,-1.3810, 3.2143,-0.7228, 0.6679,-4.1521, 4.7127,-2.0780,-1.0109, 3.2223,-3.5081,-0.6064,-3.7017,-4.3858, 2.1931, 2.0728,-1.3219,-4.7293, 0.9379,-1.0066, 1.0834,-3.1869, 1.5430, 4.6144,-4.7802,-3.5622,-1.2325, 0.0187,-4.3922,-0.8632, 0.4594,-3.8448, 0.6846,-4.9733,-1.8633,-1.7450,-0.8581, 4.5211, 4.0197,-1.1260,-3.8787,-4.3034,-4.2861, 1.6159,-3.9687,-4.2616, 3.5505, 2.0780,-2.1235, 3.0311,-4.7290,-1.2078, 0.3219, 4.3005, 3.6709,-1.2236,-0.8345, 3.5418, 2.5161,-4.6174
 4.3122, 4.0337,-3.3606,-3.2960, 0.6333,-0.1976, 4.0810, 0.9201, 0.8414,-1.5336, 3.2762, 3.4698,-0.8148, 3.6576,-3.2099,-0.6134,-0.9585,-2.0975, 1.1143,-2.9742, 2.2436,-1.9430, 0.6723,-0.9668, 0.7032, 1.7956, 4.2366, 3.4182,-2.3462, 3.6826,-4.8625, 1.7247,-2.3818, 0.6834,-4.1163,-0.1381,-2.2949,-4.5396,-0.2977,-0.2550,-4.0572, 3.4721, 2.1407,-1.1279,-0.8881, 2.2573,-2.5305, 1.6601,-4.0880,-4.0207, 2.9879, 0.4241,-1.1663, 2.1299, 1.8908,-0.2380,-4.8404,-1.0043, 2.4996, 0.7011, 3.9854, 1.8427,-3.2549, 0.0489,-2.5054, 2.9105,-0.8813, 2.2781, 2.9900, 2.5130
-2.4727,-0.3734,-3.0982,-0.9190, 1.1727, 4.0049,-2.9254,-4.1879,-0.8098, 4.8995, 2.1090,-1.3635,-0.9511, 1.2763,-1.0001,-1.8914,-2.5834, 1.9470,-0.8063,-2.8689,-0.8850, 2.4384,-3.7914,-2.8542,-3.3342,-1.3538,-3.3032, 2.5042,-2.8670, 4.1008, 2.2186, 4.0131, 0.3885, 2.2567,-1.4858,-4.0357, 1.4561, 3.9193, 0.4560,-3.1686,-3.3438,-1.4370, 4.7300,-4.9759,-2.5882, 0.7219,-0.6323, 0.8936, 0.2270,-2.0327,-0.0159, 4.8298, 1.0745, 2.0520, 4.4015,-0.8167, 0.9907,-0.3069,-1.2258, 1.4827, 3.3581, 4.1164,-4.2803, 2.6715, 2.9181, 0.5372,-4.7299,-1.3999,-3.1618, 0.5801
 3.1665,-0.2573, 3.7743, 2.5912,-4.7485,-1.8451,-0.1448,-4.3620, 1.7626, 1.8469, 2.7566, 1.4748,-3.0852, 1.6408,-3.7136,-3.8294,-3.4364,-0.3210,-3.3641, 3.7765,-0.3059,-0.4982,-3.5576, 0.5674, 0.3975,-2.9473, 4.6163, 2.9874,-4.6953, 4.1522,-3.5191, 3.1419,-3.2981,-0.1011, 4.7143, 3.3298, 4.9995, 1.3030,-4.8878,-4.0257, 3.1607,-2.2907, 4.9842, 3.0847, 2.0860, 3.2354,-0.2164,-4.7680, 3.0765,-4.4953, 1.9837, 4.1532,-2.7243, 2.8714,-1.0134, 0.1451, 3.0727,-3.8530, 1.9764, 2.1711, 0.4097, 0.6109,-0.9928,-1.2628, 0.4631,-0.6226,-0.5683,-2.9518, 2.6113, 2.8916
-4.7959, 2.2025,-3.3336,-1.3400, 3.8622,-1.0665, 1.3870, 2.2021, 4.5158,-1.7359, 2.0490, 3.4269, 1.0624,-1.2120, 0.4827,-2.5385,-1.6625, 3.6287,-1.2988,-2.5654,-3.7209,-4.9038,-4.7402,-2.8548,-3.3412, 2.2731, 1.0645,-4.9134,-4.0068, 3.8812, 0.9364,-0.0467,-4.2562,-0.1228,-0.7973, 3.4318,-3.2094, 1.6229,-1.6005,-2.5521,-4.0845, 2.3731, 4.7518, 2.2940, 4.2938,-4.9206,-0.7003, 1.0531,-0.4720,-1.6999, 1.0592, 0.4251, 0.5526,-4.4612, 4.5232,-1.6830, 1.8704, 3.7837,-2.8614, 2.0692, 0.6483,-1.6092,-1.5881,-1.6910, 4.7090,-1.2095, 3.8695,-3.5118,-4.9743,-2.7418
 1.1394,-0.3687,-1.6696, 4.3708,-1.1649, 4.0029, 0.0487, 4.0396,-3.7115,-0.4073,-2.5515,-1.0604,-1.0093,-2.3343, 3.7193,-0.6404,-4.3632, 3.0615, 1.1058, 0.8641,-3.8200,-2.3833,-4.5640,-1.7303, 2.4166,-3.1483,-1.7826,-4.5529,-2.5385,-4.6563, 1.1288, 3.7781,-1.5258,-0.8511, 3.2357, 3.7156,-4.1787,-4.2107,-3.3258,-4.5064, 2.3993, 0.5603,-1.7350, 1.9561, 1.4132, 0.9362, 1.3244, 2.2644, 1.6677,-0.9076, 3.8989, 1.1666, 2.2620, 0.3106, 0.1439,-3.5085,-3.5790,-2.5119, 0.7118,-0.0664, 3.5778,-0.2240, 3.9613, 0.5308, 2.5447,-2.9977, 0.8813, 1.7182,-0.0609,-2.6855
-1.7294, 4.7961, 0.4671,-1.6311,-0.4561,-3.6840, 0.8681, 1.9345,-4.8317, 0.7877, 1.3153,-4.4420, 0.2197, 1.5720, 3.2406, 2.2491,-1.2178, 2.8448, 2.8576, 2.0806,-2.2151, 1.4774,-3.2772,-1.5291, 4.4063, 4.8975, 0.0494, 1.8506,-2.9968, 0.3496,-1.3364, 1.0119, 4.3022, 0.0799,-0.7565,-3.2616,-1.8359,-2.2699, 2.6193,-2.2426,-3.3265,-3.2647,-2.7851,-1.9893, 0.0036, 3.1913, 4.5535,-3.1613, 1.5145,-4.5856,-2.5809,-1.3899, 0.7915,-4.6351,-2.6267, 2.9813, 4.5956,-3.0120, 3.5820, 4.8061, 3.3219,-0.7394, 2.1079, 3.6612, 2.2557, 1.1212,-4.1616,-0.2493,-3.8917,-4.2465
 3.5422, 1.6106, 2.5937,-4.3112,-0.7063, 0.4691, 0.8595,-4.6272,-2.0201,-1.4784,-2.7727, 3.5556, 2.1723, 4.3267, 3.9327, 4.9931, 0.5604,-4.4507,-2.2268, 4.4398,-4.8113, 2.7608,-4.7203, 4.5889, 0.9327,-2.7201,-3.7465, 3.8152,-3.4259, 0.6312,-0.5047, 1.2841,-0.7754,-2.5931,-0.6266, 2.5541, 2.6014, 0.9821,-0.7792,-4.2868,-2.6651,-3.4489,-2.8598, 4.4372,-2.9678, 2.4613, 3.8253,-3.1986, 4.1613, 4.8764,-2.2095,-0.3830, 3.4155,-2.4873, 0.0318,-1.5620, 0.9575,-0.8768,-4.1241,-0.8521, 3.1876, 4.2918,-4.5460,-1.8062,-4.1154,-3.4760, 1.8950, 2.6963,-3.6626, 0.9824
-1.9085, 3.0523, 4.8191, 1.6296,-1.6398,-1.3935, 1.2925,-3.4369, 0.4628, 1.7209, 1.5890, 1.9401,-3.6041, 3.7309,-3.7839, 3.8219, 4.8179, 1.2203, 2.2231, 3.1573, 4.1886,-1.0225,-2.6040,-2.9377,-2.5551,-0.8224, 3.2973,-3.9209, 0.2716, 4.1005,-4.5782,-0.6496,-3.4634, 2.7479, 4.0068,-0.7502, 3.0867, 0.8768, 3.4765,-0.5351, 0.7299,-1.6465,-2.8324,-3.2312, 2.4588,-0.8834,-0.0829, 3.2623,-2.8628,-3.6344,-4.1178, 0.8409,-4.1962, 0.5253, 2.5121, 4.6351, 2.6005,-3.1706,-3.6030,-3.5930, 3.3641,-0.9473, 2.0293,-1.5272,-0.0221, 3.7021, 0.5306, 2.0890,-4.2602, 4.2399
-3.4188,-2.9411,-2.5811, 0.8482,-2.3561, 0.4402, 4.0154,-3.3906, 0.5049,-2.3985, 3.0266,-1.4932,-0.5354,-4.5798,-3.5177,-0.1104, 3.7073, 3.0900,-4.8471,-4.3819, 0.6012,-0.7419, 0.6950, 4.5359,-2.5967,-0.5589,-1.2530, 3.5287,-3.9505, 4.9098, 4.2909, 3.9590, 3.3143, 0.8717, 1.2339,-3.0428, 1.0477,-2.5979, 3.4967,-0.0226,-3.2221,-0.5811,-1.1018,-4.0597,-4.2790,-1.4132, 0.5246,-2.7824,-2.3152, 3.0914, 2.3733, 1.8513, 3.9136,-2.7148, 0.5385,-4.4971,-2.7108, 1.9639, 1.2605,-3.2252,-0.3453,-4.7379, 0.5102, 4.5515, 1.5360,-2.7957,-0.7644, 1.0422, 4.0043, 2.7764
-3.7569, 2.3109,-0.6704,-4.3682,-2.8415,-0.0624,-4.9858, 4.1371,-1.3861,-4.6916,-2.1648,-0.1083, 1.1875, 4.7201,-3.7150, 4.2848,-3.2448,-4.7678, 4.7725,-0.3105,-4.7155, 3.2614,-4.7954, 0.6452, 2.5513, 4.0613,-2.8374,-0.6113, 0.0296,-2.7391, 1.4490,-1.7493,-0.2618,-3.1414, 1.2177, 0.6235,-4.8501,-4.8967,-1.0463, 1.7785,-1.9307,-1.6448,-0.1761, 1.2360, 3.2425, 0.4238,-2.9994,-0.6189,-4.3753, 4.8703,-1.7482,-0.7994,-2.2993, 3.6321, 1.8349,-4.3004,-4.1784,-4.7106,-3.1531,-4.0553, 0.3369,-2.0036,-1.8940, 4.6749,-2.0728,-2.5994,-3.9730,-3.9383,-1.5818,-3.0868
-2.0981, 3.9651, 1.0724,-1.8553, 0.9585, 4.1859, 2.0026, 2.4491, 3.9128, 4.7326,-0.1785,-4.8021,-3.7371,-4.7874, 2.3781, 0.1121, 1.5433,-0.3320,-0.1606, 0.0876,-2.6683,-0.5227,-0.9787,-3.7549,-0.3900, 3.9182,-3.8138,-4.5054,-3.1837,-0.1371, 0.1340,-1.4398, 3.4550, 0.3195,-3.2192, 4.7295,-2.5078, 0.4262, 1.3227,-0.8772, 4.3539,-0.0359, 1.6744, 0.6013, 4.4621, 3.2107,-1.0166, 1.0783, 3.1281, 2.0880,-0.4534,-1.2383, 0.3353,-0.5724,-0.3047, 1.1846, 2.9143,-2.9475,-4.6717,-2.3306, 0.5962, 0.4595, 1.2210,-2.8420,-3.4431, 4.7879, 3.4819,-1.7106,-0.9599, 2.6326
-4.0288,-3.8020,-2.5579, 2.4096, 0.3009, 2.7290,-2.9806, 2.8932,-4.5500,-0.6709,-3.2334,-0.0786, 1.2749,-3.9005,-0.5805, 3.3745,-3.5646,-1.9304,-1.9991,-0.3889,-2.9943,-2.6289, 1.3637, 1.3410, 3.8740, 4.6250,-2.5410, 4.4858, 4.6327, 4.8021,-1.9260, 4.6892, 4.4285, 2.7823,-1.0767, 3.4171, 4.1698, 3.8048, 3.4131,-4.5166, 0.1656, 0.3532,-0.2727, 4.2666, 2.4091, 3.6342, 0.6087, 1.6720,-3.4979, 0.6111,-0.3728, 1.7632, 3.4462,-3.4655, 1.4607, 2.3463,-4.6578, 3.2269,-1.3824, 4.4030, 0.8053, 1.0519,-0.7981,-4.7623, 2.9670,-4.5658, 3.4834,-3.2198, 4.3111, 3.4937
-4.6360,-3.3953, 0.1294,-0.0869,-0.5252, 1.5997,-2.9137, 1.9540,-2.5938, 0.2868,-4.3289,-4.1076,-4.0236, 1.3154,-3.4532,-0.5552, 4.7894,-2.7583,-2.8953, 2.8199, 2.1399, 2.3316,-3.0025, 3.7771, 0.7818,-0.1349, 2.2512, 1.3564, 2.2648, 2.1973,-3.2063, 1.9496, 1.5644, 4.9124,-4.2024, 0.6612,-4.2080, 3.6151, 3.4863,-1.7510, 4.8285, 2.6702,-0.5084,-0.0720, 4.2888, 3.0837, 2.0634,-3.6415, 4.5008,-2.0760, 1.3118,-4.8043, 2.7567,-2.8060, 4.8330, 3.4378, 4.0372,-2.9060, 0.5425, 0.6683, 3.7298, 1.6490, 3.5758,-0.2222,-1.5373, 2.8838,-1.8306,-3.3704, 2.3382, 0.6502
 4.4626,-0.4845,-0.5771,-4.5586,-3.1105, 0.9657, 4.3942,-2.0970, 0.0386, 2.5088,-4.2964, 4.0408,-3.9717,-0.3373, 0.8006,-2.8855, 2.2474,-1.4365,-2.3115, 1.3724, 4.7098, 4.9657, 1.6623, 3.7851, 2.5276, 0.4486, 2.3518,-1.6768, 2.4420,-3.5962, 0.5590,-3.0955,-3.6493, 2.2272,-3.6912,-3.2841, 1.3679, 3.1727,-1.7016, 2.6041,-2.2412, 0.8973, 2.2240,-2.9154,-2.8911,-1.6181, 1.6011,-3.9021,-4.0493, 3.5416, 2.8849, 4.2753, 0.5393,-3.3181,-4.5722, 1.0669,-0.8104, 2.8790, 4.3664,-4.5179,-1.4813,-0.7183,-0.1235,-4.7228, 3.1444,-0.7310, 0.0523,-0.1399,-0.4259, 0.4666
-2.8446,-0.6793, 2.1645, 1.0799, 1.4315, 1.7485, 2.7154, 4.7367, 1.2443, 4.5373,-4.5007,-3.9187,-4.1955,-3.8178,-2.5114, 2.5182,-3.8344,-1.0227, 0.1777,-1.3907, 2.4348,-1.4423, 2.5926, 2.8574, 1.1500,-2.4748, 1.3487,-2.9936, 4.3607, 0.5595, 1.1189,-2.0948, 4.2622,-4.9309, 0.8001,-0.9214,-1.1166,-3.0149, 1.3722,-2.8918, 1.0738, 0.7361, 3.3408, 2.1867, 2.3541,-4.4964,-4.3466,-0.9017, 3.7422, 2.3384, 2.7348, 0.6789,-0.3350,-2.9128,-3.1117,-0.2457, 3.6250, 4.2857, 4.1361, 1.1334, 4.7129,-0.5670,-1.0465,-2.9394, 0.2209,-1.2735,-3.2315, 0.8810, 0.3282,-1.4952
-4.0853, 4.0948,-2.7700, 0.4814,-4.5341,-0.1105, 0.5945, 1.2282, 3.5291,-0.1383, 1.4443, 4.5190,-2.8138,-2.5142, 4.7404,-2.9974, 3.8515, 4.3146,-2.7529, 2.9017, 1.4861,-0.2976, 4.1139, 3.1970, 0.6921, 4.8799,-3.0845, 0.3073, 2.9210, 1.7665, 0.6953, 1.9535, 2.9824,-1.1773, 1.8753, 2.1895,-2.2328, 4.8884, 0.3009, 2.3022,-3.8492, 2.9643, 0.3653, 0.6290,-0.1279, 3.3265,-2.0267, 3.5564,-3.5838, 1.6861,-2.3826,-0.8075, 0.8425,-0.3093, 3.4839,-0.4353,-3.4189, 1.8253,-1.8064,-3.9026,-4.2241, 3.0511,-2.6912,-3.2851, 3.1602, 0.2366,-4.3992,-4.6372, 2.2292, 0.7137
-2.8495,-2.8844,-3.0401, 3.4658, 0.8115, 2.0363, 3.5651, 4.6192,-2.9939,-2.5257, 4.0313,-0.1669,-4.3946, 3.0733, 2.6061, 0.6921,-4.0506,-0.5210, 4.7008, 4.4628,-2.5624, 0.2711,-1.3711, 0.0422, 0.2582, 3.6702,-2.0409, 1.2536,-0.2552,-2.5403, 0.3131,-0.1738,-3.8272,-3.9831, 1.0193, 3.6555, 1.7209, 1.1492, 4.7561,-0.9611, 3.0597,-3.8435, 0.8572, 0.3493, 3.5549, 2.2232,-2.1610, 3.5704,-0.3575,-2.3346,-2.5899,-0.9261, 2.2002,-1.2811,-0.3753, 4.4749, 3.6158,-0.0009, 1.3910,-1.4012,-3.4250,-0.8775,-4.0503,-4.0322, 3.1583, 0.5275, 4.2642,-1.7070,-1.1899,-4.7682
 1.0443, 4.2675, 0.0546,-1.2982,-1.8545,-3.0560,-0.0313, 1.2627, 4.9438, 2.1695,-1.1238, 4.8487,-1.9362,-1.5416, 1.7072,-0.1997,-1.7836,-4.7909,-0.5436, 3.0660, 0.4067, 4.5092,-4.1042,-1.9573, 1.9449, 2.5650,-0.4475,-4.8306, 1.7183, 3.2403, 1.6538,-1.1561, 4.1647,-2.3500, 1.7081, 3.3097,-3.7788,-1.2396, 3.2766,-2.7431, 1.3304,-4.6748, 2.6426,-0.4647, 0.5416, 1.9680, 0.2674, 1.3766,-1.1214, 4.4869,-0.8522,-1.4621,-3.3597,-4.9860, 4.9043,-1.6882, 2.7699,-3.3284,-2.0328,-4.8392,-2.7385,-3.9182,-4.0129, 2.4761, 2.6827, 0.5469,-4.8761, 4.0608, 0.0817,-2.9188
 2.0357,-4.8545,-1.0820,-2.1518,-2.1511,-3.2938, 4.9065,-4.5462,-0.6750, 3.1699,-0.9653, 0.8626, 4.3348, 2.0701, 0.1909, 4.2339,-3.0250,-3.9280,-2.3849, 2.3308,-4.2727,-4.8989, 4.8339, 2.6851, 3.1800,-3.5957, 0.3425, 2.8025,-2.1459,-0.2522,-4.3138, 0.0872, 0.4563, 0.8045,-4.5366, 3.8789,-4.0214,-3.7858,-0.3830,-4.7720,-4.0902,-1.6817,-4.5189, 0.0251, 0.1967, 0.0967, 0.1809, 1.7734, 1.9443,-0.0886, 0.9674,-2.6117, 2.2281,-0.9524, 2.1523,-3.7323, 4.6313,-4.7786,-1.6628, 0.9468, 2.3442,-1.0090, 0.6915,-3.9509,-2.7169, 2.1459,-3.9687, 2.0326, 1.2685,-1.8503
 3.7878, 0.5932, 3.2340, 1.3699, 4.1599, 3.5455, 3.0561,-0.6707,-3.7105, 4.2938, 3.7900,-0.1164,-0.2068,-0.4199, 4.3205,-2.7279, 3.0761, 1.0457,-0.4208,-0.2119,-2.5787,-2.3305,-0.2964, 3.7525, 3.3595, 0.1698,-3.2542,-4.4507, 3.6481, 1.1433,-4.8634,-4.1490,-3.1852, 2.5151,-1.1735,-0.8154, 1.5559, 1.4709, 0.7546,-1.6882, 1.4693, 4.6185, 1.3863, 3.2031, 2.2487, 2.1504, 2.3749, 2.3485,-0.0086, 2.8628,-2.1115,-2.0575,-2.8891,-0.0681, 1.0018,-4.5494,-4.8977,-3.5807,-3.0282, 4.9418, 3.4848,-2.5832,-3.6038, 4.1800,-1.1677, 1.1111, 0.0345,-3.5338, 1.5509,-4.2249
 0.7001,-0.8466, 2.7518,-3.6382,-3.6674,-4.4831,-2.5530, 4.5845,-3.2315, 4.9373,-1.2420, 3.9791,-3.1052, 1.8535, 3.5902,-3.0133,-4.5245,-4.8299,-1.3701, 1.7832, 1.0481,-0.9487,-4.1017, 0.0409, 3.1516,-0.8597,-4.2963,-3.7449, 2.1572,-0.4811,-3.3907,-0.5012, 3.5651,-0.4076, 2.6691, 4.3107, 3.2216, 1.6004, 3.7513, 0.2994,-4.4743,-4.9330, 1.3336,-2.6738,-2.5943, 1.1124,-3.0936,-1.7058, 3.1010, 2.3580, 1.6555,-0.9333,-4.2995,-1.9318,-0.1041,-0.0379,-0.7751,-1.1892,-0.8120,-3.9073, 4.3867, 2.9026, 3.2150,-1.6017,-1.2335,-4.2085, 2.7846, 2.3757, 3.1394,-1.5563
-1.8092, 1.1905, 4.5673, 1.9629,-4.6754, 0.9646, 3.9650,-2.9382, 3.6351, 3.9815, 1.0689, 3.2909, 0.4239, 2.2868,-2.9086,-3.5840,-3.5424,-2.6460, 2.1923, 3.5795,-4.1153,-4.5267,-2.4801, 3.4270, 2.8915,-3.0151,-0.9439, 3.7344,-2.2952,-4.0006,-2.6300,-0.2296, 1.3610,-0.3065, 4.1203,-4.7296, 2.5016,-2.7060, 1.2367,-2.6397, 1.5577, 1.6624, 1.6750, 0.2904,-1.6265, 3.8099, 4.7637,-2.6913, 4.0684,-0.7101, 1.9096, 4.0356,-3.9561,-4.2442,-0.8828, 1.8232,-3.5572, 3.2640, 3.0877,-3.5098, 1.9411, 4.1231,-4.6947,-4.7712, 0.2543,-0.3325, 3.1353,-3.1316, 0.8446,-4.8471
-1.9958, 0.6863,-2.9553, 0.6194, 2.1925,-0.0452,-2.1369, 3.6008, 1.5940,-4.4700, 4.7207,-0.6359,-3.3477, 3.2544, 0.7465,-3.8440,-3.4438,-2.8671, 1.5365, 1.9231,-3.7581,-4.3826,-4.9296, 1.8597, 4.2777, 0.8051, 4.1496, 3.0149, 1.5061,-4.5787,-1.2244,-1.3283,-2.9369,-2.2779,-1.6821, 4.0355, 1.2069,-2.0493,-0.8382, 1.3690,-0.0676,-4.0752, 2.0891,-3.7343,-1.1542, 0.9073, 2.9224, 3.1220, 2.6724,-4.4468, 1.6207, 0.7047, 3.9777,-2.4715,-4.5778, 3.3310, 0.8026,-3.0765, 3.0593,-2.4620,-1.4528, 2.4767, 0.2005,-0.8318,-3.6332, 1.3919, 4.9278,-0.1363,-4.9465,-0.6322
 1.9538, 4.3033,-2.7841,-1.5514,-0.3873,-3.5406,-0.8821, 0.1061, 0.1041, 1.8789, 1.3385,-2.3294,-0.6196, 0.4757,-4.9748, 4.7906, 2.2707, 0.0889, 2.6625, 4.3202,-0.7340,-0.2306,-4.5324,-3.4486,-0.9209, 2.5539,-4.1850,-1.3949,-0.0945,-1.4480,-2.3979,-1.4261,-3.4752, 2.4971, 3.9723,-4.3723,-3.5096, 2.6756, 1.0569,-4.3126, 3.3147, 3.8188, 4.2483, 2.4685,-2.4702,-2.8559, 3.4078, 1.5510, 3.1445,-4.0724,-4.1239,-0.8074, 1.8685,-4.1983, 2.8718,-1.1476,-0.2293, 4.8857, 1.7104,-3.3040,-1.5987,-4.4442, 0.4723,-2.6372,-0.0561,-4.4840, 3.9523,-1.9611,-0.8133,-1.2395
-0.8822, 1.3095,-0.8221, 1.1900,-3.6588,-2.4665, 4.5056,-4.1363, 3.1847, 1.3014,-1.6300,-0.9214, 2.5100, 1.5607, 3.6581, 2.4850, 4.5825, 4.1094, 0.8787,-3.8257, 4.2431,-3.9484,-1.2321,-4.6215,-4.7630,-1.8780,-1.6413, 1.3944, 3.3568, 1.6927,-3.6845, 4.8479,-1.3894, 2.2330, 3.4873, 0.0114,-0.0378, 4.0259,-3.7393,-4.5216, 0.9677, 0.8698, 4.7290, 3.6290,-2.2273,-4.5750,-2.9459,-4.0633, 0.5818, 4.0258,-3.8292,-4.4890, 0.0987, 1.6348, 2.8748,-2.7612,-1.8906, 2.4009, 2.8614, 0.9210, 3.4987,-3.7941,-4.9001, 2.6268,-4.1562, 4.4737, 3.1894,-1.2056, 3.5020,-2.3282
 3.9262,-2.5654, 0.3750,-2.6456, 4.8607,-4.0170,-0.2220, 4.1565,-0.8376, 4.3040, 4.1838,-3.7831, 1.8737,-0.3185, 1.0523,-4.3423,-3.2977, 4.9175, 2.6013, 1.8565, 4.8901,-2.8692, 0.7510,-3.8815,-2.5695, 2.3981, 4.5904, 3.7344, 0.4537, 0.3262,-3.0024, 0.9957, 0.9206, 1.5602,-0.1115,-4.9623,-1.8235,-3.8409,-3.0270, 3.3904,-4.3596,-1.2002, 4.8603, 2.8571, 3.4513,-4.7024, 2.5875, 1.9703, 2.8106,-4.3890,-4.4567,-3.8982,-0.3857,-0.3547, 3.9652,-0.7371,-2.5508, 4.2043, 4.4581,-1.7317,-2.3530, 3.6030,-3.8812, 1.2949, 3.0738, 0.7149,-2.2907,-4.3553,-4.7470, 3.2141
 0.5499,-0.4626, 3.4690,-1.9901,-0.5933, 1.1111,-0.9887, 3.4807,-3.1941,-4.6354,-4.8533,-3.1656, 4.8610, 2.1926,-3.2382, 2.0946, 3.5776, 2.4767,-2.1619, 1.2278, 2.5562, 4.5466,-2.9264,-4.8424,-1.3631,-2.6365,-0.4263, 4.2159,-4.3976, 1.2568, 1.3672, 0.6612,-2.1304, 2.5392,-2.4928,-1.7603, 0.2636,-3.6030,-0.8472, 3.2234, 0.2072,-4.3900, 0.4213, 3.0408, 1.1040,-0.4902, 4.2438, 1.0233,-3.6366,-4.5674,-3.9083, 4.2985,-4.2143, 2.3492, 1.7729,-2.2386,-0.0939, 0.8972, 3.1857, 0.0871, 1.2577, 0.8165, 2.3014,-4.2667, 3.0295,-4.1445, 2.3949, 1.4331,-1.9964, 0.9786
-0.4487,-2.9127,-0.8732,-3.6474,-0.9004,-1.1962, 3.0069,-1.8365,-3.8313,-2.0740,-3.7053, 0.7770,-1.4874, 1.6102,-1.3563, 2.5596,-2.2782,-1.9614,-4.2193, 2.4060,-2.7948,-4.6809,-3.0219, 0.8585, 2.0299,-1.6736,-3.5860,-2.2742,-0.8938,-4.9554, 0.8326, 1.4964,-2.7853, 1.9758, 4.5025,-0.9399, 1.9077,-2.6521,-3.1435, 1.7450,-3.5944, 3.7567,-4.2899, 4.6176,-2.7162, 1.0556, 1.7240, 4.8496,-2.0654, 2.5396,-4.5781, 0.3378, 2.0170, 0.7528, 4.3733,-0.0250, 0.1340, 2.9098,-1.4007, 4.8967,-1.8148,-1.7964, 2.2364, 1.3141, 2.9353, 4.6756,-1.6117, 2.3354, 0.3299, 1.3255
 0.6973, 2.6843, 2.8616, 4.8454,-3.1284, 0.1967,-1.3743, 1.4777, 4.9483, 2.7688, 3.0866,-1.9745,-4.1807, 2.3936, 4.6545,-3.9992,-0.6171, 1.1063, 1.2955,-4.6671,-3.9093,-4.2448,-0.0567,-2.9181, 2.1229,-0.6178,-0.8005, 4.1030, 0.4588,-2.4185,-3.0317,-2.8754,-0.5978, 3.2351,-3.3950, 4.6582,-4.4527, 4.1921,-2.2028,-2.6676, 0.1874, 4.9808,-4.6934,-4.6116,-1.8206, 3.5599, 0.3074, 3.0892, 2.1910,-3.3669,-1.9844,-4.1928, 0.6998, 3.5205, 2.0275,-2.3802,-4.7173,-0.0426, 1.4273,-1.8033, 1.9742,-1.1871, 3.9579,-1.0473,-4.0398,-1.5775,-1.3095, 3.0071, 4.3745,-0.4600
 2.0542, 3.7886,-0.9419,-2.9995,-0.9204, 0.0275,-2.3589, 2.6035,-2.1706,-4.1918, 4.2463,-0.6692, 1.9625,-0.1162,-1.1242, 4.5008,-3.4595,-4.3695,-0.7468,-1.4630, 0.0950,-2.8014,-1.7876, 0.2003, 3.6342,-1.6051,-1.3210,-0.1713,-2.3110, 1.9689, 3.7197, 4.5395,-1.7795,-4.6002, 3.0617, 0.3552,-2.0965,-4.7298,-3.7671, 4.3901,-2.2751, 4.2524,-0.4384,-2.3869,-3.2587,-0.8289,-3.8488, 3.6769, 2.6657, 2.5322,-3.2113,-1.4526,-2.1358,-2.6098,-0.4131, 0.2824,-4.6258, 3.8406,-0.2696,-4.3469,-2.5171, 1.8188, 0.1358,-4.4130,-4.6965,-1.1672,-4.7462, 1.4720,-3.9429, 3.9213
