-0.9470, 3.6738,-3.7411, 3.3057,-1.3616, 4.0950, 1.0947, 1.6064, 0.1265, 3.5491, 4.3529, 4.6128,-0.9630,-4.7862, 2.1119,-0.5596,-4.9051,-4.5563,-1.7577, 1.0229,-3.4616, 1.1023,-1.0361,-3.1065,-0.9808, 4.1921, 3.7970, 0.5193,-1.4949, 0.7176, 2.7496, 3.7407,-1.3894,-1.9135,-2.3299, 2.5197,-4.4254, 0.2623, 0.4823, 0.3507, 1.3023,-0.2401,-1.3740, 4.9840,-3.7861,-1.0391, 0.2099, 3.1693, 1.7054, 4.2506,-3.7295, 3.6965,-3.6660,-4.3453,-1.5170, 4.7099,-0.1694,-4.6412, 2.9838,-0.1753,-2.9865,-0.3393,-4.6610,-3.6412, 1.5135, 4.2074, 0.0151,-2.3449,-4.8963,-1.7397
 4.8915,-4.0220, 4.9919,-3.1506, 1.5082,-0.2614,-0.1952, 3.2960, 4.3497,-4.4359, 3.5854, 4.4559,-3.5144, 1.3881,-4.1753, 4.8046,-1.2867, 0.7381, 3.1277, 3.0235,-1.3657,-0.9243,-2.0697, 0.1227,-2.7602, 3.9410, 3.4042, 4.5984, 4.5941, 3.4232, 4.9405,-1.6891, 0.1022, 4.6254,-2.1909, 2.1701,-0.7777,-1.4432,-2.7922,-0.8382,-0.3056,-1.0162, 3.2680,-2.7260,-2.8657,-1.9084,-1.6919,-4.0895, 1.8590,-1.7141,-4.4963,-3.1852, 1.5163, 2.2159, 4.1984, 4.4909,-3.1667,-1.3441, 1.8411, 3.3797, 4.0976, 4.5802,-0.5420, 2.0422, 3.2114,-2.4219,-0.2966,-2.0469, 2.3252, 4.2052
 2.3575, 2.7472,-4.3964, 1.9532,-0.5058, 4.2544, 4.7647, 3.5574,-3.5350,-4.8041, 2.4301, 3.9388,-0.3327,-3.7723,-2.4842, 3.1187, 0.0352,-2.2956, 2.2111, 3.5855, 1.8804,-1.2349,-2.7751, 2.0004, 3.3359,-0.8988,-4.6414,-2.3958,-4.3921,-4.7748, 0.1923,-2.9119,-0.8380, 0.0267,-3.9230,-4.1754,-3.7162, 3.1170,-2.2189, 4.5254, 1.5188, 2.2553,-3.8829,-2.5316, 3.5950, 4.0181, 2.0043,-4.6156, 0.9610,-2.9659, 3.8627, 0.6724,-1.7546, 2.0119, 2.7966,-4.5936,-1.3016, 2.8308, 2.5299,-1.2454,-0.5520, 4.1359, 3.9882,-4.8187, 4.2511, 0.6089, 3.7283, 1.9381, 4.0770, 2.2721
-0.6337, 1.6265,-3.4411,-1.9282,-2.9990, 1.1461,-3.5373,-4.8918,-4.3591,-4.1508,-4.4018,-3.8177,-2.5258,-4.0790, 4.3004,-3.6482,-1.0908,-2.0028, 0.9303,-4.5643,-4.1198,-1.7369, 4.4014, 4.3231,-2.7156, 3.0373, 1.0470, 1.7029,-0.2148, 2.2027, 2.4582, 2.8349, 0.8961, 3.1401,-4.8163, 4.0453, 1.3281, 0.9724,-1.5639, 4.1801,-3.3495, 2.6175, 3.5112,-4.1077,-0.7432,-4.2128,-0.0107, 4.5248, 3.5654, 1.2433, 3.6685,-3.1806, 3.9722, 4.4826, 0.0945,-2.3267,-0.9640,-4.7964, 1.4400, 2.6801, 1.8535,-2.1908,-3.4288,-2.1551,-1.6358,-0.8119, 0.5695, 1.6904,-4.4055, 4.1674
 0.8296,-2.2346, 2.3165, 1.3436,-1.8020,-0.8710, 3.2265, 1.8601, 2.8911,-3.0686, 3.4847,-4.3510,-0.2941,-4.4993, 1.5402, 2.3724,-3.3144,-3.7543, 2.9749, 0.6379,-4.2426,-4.0550, 0.6721,-1.6313,-3.0662, 0.9847,-4.8341, 3.5610,-0.2297,-4.2127,-2.0236, 2.1411, 0.9772, 1.8728, 1.3526,-3.3359, 3.6896,-3.4631,-4.1496, 4.2250,-2.7799,-2.0679,-4.1514, 2.2796, 2.5910,-1.4932,-2.9514, 1.8380, 2.9565,-3.6943, 1.3829, 3.6843,-2.2470, 1.2443,-0.6087, 3.4818,-3.3938, 3.8865,-2.4693, 0.7962, 4.0767, 0.1712,-2.2675,-1.1047, 2.2923,-1.9859, 1.2827, 1.4762, 2.0325,-3.3106
-3.3288,-1.9995,-0.0611,-2.2318, 0.2600, 2.1263, 3.4099,-2.8736, 3.4989, 4.7967,-2.5648, 4.6477,-3.0034, 4.4898, 2.6809, 0.1613, 0.1772, 0.4835, 3.2565,-2.8197,-1.7815, 4.4428, 1.7072,-4.6087,-0.9146,-2.8589, 3.5578, 2.5998,-0.0735, 1.6447,-3.1892,-1.0255,-3.0315, 3.8183,-3.3251, 0.6388, 4.9393, 1.8001,-1.3486,-1.0984, 2.4664, 3.2565,-3.2473, 4.1520, 3.8124,-0.8746,-4.4829,-0.5158, 1.3412, 4.9605, 0.1963, 0.7686, 1.4045, 4.5993, 2.8546,-4.2559, 3.7271,-0.7587, 0.4889,-1.0982, 4.8748, 3.3355, 2.8709, 2.2474,-2.2956, 3.1546,-1.5083, 0.2975,-0.1739, 3.7111
 4.2293,-2.9242, 1.7100, 1.4541, 0.4437, 0.8689,-2.0657, 4.7626, 4.0413,-1.9488,-0.5885, 3.6336,-2.1505, 1.9555,-1.8801,-2.7324, 4.3633, 0.3544,-4.1889,-4.5282, 2.1439, 2.8126,-1.0854,-2.5920,-1.0962,-0.2815, 2.3352, 3.2218,-1.3118,-4.1603,-4.7233, 4.9528, 2.4657,-2.7474,-1.7809,-4.3203, 1.8285, 4.0535,-4.5521, 1.2205, 1.0489,-0.2664, 4.5202,-4.0038,-2.6250, 0.0617,-2.2820, 0.4879, 1.2318,-2.8078, 2.8375,-3.9119,-2.7109, 4.9055,-2.4971, 2.1619,-3.1477, 0.3069, 4.1210, 2.6066, 3.4429,-0.3151, 4.4087, 3.5334,-0.6860,-0.9279, 0.9914,-3.8671, 4.4532, 2.7512
-2.8497, 1.9863,-0.5421, 0.0499, 0.0276,-1.5942,-3.6428, 4.5440, 2.9177,-4.3683, 4.6473,-3.7138,-2.0048,-4.4948,-0.2009, 0.3983, 1.5768,-4.8035, 0.7425,-1.7800, 4.1611, 4.1447,-1.0386, 2.4678,-2.9964, 3.8631,-2.6968,-4.5208,-0.3507, 3.9571,-1.0882,-3.2523,-3.4024, 4.9183, 0.2589,-2.1664, 1.7563,-1.2822,-4.6595, 3.2170, 2.6709, 0.8313, 4.8769, 3.0133, 3.9801, 1.2109,-0.7690,-4.6114, 0.6481,-0.1495, 4.7802, 3.5028,-0.4946, 0.6538,-3.2815,-1.9570,-1.8390, 1.8397,-4.9987,-3.0825,-4.5597,-2.9207,-2.3516,-3.2974,-2.8831,-0.5201,-3.7813, 2.7733, 0.9832, 4.3732
-1.3917,-3.8867, 4.6389, 2.4157,-0.1164, 3.1226,-4.5962, 4.8143, 3.1766, 4.7196,-3.9666, 1.5755, 3.3713, 1.5871,-1.8416,-3.0108,-0.0677, 1.2954, 0.5459, 3.1310, 3.6551,-4.9986, 2.1308,-3.4087, 3.7534,-1.8732, 0.4526,-3.5107,-3.2314, 0.5754, 4.4480,-1.4221, 3.9299,-4.3522, 3.1279,-3.3373, 4.8063,-1.4901,-1.1202,-1.3295,-1.3433, 2.2363, 4.8922,-1.9756,-2.4875, 2.9845, 3.1726, 2.4280, 2.8527, 2.3352,-3.0584,-3.9361,-2.9078, 1.7032, 3.0172, 3.0978,-2.5847, 2.3897, 2.9949,-2.3439,-3.8419, 2.5378,-3.9889,-4.3085,-3.0071, 2.0020,-4.2170, 1.6063, 2.9462, 3.8610
 3.9704,-1.6889, 2.6625,-4.9741, 0.8591, 4.8483,-2.5071, 0.5565,-3.8468, 4.1003, 1.8896, 4.4959,-3.4470,-2.1960, 3.4626, 4.5921,-1.7377,-3.3614,-1.8214,-1.6259, 2.0399,-1.1658, 1.1427,-3.4347,-1.9038,-0.7993,-0.9340,-0.8561, 2.2327,-4.0809, 4.9497, 4.7108,-4.8198,-4.2932, 2.7037,-4.4199,-4.0604,-3.9184,-2.4146,-4.4221, 3.8021,-3.4936, 1.2331, 3.5833,-2.0296,-1.2097, 0.4934, 3.3385, 2.1905, 1.7345, 2.4569,-2.4103,-2.8243, 3.0319, 2.6756,-4.3851,-1.6065,-0.9532, 1.5957,-3.6250, 4.8448, 4.7042, 1.3615,-3.1566, 4.6972,-1.0672, 0.8535,-3.2232,-1.2365,-2.9495
 0.6694, 2.8251, 1.6087, 0.4751, 2.3141,-0.0627,-1.3499,-1.2980, 1.5615, 4.6722, 4.3774, 1.9630, 0.8468, 4.2639,-4.5572, 3.9406,-4.8475,-2.2902,-4.9064,-1.0468, 1.7689,-3.4619,-2.3606, 0.6546, 4.2050,-0.4571,-0.6481,-3.8072, 0.4220, 1.6200,-1.8653, 0.9065, 4.3843, 1.2641, 0.3341,-0.3937,-3.3005, 2.4254, 4.8914, 2.2557, 2.0603, 1.6074, 2.7254, 3.9747, 4.1686,-3.4427,-1.7582,-1.7792,-3.8408, 3.1361, 4.3087,-4.0073, 1.2368, 0.1880, 3.8487, 1.6803,-0.2801, 4.4525, 4.9494, 0.2815, 3.5408, 4.9665,-2.0162,-2.8274,-0.1563,-4.0174,-3.5926, 0.6487,-4.4542, 2.8310
-3.1877,-3.5468,-2.8822,-4.3612, 4.4363, 4.0726,-4.4283,-3.9677, 4.7366,-3.5524, 4.8805, 0.2651,-0.6507, 2.0890, 1.7235, 0.9403,-4.2449,-1.0622,-0.6742,-0.8520, 4.6651,-0.5198,-0.1077, 3.9909, 3.4669,-3.6076,-1.1424, 2.9827,-1.7956, 4.0172,-3.6206,-1.2063, 3.4026,-3.7499, 4.4664, 4.6595,-1.6312,-3.2083, 3.6839, 0.4407,-3.1000,-3.8078, 4.0324, 2.6803,-2.7854, 0.5910, 0.4268,-0.2322,-2.4800, 2.8065, 2.1714, 2.1169,-1.4453, 0.9809,-2.4827,-4.1935, 3.0268,-0.1588,-3.0639, 0.0001, 1.4409,-3.6705, 4.9645, 2.8049, 4.7294,-0.2657, 0.2222,-0.0106, 1.9837, 1.1185
-0.6754,-4.6436, 1.1778,-3.6026,-0.6159, 4.7452, 2.0203, 4.7311, 0.4980, 0.4149, 1.4157,-0.4483,-2.7447, 3.9313,-4.4354, 1.7370, 3.1184, 0.8767, 4.2316, 4.4197,-2.1221,-3.7345,-2.6203,-4.3566,-4.6057, 3.3375, 4.3397, 1.3404, 4.7245,-2.2910, 1.5102, 1.3415, 3.3242, 0.0568,-2.5407, 1.4402, 1.7803,-4.3308, 1.0250,-2.5801,-0.1543,-2.2418,-2.3267,-0.8661, 1.7440,-3.6035, 2.9116, 4.5425,-0.7830, 3.6406,-4.2092, 3.6109,-4.1105,-3.8301, 4.9983, 3.9051,-1.7602,-0.2280, 1.6679,-0.5664, 2.2169, 4.6628,-3.2789, 2.3702,-4.2649,-0.8538, 3.0369, 4.4322, 3.0340,-2.5815
 0.2729, 4.3018, 0.5635,-1.8071,-2.0452,-2.0548,-0.1394,-2.2733, 2.5833, 1.7724, 2.2020, 4.2472,-0.3092,-1.2926, 2.1491,-2.9026, 3.4978, 1.2219, 0.2013, 4.5345,-4.9047,-3.7978,-2.6556,-4.8626, 1.2856,-2.6946, 2.9916,-3.7375,-2.8115,-4.2704, 3.6327, 3.3213, 4.7281, 3.0671, 0.1112, 3.6016, 4.0107,-4.2895,-4.5376, 0.8860,-0.3426, 3.4542,-0.9369, 1.7763,-0.5772,-2.0552,-1.5993, 3.7197,-0.2907,-4.1976, 4.0387, 2.3508, 4.5578,-3.4056, 4.0400,-1.8817,-1.8975,-1.2382, 0.1797, 4.5498,-0.1501, 4.9224, 4.3997, 3.5532, 3.2022, 3.5964, 2.2599,-2.8976,-2.1007,-4.3039
-2.8217, 2.9877,-2.7504,-2.0390, 1.2994, 3.6238,-2.6190, 1.5376,-4.9867,-4.1911, 3.0825,-2.4784, 3.9600, 4.6788,-4.0098, 4.3328,-0.0249,-2.2837,-3.0361,-3.1289,-2.7486,-1.5430,-2.1241, 0.7239,-1.4266,-1.5804, 3.2988, 1.0757,-4.6216, 0.5051,-2.6177, 4.3093,-0.8006, 2.9968,-4.3341,-0.0808, 4.6656, 0.0875, 4.2968, 4.1787,-3.0929,-2.6127, 3.8862, 2.6575,-1.0571, 2.0501, 4.9493, 2.5030,-4.9434,-1.7437, 0.1897,-2.3066, 2.1378, 3.0938, 2.0518, 1.1818,-4.0898,-1.1114,-1.3507, 3.2060, 2.2319, 4.0270,-4.9953, 3.7520, 1.5865,-3.7529, 3.3752,-1.2404, 2.4579, 2.7974
 1.0698, 1.8502,-4.4352,-3.2945,-4.1804,-0.1506,-0.5729,-0.7977,-4.7324,-1.2266,-3.9653,-2.5501,-0.6240, 0.5700, 0.1185, 4.3225, 2.8857, 4.2451, 4.0724,-4.5180,-2.4897,-3.6968, 0.3704, 2.8193, 2.9803, 2.2074,-2.2774,-2.8669,-4.1041, 3.9305,-4.5195,-4.1255, 0.5054, 1.3190, 1.7701,-0.5235,-2.8541,-2.3674,-4.7263, 4.8596,-3.0728, 4.4046,-1.9389, 3.5336, 1.0166, 1.3406, 2.9374,-2.1400, 4.4737, 0.7032, 3.1775,-3.6041, 4.8505, 0.7528, 4.9340, 2.1761, 3.8184, 1.8639, 3.5343, 3.8956, 2.7541,-3.0654, 0.2786,-2.8409,-1.3280,-3.2907, 2.6374, 0.8380, 1.6738, 3.6728
 0.2634, 2.4400, 4.9824, 1.7128, 4.1103, 3.7753, 1.8774, 0.2542,-0.6618,-2.6722,-2.5918,-1.1009,-1.7930, 2.7093, 3.8835, 0.0115, 2.0236,-2.4902, 4.6747,-3.0690, 1.8798,-2.1798,-0.0699,-4.3849,-2.7962,-3.3667,-1.3065, 1.4519, 2.3383,-4.6319,-3.4118,-3.1354,-1.4635, 2.8186, 4.6431, 1.3113,-3.9630, 2.8641,-1.8473, 0.3952,-2.5059, 1.3244, 1.4805,-4.0471,-0.7598,-1.4024,-1.8915, 3.7919, 3.4949, 0.6820,-1.3100,-4.1331,-0.5633, 1.3289,-0.8214, 0.8216,-3.9935, 4.8030,-0.8657,-0.2570, 1.9790, 4.2193,-2.3609, 3.5781, 1.3744,-2.2650, 4.5743, 1.9914, 4.1027, 3.4036
-4.7039,-0.0444, 3.0922,-3.4777,-3.8846,-3.3286,-1.3681, 3.4779, 4.8912,-1.3768, 4.3937,-4.2936, 2.7171, 1.6252, 2.0837,-1.5073,-0.1563,-4.9184, 1.9641, 0.0268,-1.0294, 3.4227,-2.6297, 2.0633, 3.6090,-3.5580, 0.0369,-3.2466,-2.5378,-1.3843,-0.8260,-4.7911, 1.4401,-2.0578, 4.1230,-4.6367,-2.6456,-2.0548, 2.3765, 1.6432,-1.9034,-3.6750,-0.6483,-4.1891,-1.9905,-0.1448, 0.9184, 0.6256, 1.6441, 2.4361,-2.6695,-0.9949,-3.7358,-2.6935, 0.3431,-0.7291,-4.4800,-3.4462, 1.0453,-2.8622,-3.0241,-4.2428,-4.6786,-0.3102,-0.1892, 4.4956, 2.6410, 2.2668, 2.7018, 0.0983
-0.5174, 1.9683, 4.8511,-1.9225,-0.8290,-1.9637, 4.3074, 3.4012,-0.0150,-3.0378,-0.4059, 0.1714,-3.1427, 0.0570, 1.2609,-2.7576, 3.9123,-4.1364, 4.7579,-0.9734,-2.6334,-4.9978, 4.3418,-2.3762,-1.2453,-1.8976,-4.9238, 4.0488,-2.3923, 3.8982, 3.7755,-0.3444,-1.2066, 4.3936, 0.8157, 3.7131,-0.2465,-1.4075, 3.8543,-3.6797, 4.1071, 3.4193,-4.2819,-2.1408,-1.7237,-1.2535, 2.6985, 4.1917,-1.0036, 0.4588, 4.6082, 1.9563, 0.9901, 2.3394,-1.0512,-3.1060,-4.2127, 2.7987,-2.4415,-4.3384,-0.9211,-0.1039, 4.3109,-2.6970, 1.9643, 3.8955, 1.2846,-2.1103,-0.6894, 4.7971
 2.6732,-4.5265, 3.7476,-0.7709, 1.9803, 4.6210, 0.7571, 1.7021, 3.2950,-2.0035, 4.1684,-4.3235,-0.4374, 0.4514, 1.5716,-3.0797,-2.3348, 4.5221,-0.2668,-1.4221, 0.9007, 4.4345,-2.9065,-4.0297,-2.9126,-4.5710,-2.8588, 3.9050,-0.9147,-2.2935,-1.0436,-3.2645, 4.6888,-4.7378, 4.2060,-1.0643,-3.3086,-1.0838,-0.5479, 0.1195, 4.1982, 4.0610,-0.1412,-2.8802, 0.6099,-3.7907, 3.4878, 1.4361,-1.5872,-2.9235,-1.5297, 1.6388,-1.8133,-1.1187, 0.5431, 4.8988,-3.4131, 2.7670, 4.9996,-1.8280, 0.0272,-3.3866, 4.1978, 3.1627, 1.2207, 2.4194, 0.0080,-1.2230,-2.3859,-4.6986
 1.4669, 3.4528,-4.9614,-0.9909, 3.5287,-1.7598,-3.7059, 4.1912, 2.1871, 1.0434, 2.3459,-1.0470,-4.5929,-1.3009, 3.5729,-2.9967,-3.1835, 1.3082,-0.1106,-0.2791,-4.8747,-3.2593,-3.2089, 1.3898, 3.3645,-2.7690,-1.2751,-3.8918, 4.0759, 3.3790, 4.0514, 0.8285,-1.4158,-1.3660, 4.0893,-1.5470,-0.6310,-3.8951,-1.8654,-2.8132, 0.0851, 2.8283, 3.4616,-1.1174, 2.4947, 3.7036, 1.5509,-2.1632, 2.6984, 4.6521,-4.6889,-3.7057, 0.5618,-2.8045,-4.8665,-2.3641,-0.9402,-1.5494, 3.9982,-0.9027,-1.7642,-3.7607,-2.8331, 2.9787, 4.9894, 3.9022, 2.4035, 2.8603, 0.7221,-2.2739
-1.9980, 3.2886, 1.0523,-3.1017, 2.7490, 3.9525, 0.4785, 4.6426, 2.1814, 3.0933,-0.1749,-2.7363,-4.7886, 2.0247,-0.5903, 2.9653,-0.5996, 4.7543, 2.8319, 0.3632,-4.0502,-4.9071,-0.6367, 3.1195,-4.2082,-3.6212, 0.8581,-2.4299, 0.4004,-2.3121, 3.2354, 3.4182,-0.7677, 0.2144,-4.2055,-3.4313, 2.2362, 0.3483,-2.7236,-1.5066,-2.3407, 0.5600,-1.5525,-4.2432,-3.6083,-0.4093,-4.3201,-2.4181,-2.9461, 1.8509,-3.0410,-2.3939, 0.1731, 0.4642, 4.0939, 3.6727, 1.7887, 3.5663,-3.2959, 1.4121,-2.6854,-1.5375,-4.3532,-3.2352,-3.0503, 0.4231, 3.6279, 3.7231, 0.9631, 0.4453
-2.5775, 4.2257,-0.5804,-2.2239,-3.3390,-3.4568, 4.5809,-0.6309,-0.2078, 0.6450,-3.6505, 2.3610, 2.9678, 2.8206,-4.9837, 4.9287,-2.4725, 3.2901, 2.5960,-4.3487,-0.9106,-0.5751, 4.5073,-3.7198, 0.2991,-1.9351,-4.8382,-4.3736,-2.5677, 4.2927, 1.6509, 1.4813, 4.7589,-3.3363, 1.6256,-4.1090,-3.1373, 2.5389,-0.4715, 4.7855, 3.2575, 0.2274,-1.8103,-4.3580,-0.4629, 2.7041, 2.0057, 2.6983,-3.1330,-0.4414, 4.6067, 4.6473, 0.0826,-1.2767,-0.9722, 4.8923,-4.9316,-0.2935, 1.9669,-1.1501, 2.6844, 1.6441, 1.6587, 2.8804,-2.2827,-0.6249,-1.8743, 2.4861,-4.1629, 3.1935
 2.0069, 3.8422, 0.7506,-3.7978,-2.9200, 0.5278, 1.6155,-3.9644,-2.5688, 2.4323, 2.1560,-3.8903,-1.6387, 2.0419,-4.3222,-3.0791,-2.1716,-1.7559,-1.7920,-2.3795, 1.9196,-1.3721, 4.8888,-0.9671, 3.1905, 2.3269,-3.8401, 0.4739,-2.9438, 1.6240, 1.9500,-4.2303, 4.0112,-1.6357,-2.4803,-3.8967, 2.0416,-2.7600, 3.2528, 1.1281,-3.3249,-3.5330,-0.7589, 1.7816, 2.7592,-1.2173,-2.9724,-3.5486,-0.9837, 0.0668,-4.3005, 4.7961,-1.2586, 0.5675, 2.2302,-4.5391, 0.6598,-0.5821,-3.6439, 4.5814, 4.2938,-4.5457, 0.6474, 3.1108,-3.0768, 1.7586, 4.7214, 1.6322, 3.5355, 4.2477
-2.2826, 0.3465, 4.9891, 1.8045, 2.9006,-0.0311, 0.2825, 0.6285, 1.9521,-4.1116,-4.5801,-1.0128,-0.6191,-2.9462, 4.6230,-4.9434,-2.8003, 2.5463,-3.0655, 0.9421, 1.4018,-0.8053,-0.1929,-4.1143, 0.9129, 1.5516, 3.1445, 3.7093,-0.4933, 2.6266,-2.9465,-4.5814, 4.0915, 2.4921,-1.0070, 4.4836,-4.7627,-0.2695,-1.5429,-1.4942,-2.3712,-2.5665, 0.2940,-0.3913, 0.4932,-0.3315,-1.3825, 1.1808,-4.2828, 2.4239, 0.1678, 3.4785,-2.9487, 0.3222,-4.9261,-2.1617, 2.6862,-3.1426,-4.8408,-2.1238, 1.5609, 2.8975,-0.6896,-3.5494,-3.4804, 1.4950,-3.3324,-3.1862,-4.4794,-0.8235
-3.8130,-3.5962, 2.6280,-4.0453,-2.1194, 1.6621, 0.8804,-1.3550, 2.2854, 4.8100,-1.2084,-3.2700,-0.6121, 1.3077, 3.2797, 3.6210,-0.7792,-2.0717, 0.5947,-0.3080, 0.4339,-0.2011,-3.0502, 4.1806, 4.8053, 4.1231,-1.7408, 1.9616, 4.4413,-2.5553, 4.9801,-2.2606, 2.1477,-3.2229, 0.7635,-1.3238, 3.8138, 4.7143, 0.0306,-4.2750,-0.1054, 1.9881,-3.1138, 3.1890, 2.1300, 2.8834,-0.8169,-1.9645,-0.5367, 1.7716, 2.0294, 2.6930,-1.0259,-3.0026, 3.5238,-4.8089,-3.3435, 4.0126,-4.0873,-1.1966,-4.9337,-3.4544,-1.4726,-0.5235, 4.8663, 2.4372,-4.3483, 0.9597, 1.6113,-2.5963
-0.9889, 4.8288,-1.0088, 2.8061,-4.4241, 3.5669,-1.5937, 3.8591, 3.8109, 1.4444,-1.2142, 1.7495,-4.0295, 0.2767,-4.3461,-1.0948, 0.0806,-1.5761, 3.7205, 0.3423, 2.8091,-2.9582,-0.3673,-0.5047, 3.2156,-3.1118,-0.9827,-4.6067, 0.3876,-0.7710, 0.7972, 2.7896, 2.0302,-0.9827, 4.6386,-2.0755,-2.2922,-0.5593,-0.5044,-1.0809, 0.9669, 4.1315,-3.5128,-2.1979, 4.8327,-4.2984,-3.1336,-4.4835, 0.2944, 2.6981, 0.0038, 3.3985,-0.7421, 4.8300, 2.8645,-1.1409,-1.2289, 0.8353,-0.6059,-0.5055,-2.6206, 1.3351, 3.8664,-3.7078,-4.6139, 2.5103,-1.8136, 2.2136,-0.0236, 0.8018
-1.2031, 0.7453,-2.9621, 2.2708, 2.0642,-4.4792, 2.1903, 3.3068, 0.3791, 0.3450, 4.9955,-0.3610, 1.1665, 4.0557,-0.7072, 2.8546, 1.4073, 1.9995,-2.9540, 3.2091,-3.4733,-1.6367,-1.4689, 4.4548,-2.4451,-4.0356,-0.7376, 3.3659, 2.0974,-4.1949,-4.6287,-2.7406, 0.8751,-2.0389, 3.5534,-0.9938,-4.1588, 4.4842, 3.1821,-1.5926,-1.4967,-3.2331, 3.5717,-1.6451,-3.0529, 1.2742, 4.2479, 4.5463, 2.8717, 0.4245, 1.3559,-2.1810, 4.3856,-4.1399,-4.7123,-3.9069,-4.5589, 2.8075, 2.1550, 4.6370, 0.3007, 0.7325,-0.6686, 1.5948,-3.2626,-2.9745,-4.2614,-3.1373,-4.6146, 3.9324
 4.9091,-0.0754,-2.3894, 2.2658, 1.7096, 3.6220, 1.9268,-2.4364,-3.9120, 2.3775,-4.0685,-1.7287,-1.0301,-1.4318,-2.9247, 3.2213,-2.2238, 3.6859,-3.0321,-2.5709,-4.6033, 1.4974,-0.7166,-1.8334,-2.3157, 3.3112,-0.3831,-3.9804, 3.3161,-3.4742, 2.5148, 1.9064, 0.6614, 1.7166, 2.7726,-0.1019,-3.8421,-2.4605, 1.3480,-0.2749, 1.8861, 3.0102,-2.3714, 2.2978,-0.7540, 3.9099, 1.5569,-0.1826, 4.9138, 0.1663,-3.4334,-0.8429, 3.3498, 3.1888,-2.3415,-4.3029,-4.6411,-4.9825, 3.9646, 0.7766,-1.9865,-2.2703,-3.5439, 2.3982, 2.0092, 1.6936,-2.3543,-3.8212,-1.5526, 1.9552
 0.3195,-4.3653, 3.6259,-0.2448, 2.3465, 0.7064,-1.0565, 3.5115, 1.7415, 2.1346, 0.3591, 2.1331, 3.7903,-2.0668,-3.4424,-0.3480, 3.0750, 2.2452, 0.5444,-0.5792, 2.2175,-4.2533,-0.8032, 3.9619, 2.0228,-2.8170,-0.9882,-0.5523, 3.9381,-3.6736,-1.6901, 2.4422,-2.1545,-4.3668,-4.6962, 2.7012,-0.1713,-4.3832,-1.3780, 3.2477, 3.2702, 4.2439,-3.4958,-0.7601, 2.7472,-2.7918,-3.0757, 4.4351,-3.5830,-3.4911, 4.4617,-4.3583,-4.2533, 2.8285,-3.8395, 0.6090, 1.3427,-0.4920,-4.8527,-2.5450, 4.7873,-4.7741, 3.7355, 3.3332, 4.9976,-4.6954, 2.0433,-1.7015,-2.9463, 0.7076
 2.3476,-4.3525,-2.0275,-0.7797, 4.8259,-2.4274,-1.7594, 1.1455, 1.0985, 0.8546, 1.9791, 3.5404,-0.3661,-4.9192,-3.6923, 4.6503, 0.3808,-4.2350,-4.3744, 1.2281,-1.1382, 0.4063, 3.2934,-3.6666,-0.8122, 2.9263,-3.7563,-4.7861, 0.9387,-4.9340,-4.1896,-2.7499, 0.7333, 1.8240, 4.7501,-3.3222, 0.3155, 4.7493, 1.7524,-0.1553,-3.4099,-0.2674,-3.5697,-2.6265,-1.0294, 1.6234, 1.7188,-1.7029,-2.7698,-3.9990, 4.6898, 4.3883,-2.4024,-4.0604, 1.9546, 4.8355, 1.3625, 0.7104, 0.5255, 0.3870, 0.0164, 4.8216, 0.9026, 1.5066, 0.4999, 2.8085,-2.2644,-1.0107, 0.3838, 3.8223
-1.8824,-0.0404, 1.9543, 2.4154,-0.6406, 2.6624,-2.1239, 0.7028, 2.3262, 0.4021,-2.0666,-1.9394,-3.5662, 2.9499,-0.5542, 1.7503,-2.7960, 1.4643,-4.2085, 1.2780,-2.5776, 1.6677,-1.2827,-2.1701,-3.6334, 3.5796,-0.2779,-1.4953,-3.6252, 2.9905,-1.2864,-3.8220, 3.2036,-4.3478,-4.4978, 3.6571, 0.2614, 3.1418, 4.2437,-3.1092, 4.7810,-3.6651,-2.4911,-3.1983,-2.1220,-4.8415, 3.1605,-2.7488,-0.8770, 2.9428, 0.1508,-0.2700, 3.1740, 3.8552,-3.6255,-0.6474,-1.8995,-0.7228,-4.9001, 4.5656, 4.1951,-0.8106,-1.9169, 3.8145,-0.3568, 3.9880,-4.2281, 1.3605,-0.3972,-4.0931
 4.1879,-1.7684, 4.0298, 1.0510,-3.7376,-1.7261, 1.6137, 0.3191, 0.0873, 1.2520, 4.7414,-1.9986,-3.9858, 2.9619, 2.7275, 0.1140,-2.7381,-1.9753,-2.6823,-3.7710, 1.7967, 1.1390, 4.6655, 3.6646, 4.9564, 3.4669, 0.7439, 4.8806,-0.3663, 0.0466,-1.4152,-3.0427, 2.6398, 1.3812,-3.9478,-2.0070,-0.3422,-3.4321, 1.9932, 1.6588,-0.9718, 4.7418, 2.2930,-4.2343, 2.1782,-1.2887,-1.9414, 0.6269,-1.8215,-2.7939,-0.5075, 4.1570, 1.0017, 2.9356,-4.9918, 4.8626, 1.2516,-4.8974, 4.8223, 4.4713,-0.6372, 1.4646, 1.3789, 0.3305,-2.1304, 0.2369,-2.6316, 2.9653,-1.9409,-3.3768
-0.9309,-0.7107,-1.0929, 3.2218, 3.0916,-2.0152, 2.5674, 1.8599, 3.4994,-3.4149,-3.7734,-1.6947, 3.3408,-4.7372,-1.8054, 1.2232,-0.2532, 2.7201, 4.0900,-0.8802, 0.2877,-1.9490,-3.9431, 1.5537, 4.4892,-2.7081,-1.4493,-4.8098, 3.7609, 2.5707, 3.8478, 1.2426, 3.3119, 1.9452,-0.6562,-0.6134,-0.7700, 0.5089,-0.8024,-1.8588, 0.3081, 4.3399,-3.4053, 4.4848, 2.9843, 2.4793,-4.9372,-1.1153,-1.0827,-3.8928, 4.7121,-0.5890,-4.2520,-0.8377,-1.9728, 3.1058,-4.3259,-0.7616,-1.1369,-1.4655,-0.9098, 4.2184,-3.5783, 2.1609,-1.4062,-4.2528,-4.5009, 3.0590,-0.5007, 3.8210
 0.1784, 0.6727, 3.4799,-1.3648,-2.1426, 4.7134, 4.2086, 0.6706,-4.9374,-4.3601,-4.3279,-4.0975, 2.2908, 0.2951, 2.8064, 0.5629,-1.3785,-1.2044, 1.4298,-0.0405,-1.5688,-4.6620,-1.6373, 0.3220, 0.1251,-4.6005, 1.1305,-4.7594, 4.3392, 3.5771, 4.8324,-4.8328,-0.9379, 1.6837, 3.9563, 4.0126, 1.6185,-2.5006,-0.2267,-0.0594,-4.9883, 2.9038,-4.8175,-1.3730, 2.4543,-0.3661, 4.6055, 0.4245, 0.5974, 3.3527,-1.8447,-2.3179,-4.9777, 0.2720,-1.2672, 3.0035,-1.1534,-4.0705, 1.7191,-2.4277,-2.6667, 3.6987, 4.4962, 3.9825,-3.6277,-0.1575, 1.5091, 3.2808, 0.8419, 4.9162
 1.7961, 4.8129,-2.2546,-3.2273, 3.9693,-3.5741,-3.0939,-0.9830,-1.8574, 0.5780, 2.7886,-0.1346, 0.2575, 4.6733, 2.2601,-2.4153,-0.1910,-1.3241, 0.7978, 4.5791,-4.2058,-4.1233, 2.8041,-0.0477, 4.1261, 1.1173, 2.3348, 3.1597,-3.0612, 1.1170,-2.9064, 1.9337, 2.3117,-3.0714,-1.5285, 4.2778, 0.9343,-1.5026, 1.3454,-3.2800,-0.4392, 3.4065, 2.2516, 3.9174, 3.7149,-3.7202,-2.3434,-4.9926, 0.3592,-4.1484, 1.5180, 0.8355, 4.2386, 4.0302, 1.6633, 1.5620, 0.1951, 3.5600,-1.0815,-1.4844, 0.0004,-0.2049, 3.1726, 1.9890, 4.4389,-4.9111, 4.4424,-4.4909,-0.9216, 2.3086
-0.7801,-2.9652,-0.3095, 0.1592, 3.1125, 3.8000, 2.7366,-2.3455,-2.1679,-0.6065, 3.2659, 0.8335, 3.1064, 0.6452,-2.7627,-0.8229, 2.7687,-4.6674, 4.0923, 1.9527, 3.6688,-3.1257, 3.2617, 2.9302,-2.6019, 1.3977, 2.0514, 3.7123,-2.3473,-2.8298,-1.2154, 0.5712, 0.6083, 1.3848, 1.0068,-1.9877,-4.7994,-2.9470, 2.8382,-1.9843,-4.4908, 4.1484, 0.8589, 1.4329, 3.0149, 4.5550,-3.5832, 2.4060,-4.0607, 1.4221,-2.9375,-4.1651, 4.3069,-1.5279, 3.5027,-1.0956,-4.0273,-1.4774,-3.3007, 2.6624, 3.9784,-1.9181,-0.0955, 0.1477,-3.1699, 3.2037, 2.6303,-4.8334,-1.3295,-3.5022
-4.5056,-4.3766, 2.4792,-3.1691,-2.5321, 0.0763,-2.9393, 3.1325,-1.5964, 1.7950, 3.7113,-2.7510,-2.5331,-3.5421,-1.5008, 1.5786, 0.2288,-3.1221, 0.4152,-3.0131, 0.8041, 2.4328, 0.3695, 0.8369, 1.9178, 3.2564,-0.2568, 4.1602,-2.7833,-4.6081, 4.7701,-1.1710, 1.1211, 3.2745, 2.6478,-3.3436, 0.4610, 4.0399, 0.5810, 3.9796, 1.8577, 3.2188, 3.2281,-3.1972, 3.4364, 1.7712, 1.3093,-1.5897,-2.8708, 2.0008,-1.8641, 1.9216,-2.1314, 2.8678, 4.8280,-3.1281, 3.6978, 3.2500,-1.7093, 3.6994,-3.1228, 4.7339,-4.8592, 4.6008,-2.0032,-4.0940, 0.4001, 4.6368,-4.3949,-4.8182
 0.7643, 4.1402,-0.8956, 1.1742, 0.4169, 0.2402, 2.3690, 1.9169, 2.5182, 3.8901,-3.9718,-0.9909, 2.6412, 2.6449, 1.6818,-1.8656, 1.6173,-0.6962, 3.3983,-2.5626,-2.8944,-3.6523,-2.8517, 0.6556, 4.0044,-3.4323, 0.2237, 4.6966, 3.9984,-1.2233,-1.7719,-4.5429, 2.4255,-2.9090,-1.4106, 0.2389,-0.7585, 4.1808, 1.3235,-4.9519, 0.8374,-2.3815, 4.8215,-1.4310, 0.4728,-2.9329, 2.7947, 2.3450, 1.8764, 4.0192, 2.0074,-4.5170,-3.7156,-0.7601, 1.7592, 1.3313, 0.8720, 2.6360,-4.2093, 2.2292,-1.5484, 1.5323, 1.6538,-1.7798,-3.3719,-2.4107, 1.8470,-3.6764, 3.2923, 1.0216
 1.1661, 2.8084, 2.0637, 4.8467,-3.1379, 4.7494,-4.7991,-1.0411,-4.2761,-4.5551,-4.1887, 0.8600, 0.7134,-4.3149,-1.1966, 1.9806, 3.1975, 4.7017, 1.4137,-3.4749,-4.0331, 1.1873,-4.1841,-3.7011,-0.5754, 0.4028,-4.0590,-2.9048, 0.0164, 1.4725, 2.1943,-1.3590,-0.5652,-0.3680, 0.9556,-4.1404,-0.2056,-3.3452, 1.9376,-4.2762,-0.4355,-0.0939, 1.0435, 2.6107,-3.5386, 1.2285,-3.8012, 1.7095, 4.1415,-2.2470, 3.2022,-1.6523, 4.5820,-2.9274,-4.1911,-4.8302,-0.3576, 0.3923,-2.7250,-1.7637,-2.9408, 0.7606,-4.6258, 4.9789,-0.1941, 0.0547,-4.1083,-0.3531, 4.2005,-0.5816
 1.6613, 0.6299, 0.1707,-3.8416,-2.4085, 3.8778,-1.5652, 3.2395,-0.4913,-2.0668,-3.5996,-4.4789,-1.9971, 4.2672, 4.3927, 1.4408,-2.1773,-0.7962, 2.3679,-4.0428,-0.4136, 1.5092, 1.2366,-1.9603,-0.4303,-1.3976, 3.3696, 3.9829, 3.9509,-0.3227, 1.0647,-3.2123,-4.6010,-4.0859, 1.3989,-2.8236,-3.6072, 4.5592,-2.2958, 0.0929,-2.9554,-1.6485, 3.7641, 2.0005,-1.4280, 2.0706, 1.1660, 0.5815, 2.7581, 2.0767, 2.9339,-1.6843, 1.6790, 0.2123,-3.3869, 2.1735,-3.3624,-4.9454, 3.5954,-3.8824, 4.9951, 1.0781,-3.7564, 2.2124,-2.8980, 3.3535, 2.2276,-3.7178,-4.2053,-0.6198
 4.7427,-3.0072, 3.9910, 2.3331, 3.9873,-4.6126, 1.3591, 1.7907,-2.1588, 0.6702,-2.6762, 4.6230,-0.5428, 0.5000,-4.1814, 4.4709,-4.2612,-2.9281, 0.3462,-2.0266,-4.6390, 1.2767, 2.0819, 3.1875, 1.1108,-4.0070,-3.1317, 0.8566, 3.3992, 2.2974,-0.4229, 3.5925, 3.6077,-3.0417,-0.8402, 2.9138, 4.9043,-0.1266,-4.7404,-2.1462,-3.6310, 0.7716, 0.3936,-3.8196, 2.7927,-1.7727, 1.9244,-3.2835, 4.2640, 2.4974,-3.2635, 0.2650, 0.4140, 4.2004,-1.5157,-0.7596,-1.6954, 2.3279,-1.6449,-0.5646,-2.1264, 1.8011,-1.3795,-3.9395,-3.8344, 0.5912,-3.1448,-2.3044,-2.5831,-4.2624
-2.0912, 2.0163, 1.1565,-2.1480,-3.1071, 2.9981,-2.4500, 1.1553, 2.4726, 1.0127, 3.3348,-0.6564, 4.6759, 2.4582,-3.1236, 0.2745, 3.3074,-2.1433,-4.8636,-0.4155, 0.2944,-1.6151, 0.9755, 4.8539,-3.0678, 2.4108,-0.7191,-4.7628, 2.7177, 2.7910, 1.7869, 3.0557,-2.5240,-4.2005,-4.3137,-3.0809, 2.4428, 1.0470, 2.3712,-0.0453,-2.7678, 1.0422, 2.8922,-3.5604, 0.1739,-1.3055, 1.0091,-1.8089,-4.6952,-4.4241,-0.2848, 2.6889, 4.1386, 4.4036, 0.6873, 2.5655, 1.8724,-0.0187, 0.1620, 3.5057,-0.4941, 3.3677, 4.8705, 1.3093,-2.6946,-2.5874,-3.5358, 3.5661, 4.0189,-2.4471
-3.4849,-1.1683, 1.0466,-3.0677, 4.8302, 4.4125, 0.6173,-0.5199,-2.8826, 2.2994,-2.5527,-3.3706,-1.7895, 1.6511,-4.5165, 3.1964, 1.6992, 0.7317, 2.6760,-0.9831,-0.8863, 1.8726, 0.8065, 3.7873, 1.7572,-4.4823,-2.9847, 4.5609, 2.0876, 1.5862,-2.2079, 4.5026, 2.4438,-4.0376, 1.8310, 2.3775,-3.9059,-1.0212,-3.2174, 0.4666, 3.1937, 4.5249,-2.7548,-1.9592, 4.3074,-1.2669,-0.3423,-1.5521,-2.8825,-2.3656, 4.8035, 2.0161, 2.5723,-0.6215,-4.6069, 4.9754,-0.6962, 4.3097,-3.3004, 1.1214, 0.4208,-1.8457, 0.8100,-1.4590, 4.0092, 3.2751, 1.2066,-3.7257,-1.5991,-4.9825
-2.8064, 2.2866, 4.7052, 3.7629, 0.8000, 4.7678,-2.3098,-4.9674,-3.2299,-4.6613,-0.3381,-1.2606, 2.0564,-3.9682,-3.4970,-3.5423, 3.0150, 2.5951,-0.2700, 4.6423,-0.6316, 0.8019,-4.5547, 4.8259,-4.2400, 2.3652,-0.6689, 4.7940, 3.4036, 2.3245, 4.2644,-0.9664,-3.7142,-0.7059, 4.3584,-4.9869,-4.3024,-1.0525, 1.1480,-2.3228,-3.0185,-3.0985,-4.7958,-4.0937,-0.6179, 1.1280,-1.5220, 1.0765, 1.2018, 1.8739,-0.6762,-1.2276,-2.8205, 3.1027,-2.1921, 2.1949,-1.7703,-4.6519, 3.1793,-1.5478,-0.1185,-4.3548, 2.2095, 1.0616,-4.0079, 0.5646, 0.7518, 1.0145, 2.6652,-4.6790
 2.8809, 2.2788, 0.0060,-3.4061, 0.2412,-2.6666, 3.4937, 4.9867,-1.3167,-3.4429,-4.1572,-2.1855, 1.2090,-3.0548, 1.9952, 3.9066,-2.0823, 4.0504, 4.5319, 0.6214, 0.1604,-3.6444, 2.1002,-4.7951,-1.2394, 3.0381, 1.0000, 4.4132,-3.2243,-3.1423, 1.4848, 3.4048,-3.4758,-0.4830,-1.4815,-1.4600,-1.2749,-3.0786,-0.5228,-1.0762, 4.6387,-1.9276, 4.2885, 0.4161,-1.4827, 2.8091, 1.3421, 4.2627,-0.6632,-4.5743, 1.9674,-3.6568, 1.3927, 3.0401,-0.2871, 3.2253, 3.7191,-2.1393,-4.6370, 2.5471,-1.6423, 2.7977, 1.5882,-0.3254,-3.0572,-0.3190, 2.9612, 0.2027,-3.4387,-1.4137
-2.3887,-0.7805,-0.1496, 2.6704,-1.6876, 3.3536,-4.2593,-3.2703,-1.8531, 3.5027,-1.4061,-4.2823,-0.6095, 1.6084,-1.4962, 3.5968, 3.6380, 2.6953, 1.4674, 1.5104,-4.9750, 4.5511, 4.3181,-2.1918, 3.8448,-4.4034,-4.5435,-3.5059,-2.4827,-4.9925,-0.0360, 1.7684, 4.6850, 4.7597,-3.5315, 1.8957, 4.9208,-3.5708, 1.8472, 1.1723,-1.3426, 1.7247,-3.3800,-4.0165,-3.6524,-2.9837,-3.1049, 2.4948, 2.3153,-3.9391,-4.8883,-2.2245,-3.5444, 4.2181,-2.5313,-0.4507,-2.8930, 1.2720, 4.3724, 3.7510, 4.5643,-2.6588, 2.8849,-1.1290,-3.9666, 4.1441,-3.8553,-3.3121,-2.4926, 1.1617
 1.4271, 4.9619,-4.6984,-4.7324,-3.8553, 3.6246,-3.9225, 1.6784, 4.5286,-0.9654,-3.2147, 1.8404,-4.0817,-2.3708, 0.1135,-0.0592,-3.5841,-2.9825, 2.3584,-4.2855, 2.5553, 3.5147, 2.7931,-3.5858, 3.3837,-1.8612,-1.0286,-4.8797,-3.3155,-2.5089,-4.3453,-1.0542, 2.9112, 1.2922,-0.2018, 0.8202,-1.1143, 4.0101, 2.7471,-2.1565,-1.4223, 1.9679,-0.6892, 1.3785, 3.9266, 0.4990,-0.5652, 4.6205, 3.8811, 3.0994, 4.5488, 1.8956,-3.8049,-1.2259,-4.1321,-4.0534,-3.2835, 2.4753,-0.2736,-3.8940,-4.0063,-2.2544,-3.8524,-0.3909,-3.0092, 4.9893,-3.8800,-4.3379, 1.1356, 4.2965
 3.6257,-1.1650,-3.3458, 1.6302, 0.2476, 0.9133,-4.9080,-1.4891,-4.5744,-1.4703,-4.9942, 2.6244,-3.8610,-0.9674, 2.1785, 4.2739, 4.0274,-0.6137,-3.7756,-3.6614,-1.8212, 3.5915,-1.0276,-4.0725,-4.7377, 3.8582, 0.3549, 0.4357,-1.7633, 3.0624,-0.3127,-4.4003,-0.7471,-4.9239,-3.2820, 1.9195,-4.8358, 3.3452,-0.7309, 2.9819, 4.6555, 4.9240, 3.0585, 3.3603,-2.5519,-2.9416,-0.9550, 1.6983,-0.5112, 0.1756, 2.2839, 3.1527,-0.0522, 0.5334, 0.0881, 3.7358,-1.4652, 0.9168,-2.6052, 1.4489, 4.4553, 0.8357, 1.5877, 3.2674,-0.6052, 4.3616,-2.4336,-4.4235,-0.9593,-4.8818
 4.8372, 0.1864,-3.3966,-0.7661, 1.4802, 3.4119,-1.2710,-0.5214, 3.7768, 3.2170,-0.8429,-4.8415,-0.7516,-4.7840,-2.3434, 0.9967, 4.4421, 0.0361,-0.1016,-0.7022, 1.0529, 1.4057,-1.5299, 4.3922, 3.5195, 1.5666,-0.7398,-2.7398,-0.8408,-3.5913,-3.1187,-3.6612,-3.3647, 4.5381,-3.5217, 2.9475, 3.8371,-2.3823,-0.6677, 2.3199, 1.3195, 3.8049,-4.5662, 3.8442,-0.9257, 2.8458, 0.2524, 4.9621,-0.1533, 2.6896,-1.9011, 2.3001, 1.8008, 1.7441,-4.4088, 4.1713, 0.8597,-3.4345,-0.2179, 3.9542, 2.3855, 0.5570,-0.0740, 0.1002, 2.4318, 3.2185,-2.9729, 0.5899, 3.8155,-4.3237
-1.7931, 4.6923, 0.5578, 2.2730, 3.5209,-3.5398,-2.5983, 1.1546, 0.4528, 0.9407,-1.5302, 2.8451,-1.9688, 3.7168, 0.8918, 4.7997, 3.7506,-1.2951, 4.4481,-4.0762,-3.3144, 2.1975,-0.1909,-3.6055, 1.4859,-2.5265, 0.4068, 3.7584, 3.4939,-2.1171,-2.2094,-3.5934,-1.1663,-3.7712, 3.0936,-2.2649,-4.2901, 4.6103,-1.8399,-3.0733, 0.1869,-2.4540,-0.1873, 3.0532,-0.4603, 4.2672, 3.0695,-2.6075,-4.2287,-4.4325, 2.2851,-0.0295, 4.0381, 0.4839, 0.8982,-4.3123, 3.2992,-0.8597,-4.4496, 0.6723,-2.1019,-2.8335, 2.3065,-4.5518,-2.9796,-3.9839,-4.4452, 4.1590, 2.2847, 0.6935
 4.4529,-0.4567,-0.7438,-4.5042, 0.6924,-2.0845,-1.7683,-4.0330, 3.0267, 0.0666, 3.1963, 4.6616,-3.9646, 1.8824,-3.3329, 2.2160,-0.8690,-3.0576,-1.5885,-2.5714,-0.6559,-0.5274, 4.9166, 2.8037, 3.0330, 4.1584, 0.6756, 1.5582, 3.9937, 2.6181, 4.1806, 2.8927,-0.5261,-3.1795,-4.3205, 1.2005, 0.6568,-2.1396,-2.8002,-3.6590, 2.8110, 3.4784, 4.5325, 0.0516,-4.0458, 4.4652,-1.4407, 1.9714,-1.0300, 1.2173, 0.8500,-0.0794,-0.5566, 0.2067, 0.7671,-2.4598,-4.1074, 3.2073,-2.7559,-0.8415,-0.4426,-4.3677,-3.6546, 2.0797,-3.2219,-4.6832, 2.9770,-4.1408,-3.2815,-3.3766
 4.0666, 1.6423, 2.9244,-2.1467,-4.9310,-1.5359,-1.1260, 2.3428, 0.0738,-2.3621,-3.0933, 1.9695, 1.3388,-2.1845, 3.9321, 0.0081,-3.9092, 0.6076, 0.0219, 4.4505,-4.5608, 1.5980,-4.1196,-1.4454, 4.0873, 4.3033, 3.2802,-0.9655, 3.6980, 1.0904,-0.8232, 0.1157,-2.8013,-4.1769,-0.5129, 2.6972,-1.7533,-1.2268,-2.7874,-1.8475,-0.4703, 3.9292,-4.4535,-3.2181, 1.1492,-3.1349, 4.9169, 0.0159,-1.4298,-0.2342, 0.1265,-0.3317, 1.8953, 3.7034, 3.3554,-4.6231, 0.8582, 2.1608, 0.4527, 2.4023, 0.1992, 2.9252, 2.5314, 3.3849,-3.2575,-0.5922, 4.3904, 3.3020, 4.4339, 1.3151
-3.0568, 4.3003,-0.0668,-2.3253,-1.6287, 3.3513,-4.6756,-2.7613, 2.8640, 3.8332,-1.2326,-2.9338, 2.1222,-2.8485,-1.3251, 1.5404,-1.4606, 3.7676, 0.1696,-0.5506, 0.5391,-4.7709, 4.5646, 1.1591,-4.3389, 4.8253, 4.8351,-1.6565,-0.3754, 1.1277, 0.7337,-4.5214, 2.7251,-3.2545, 0.7013, 3.3973,-2.8891, 0.7637,-0.7411,-0.1826,-1.5695, 2.0283,-1.9217,-1.2857, 4.1628,-0.2617,-4.2151, 1.9808, 0.9781, 0.1916, 1.8454,-0.6040, 1.4266,-4.6769,-3.9962, 4.9417, 2.2234, 4.8471,-2.5196, 0.9295, 1.5648, 4.0214, 0.1576, 3.3903, 4.0822,-1.8019, 1.8752,-0.0993, 0.2565,-2.1681
-3.4500, 3.5798, 3.3811,-2.4428, 0.8206,-3.0894,-0.1369,-2.1137,-1.8140, 2.5828, 0.6017, 2.7460,-0.9226, 1.6406,-2.3114, 3.5666,-0.9193, 2.1999,-3.2384,-1.1860,-2.3399, 2.1453, 3.9520, 3.6513,-2.0936, 4.6981, 2.1500,-4.8298, 0.6934, 3.5861, 4.0758,-2.4688, 1.8521,-1.3207,-4.3834, 3.0223,-3.5465, 1.4358,-1.3165,-2.7076,-4.1527,-3.9624,-4.3097, 0.2419,-4.9827, 3.8967, 2.2441,-4.0953, 1.7062, 0.2551, 1.9690,-1.1259, 3.8499,-2.5285,-4.2822,-0.2276,-4.0012,-4.7793,-4.7006, 1.5111, 3.7311, 4.6362,-1.8398,-4.4780, 3.5840, 3.7062,-3.8768,-4.4601,-3.1398,-4.4437
-4.0602, 3.5195, 2.9636, 3.5269, 4.0423,-4.2254, 1.6951,-1.4699,-3.3893,-0.8443, 0.4307,-3.7144, 1.4892,-2.1351,-4.4162, 3.3289,-3.3541, 4.2550, 4.1965,-1.6291,-3.4154,-3.1759,-2.4239,-1.3232, 3.5570, 3.4965, 3.4273,-4.5994,-1.5064,-1.5366,-3.1063,-1.3766,-0.1169, 2.3798, 0.0882,-4.0631,-0.0847,-2.8006, 2.3777,-0.2587, 2.9121,-1.3190,-3.6085, 1.9126,-1.4282, 1.6097,-4.2215,-0.0360,-4.3435,-2.5391, 3.4696,-4.1640,-0.2292,-4.6688,-4.2996,-1.1087, 4.8179,-1.0943, 3.2096, 3.5824,-0.6535,-2.1775, 3.1356, 0.7310, 3.5853,-1.3035, 1.6799,-3.9743,-3.8928,-2.7117
 4.4455, 4.5603,-1.0380, 1.3058, 3.2442,-4.9446, 4.6632,-0.8831, 2.4896,-0.0680, 2.8915,-0.4951,-0.0726,-1.4571, 0.4046,-0.1435, 3.4493,-4.1526,-1.2847, 1.8642,-0.4161,-2.6260,-0.8375,-0.7842,-2.7417, 3.6080,-1.5405, 4.6740,-1.9785,-2.1253,-4.2627, 1.3400, 3.5085,-2.4976,-4.5475,-1.7621,-4.5453, 4.5858, 0.9726, 1.9000,-3.1701, 4.5792, 4.3226, 0.4136, 3.3813, 1.3981, 3.9343,-0.1289,-0.2914, 1.5520, 3.9895,-1.9336, 2.4377, 3.4291, 4.3003,-4.1313,-1.7990,-0.6856, 1.7975, 0.4800,-3.4182,-2.5442,-1.7620, 3.2417, 2.6332, 1.9241,-2.7432, 1.5354, 3.4044,-4.2723
-0.4994,-0.0449,-0.9682,-1.5513,-1.3982,-3.0994,-4.9855,-0.2361,-2.8041, 1.9079, 4.4562,-0.3522, 0.1333, 4.6455, 3.5137,-1.1079,-2.4507, 3.8872, 1.7079,-1.8206,-3.6936,-4.0709,-2.1951,-0.2865, 0.6291, 0.3485, 3.1732,-4.7003,-1.2456,-2.6558,-1.3142,-0.9285,-2.7274,-0.3239, 3.5798, 1.0787, 2.3765, 4.5411,-4.6527,-2.7142,-0.4023,-3.1793, 2.0009,-3.2030,-4.4233, 4.1445, 3.4352,-2.1392, 4.7986, 1.5362, 1.0886,-1.1564, 3.3093, 3.1659,-3.8493,-0.7184,-1.1335,-3.0499,-0.1952,-3.1711, 3.2168, 0.5468,-0.7133,-1.7982,-0.9049, 2.2654, 4.3427,-3.2307,-3.6079,-1.5401
-2.6076, 0.3534,-4.2647,-3.1058,-3.8594, 3.9792,-4.0851,-1.9520,-0.2982,-4.7721,-3.1360,-2.0342,-1.1217,-0.9738,-0.4804,-2.2096,-2.6362, 0.5184, 4.5929,-1.6183, 3.6207,-4.7211, 3.8097,-1.1170, 1.3122,-4.4715, 3.1799,-3.9310,-1.2156,-3.7708,-1.8497,-4.6628,-0.5884,-3.3794, 4.5619,-2.0110,-0.2618,-4.8150, 4.2767,-4.8651, 1.1514,-0.1782,-4.9663,-0.5878, 4.7988,-3.8138,-0.4957,-4.3073,-3.0708,-3.4355,-4.5325,-3.7591, 1.5660,-3.3203,-2.9806,-2.0696,-0.3067,-3.2777,-3.1002, 3.8639, 0.3245,-2.9321, 3.6025, 1.3685,-2.9408, 4.7065, 3.0724, 1.2433, 4.4625, 2.0520
 1.1364,-4.3920, 2.3250, 4.4062, 0.2910, 3.0447,-3.6757, 4.8655,-1.4268,-2.6447,-1.3810, 4.9552, 4.6713, 0.5356,-2.5003, 4.0265, 4.2152, 4.2782,-4.4602, 1.3450,-2.0338,-4.8909,-4.9599, 4.9061,-2.6292,-2.7341,-1.5695,-4.3130,-3.6139, 4.9483,-3.9435, 0.5555, 2.2580, 4.5160,-0.9223, 0.5525,-4.8877,-1.1312,-0.9465,-4.5582, 3.6257,-0.5214,-2.7895,-0.6711, 3.8898, 4.0222,-4.8827, 3.9556,-0.8075, 2.7169,-2.3941, 1.4795,-1.5343,-0.5284,-2.3595,-4.4684, 4.4540,-4.4043,-1.9613, 4.4421,-1.1299, 1.1687,-0.5706,-4.2703, 2.2963, 0.2465,-3.3542, 2.2549,-3.5427,-1.8835
-1.4961,-4.4408,-2.0117,-0.5282,-0.2529,-2.9988, 0.4431,-1.8891,-0.0083, 1.5576,-1.2340, 2.8760, 1.4058, 1.9652, 4.0604,-1.0317, 4.9995, 1.4688, 3.7529, 3.6387, 1.2335, 0.0292, 3.5100,-3.7192,-4.7983,-0.7072, 2.3720,-0.8193,-4.7512,-2.4458,-4.5656, 4.4518, 0.7066,-2.6466, 2.5300,-2.9950,-0.4913, 4.5010, 0.7308, 0.0150,-4.6922, 1.1070,-4.1557, 3.7585,-2.9551, 0.3641,-0.3616,-1.5812,-1.9543,-4.4620,-2.2570,-4.2131,-1.8171, 4.5058,-2.8461, 1.0543,-2.9486,-1.6146,-1.0198, 2.6413,-3.1882, 4.1676,-4.9074, 0.3415, 3.6498, 1.5446, 3.3739,-0.1724,-0.7482,-1.6984
-4.9037, 4.3342, 4.1968, 4.4240, 2.4465,-3.3790, 3.4805, 4.2810,-4.2945,-0.5454, 2.9982,-0.5953, 4.5114, 1.5464, 2.7982, 4.3102,-2.0315,-2.0489, 2.5246, 0.0625,-1.6790,-1.7373, 1.0892, 3.2155,-3.4533,-1.5170, 1.7335,-0.5327, 2.9252,-4.3043, 0.1915,-0.9287,-0.5223,-1.2195,-3.9131, 3.7581, 2.2643, 0.0554,-1.3361, 3.7357, 3.6266, 0.3123, 0.8763,-1.1945,-0.7264,-2.0158, 4.3951, 1.1950,-4.8150,-0.5948, 1.0758, 0.8860,-1.4360,-0.2192, 2.5382, 0.0782,-2.3296, 1.3319,-4.7375, 4.1444,-1.7745,-2.7381, 0.5911,-1.4744, 4.9050, 3.9985, 4.7467, 2.7059,-3.4489, 0.9422
 2.2051, 1.2887,-1.7756,-1.8190,-1.6520, 0.0562, 2.7077,-2.5371, 4.0101,-3.6181,-4.5351,-1.0598,-1.2024,-4.8846, 4.8327,-2.8091, 3.1301, 0.4971,-4.1135, 1.4029, 2.8202,-0.7590, 0.3946, 1.5005,-3.2461, 0.0653, 2.4893,-1.9774, 2.8096,-4.2072, 4.4112, 3.9643, 1.8109,-0.6675, 0.1969,-0.0004, 2.4653, 1.8064,-2.4778, 2.1655,-3.2178, 4.0203,-0.4168, 3.6209, 4.9359,-0.3093,-3.2908, 3.4121,-1.2032, 1.0397,-0.7739, 3.3419,-3.1925, 3.7372, 2.3844, 2.4950, 4.2982,-2.7665, 4.1113, 4.1457,-2.3016,-3.3151, 0.3569, 0.7989, 2.5794,-2.7307, 2.5586,-2.9250,-1.3169, 1.1917
-4.7464,-2.5329, 1.3434,-2.2241,-4.8937, 3.6125,-2.7465,-2.8490, 3.5110, 3.0537,-2.4868, 1.5188, 0.6731,-1.3571, 4.9386, 2.1383, 0.3375, 1.0538, 0.9593, 0.5417, 1.6712,-4.5309, 2.7081,-4.1807, 3.6240,-3.4520,-4.7141, 3.6764, 3.7043,-4.7735, 3.4819, 2.8670, 2.2635,-3.0468,-1.9677,-4.5250,-1.8791,-4.5480,-1.2487,-4.3662,-2.0222,-4.6560,-0.6675,-4.0921, 4.6214, 2.0767,-0.8199, 0.8028,-3.2039, 1.8270,-2.9083,-2.1307, 0.6988, 4.6003, 3.4854,-0.1638,-1.5387, 2.4696, 1.8852,-4.9807, 4.9854, 1.3480, 1.7852, 0.6917,-1.3142, 0.2414,-1.7194,-1.8141,-4.9887,-2.2407
 0.9630, 0.1165,-4.0082,-3.0202, 0.9887, 0.7447,-4.0613, 1.7529, 0.6081,-4.5511,-0.9176, 3.6420, 2.6177,-3.9279, 4.3178,-4.7440,-2.4359, 2.3993,-3.0516,-0.9091,-2.9968, 1.2068, 4.9117,-3.1340, 0.6762,-3.6681, 4.0681,-0.1213,-2.5707, 0.1967,-3.7106, 4.0615, 2.2269, 0.4730, 3.5666, 4.9434, 2.2167,-0.7084, 4.8505, 2.8385, 2.4648,-0.5625,-0.1287,-4.7676,-1.5824,-3.0108,-4.7021,-4.4338,-3.8707,-2.8374, 3.3495, 2.4365, 3.3430,-3.8026, 3.3861, 1.5373,-0.6163, 0.3398, 2.0442,-0.7011,-4.0235,-4.9335, 4.7359,-2.8728, 2.0687, 4.3449,-3.9061,-4.9674, 1.3008,-1.0794
-1.4507, 3.4654,-3.5024, 1.3803,-3.6753, 2.8043, 2.5348, 4.0033,-2.0724,-0.6153,-2.2435, 2.9631,-4.0091, 2.7115, 4.9481,-1.6051,-2.2924,-3.4009,-2.9419,-1.1464, 2.8024,-2.2916, 3.9013, 4.9371, 1.3351, 3.8148, 4.0995,-3.5366,-2.3389,-4.1033,-4.1549, 4.1112,-3.8611, 2.6899,-2.8191, 0.2708,-3.2385,-0.8948, 3.9295,-3.6285,-1.6708, 3.8041, 4.7528, 2.9013,-2.5532,-1.7139, 1.0978, 0.0430, 1.5729,-4.7114, 2.9039, 3.6623,-4.3909, 3.1865, 0.7126,-4.3673,-4.4945,-4.7971,-4.5455, 2.0901,-1.0506,-4.5468, 4.5615,-2.1541, 1.2151, 4.6843,-4.8771, 4.7879,-0.8442,-2.7096
 0.3611, 2.0822, 0.3685,-4.3158,-0.8903, 0.3153,-4.8574,-0.1551,-0.7083, 0.1119, 3.5772, 0.0092,-0.4434,-3.1535,-1.0510,-3.7071,-1.4720,-3.7983,-0.4451,-3.3747,-4.4306,-2.4446, 2.7484, 0.4226,-4.5961, 3.9665,-3.6860, 1.0716, 4.1209, 2.0970, 3.9558, 0.7789,-3.4457, 1.3108, 1.2586,-2.6224, 3.7367, 4.8213, 4.2470, 3.6527, 0.0331,-4.4733, 0.6540,-1.2269, 0.7030, 1.7280,-2.4634, 1.9957,-2.2733, 3.7578,-3.5760,-4.7897, 0.5497,-3.1770,-0.9743,-4.3224, 0.3108,-1.8071, 2.1251,-0.1585,-0.9513, 3.1384, 1.6598,-3.9215,-3.2381,-1.6438,-1.8211,-3.2868,-3.7597,-1.3447
-3.5446, 2.7676, 1.7981, 3.2804,-2.2554,-1.5516, 1.9061, 2.6566,-4.9544,-2.4723,-2.9272,-1.6326,-0.3448, 4.7812,-2.0868, 2.9697,-2.5428,-3.7910,-3.9198,-3.2712,-1.6193, 3.5204,-4.4174, 2.5194, 4.4090, 3.8259, 1.3468, 3.5399, 1.6308, 4.5360, 1.5761, 2.2160,-3.6208, 0.7084,-2.5985,-4.7168, 2.5631, 0.3918, 1.8041, 2.1944,-1.7920,-0.2588,-3.8428,-2.4417, 1.2133,-2.4616,-0.5101,-0.6021,-3.8756, 0.1876,-4.7463, 2.7119, 4.9803, 2.3221,-2.8431, 0.4788,-4.4794,-3.2617,-4.9897,-4.9901,-2.3881, 1.8338,-1.1095, 3.7379, 1.1605, 0.6042, 3.1036,-2.8440, 3.9760,-1.9048
 1.7467,-2.9388,-2.3660, 0.7896,-1.3801,-2.5112,-2.4129,-0.0033, 1.9636,-0.0860,-2.1020,-2.3992,-1.5126, 0.9120, 2.5581, 1.8433, 2.3023,-0.9210,-0.9025, 2.3113, 4.0624, 2.0495, 3.8177, 0.0931,-1.5262,-4.7520, 2.7652,-3.8448, 0.5219,-4.2126,-0.5882, 2.2400, 0.0445,-2.3395, 4.6445,-0.1234, 4.5790,-3.4654,-2.3329, 4.5155,-0.4085,-4.5095,-0.4323,-4.0243, 0.7536,-1.4050,-2.0075,-2.9048, 4.2122, 1.2963, 0.7371,-4.8592, 0.7351,-3.9099, 2.5791,-0.2152,-3.0330,-0.5856,-2.0427,-1.0104,-1.4710,-0.0401,-0.8594,-4.3730,-1.5648, 2.5922, 0.5683,-3.5699, 2.2499,-2.0361
-2.6246, 4.5804,-3.7300,-2.5289, 0.5432, 1.8454, 4.4181,-4.2175,-4.4558, 2.5968,-3.3082,-0.6383, 2.7007, 0.9800, 0.7683, 3.7355, 1.4408,-3.5967, 3.6645,-2.4355,-2.1377,-0.5349, 4.2901,-0.0201,-4.6210,-1.0335,-4.1872, 2.7401, 0.6902, 1.6603,-1.1906,-3.2652, 3.6923, 3.6601,-3.5109, 2.6120, 0.8570, 2.6689,-1.5587,-1.4227, 1.1796,-3.4342, 0.7007,-1.9252, 2.6693,-3.8528, 4.2548, 0.0954,-3.0577,-3.6871, 1.8404,-2.6681,-3.6748,-1.8354,-2.0082, 4.5134,-3.8560, 2.2665,-3.6789, 4.5493,-1.7261, 0.7297, 1.8857, 4.1731,-0.3660, 2.2028,-1.3576, 4.5753,-1.3355, 2.9181
 4.1727, 2.4991,-2.4056,-1.2028,-4.0593, 0.6684,-2.9689,-4.6918, 0.5798,-4.3645,-0.4423, 4.2315, 0.0023, 1.9014,-0.4581,-1.3362, 2.2065,-0.2809, 3.3883, 1.5960, 4.2918, 3.7157,-4.9622,-1.5006,-3.8667, 0.6785,-1.5348, 4.8497, 0.9517,-3.1067, 0.5639,-4.0009,-4.3670, 3.3444,-3.1804, 0.2183, 4.5032,-1.7887,-1.7672, 1.1113, 0.6574, 3.4312,-1.5905, 4.5781,-1.5707, 0.4245,-3.1083,-1.9256,-4.4004,-4.0549, 3.8808, 3.5985, 1.3649,-2.2775, 2.3966, 0.8869, 4.0316, 0.4192,-2.9918,-2.2335, 0.2035, 4.1647,-0.7754, 3.9134,-1.6598, 0.5924,-2.8251, 4.3480, 0.5758,-1.8593
 3.1574,-1.6156,-1.0379, 2.4507,-4.9546,-3.1769, 3.9996,-3.3355, 3.6769, 2.3831, 2.5501,-0.5711,-3.2801, 2.3573,-0.5175, 4.2653, 4.6232,-0.9303,-4.2463, 0.0193,-1.8714,-4.6363, 3.2244, 3.9797, 4.1529, 3.0864, 0.4975,-4.3592, 3.8647, 3.4334, 2.4937,-0.7401, 4.0169,-2.2179,-0.5270,-4.9880,-4.7074, 4.5236, 2.6810, 4.6055,-3.4473, 3.2089, 2.9806,-1.6807, 4.1699, 1.7842, 0.1729, 4.2321, 3.7261, 4.1261, 0.6464,-1.6765,-2.4482,-4.0515,-1.7195,-1.2992, 2.3980, 4.4533,-1.7861, 4.4736,-0.8642,-0.8807,-1.4589,-1.4857, 3.7256,-0.4562,-3.8793, 3.7831,-0.9265,-1.2696
-2.3315,-1.6682,-2.7020, 4.3328,-0.9358, 2.9036, 4.8616, 3.5222,-0.8537, 0.1979, 4.8183, 3.4175,-3.7021, 1.7667, 0.2781, 3.7045,-2.5898,-2.5418, 4.6677, 0.1959,-2.8615,-3.2165, 3.1643, 0.5587,-1.8602, 0.9083, 3.3710,-1.6135, 2.1478,-2.4781,-2.8310, 3.9151, 2.7926, 3.2622, 0.3786, 2.3569, 0.4615, 0.4580, 1.0565,-4.9272,-0.6099, 1.5019, 4.4167,-3.5176, 0.6700,-3.1953,-4.8960, 3.6132, 0.7246,-0.8425, 4.4663,-2.8749, 1.8659, 0.5511,-3.3793,-4.3560,-0.4487,-1.9696, 1.5397, 3.2246,-3.6072, 0.4887,-0.2345, 0.9865, 3.9690, 4.3606, 0.7817, 1.2558,-0.5174,-2.9913
-4.4217,-1.7333, 2.6722,-4.3759,-2.3596, 1.1788, 3.0149,-3.1918,-2.7542,-3.0789, 3.3381,-0.5198,-0.2563,-1.7288, 3.9910, 4.5564, 0.4363, 4.1552,-4.0621,-4.7289, 1.5711, 4.1261,-3.3781,-2.6339,-0.4496, 3.2369,-2.1101,-0.6415, 2.1172,-1.9222,-3.2222,-4.4760, 3.0002,-1.0519, 2.0287,-2.9774,-3.5333,-2.8097,-1.4839,-0.3141,-2.7784,-1.8568, 2.2151, 3.7605,-4.3688,-0.4276,-2.1625, 3.8311,-2.2520, 1.4065,-1.2117,-2.8959, 0.1711, 0.3854,-0.2539, 4.9287, 1.9753, 0.4627, 1.4799,-0.0454, 1.1186,-1.6368,-3.6350, 1.7380, 1.2293, 3.7425,-0.0025, 4.5919, 3.1651, 0.0371
-1.9055, 1.3727, 1.3334,-1.7677, 2.6879,-2.5790, 0.6628, 0.8512, 4.1549,-4.1897, 0.2185,-3.4492,-0.8840,-0.7967, 0.8766,-0.4446,-1.0761,-3.6605, 4.2976,-3.7079,-0.3613, 4.5580, 1.1243, 3.1411, 0.8539,-3.6300,-4.5018, 0.9444, 1.3234,-4.6440, 2.9055, 2.0164, 0.3811, 1.2362, 1.3934, 1.8122,-2.3454,-4.3541, 1.1728, 0.9750, 1.6697,-2.0213, 1.4597, 1.1993,-3.3858,-3.0107,-1.3448,-4.7796,-3.2110, 1.8070, 4.3410, 2.1914, 0.3337, 0.2355,-2.7154, 1.4057,-2.3511, 1.2103,-3.3580,-0.8676, 0.7349,-4.3514, 3.7952, 2.5067, 3.1213, 0.0140,-2.3831, 0.3066, 1.9381,-0.8396
