 4.1178
-2.6662
-2.5269
 0.3723
 1.6103
-1.9711
 1.0932
 0.8478
-0.4313
-0.7522
 3.8632
 3.2457
 1.3654
-1.1053
 0.5019
 2.9150
-1.1985
 1.1537
 1.4975
 0.4202
-2.7088
 4.9863
-1.8015
-2.0063
 1.1721
-4.9717
 0.5099
 3.8778
 2.7890
-3.5113
-0.6983
-4.3869
-2.0707
-2.2398
 1.9298
-3.4853
 1.9864
-0.7395
-1.6712
-0.4001
-3.7763
 3.8711
-0.1880
 4.6419
 0.0800
-4.4315
-0.1200
 1.4821
-0.9128
 4.8864
-3.1465
-1.6508
 3.8155
 3.5878
 2.3508
 2.7870
 2.4781
-0.7816
 2.7849
-1.6935
 1.7948
-2.6674
 4.0570
-3.4924
-0.2952
 2.2859
-2.6905
 0.1887
-0.6660
-0.3372
 3.9571
 2.8705
-2.0813
 0.8106
 1.3928
-4.8045
 3.2159
 2.0796
 4.7305
-3.2219
 4.7114
 0.3475
 0.4775
-4.2526
 3.9326
 1.7677
-1.7322
-3.8544
-4.4163
 1.0002
 4.9312
 3.7546
 1.6475
-0.8211
-4.8852
-4.0306
-3.5360
-3.9628
 2.6101
 2.7564
 3.0297
