 0.9590
-1.5992
-0.1364
 2.4356
 4.5850
 2.1087
 3.7766
-0.1093
-4.1341
-2.9191
-2.3216
-1.6739
 2.4848
 3.6051
 4.0340
 3.1963
 3.7735
 2.5040
-1.1384
 0.9932
-3.8291
 4.2940
-1.0131
 0.7340
 4.7016
-3.6231
 2.0599
 2.9057
-3.8005
-0.1077
-4.3246
 4.3089
 1.3275
-2.1169
-2.3275
-2.1767
 0.4006
 1.4336
-4.1986
-1.5771
 3.1615
-1.2514
 1.6784
 2.0063
-0.4976
-4.0147
-2.5813
-1.4879
-4.8901
 1.6438
 0.9360
 4.3290
-2.7480
 4.7851
 3.4021
-3.8553
 1.1683
 1.1290
-0.2555
 3.7295
-1.1847
-2.5313
-4.8432
 4.8703
 0.6154
-0.8135
 3.4894
-1.7809
-0.5370
-3.0117
-2.4814
 4.3298
-1.0226
-0.0099
-4.8057
-2.3364
-3.1688
-1.8138
-0.7807
 2.6676
 1.1685
-2.9776
-4.8280
 1.2801
-4.6482
 0.7577
-0.1255
-4.2251
 2.8607
 3.5116
 2.2677
-0.5945
-0.6326
 1.4688
-2.7339
 2.0366
-1.6948
-1.4647
-1.3975
-2.6805
-0.6469
 4.8610
-3.2954
-2.7257
 2.3389
