 4.7059
 4.9775
 3.4967
 0.8247
 4.5980
 0.3731
 3.7965
-4.0892
 3.3394
-2.4020
-4.2128
 2.4572
 4.5529
 1.8758
 0.2049
 3.9831
 4.1299
 4.8553
-3.1816
-3.7742
 2.6228
-1.0657
-4.9539
 4.3923
-0.5367
-0.8527
-0.3351
 4.7302
 2.5353
 3.6858
-4.3887
-4.6276
 2.2134
 1.9489
 4.2395
-3.8471
-0.2481
-1.9943
 3.9388
 4.4379
-2.0342
 0.1667
-3.2359
-2.1908
 2.2364
-3.0964
 2.0002
 2.7454
-0.8154
-3.6591
 3.3851
 2.1896
 1.3112
 0.2911
 1.9916
-1.5747
 0.2603
-1.3827
-4.7263
 4.6235
 1.6321
 3.3587
 3.0948
-2.6964
 3.4438
 2.1068
 0.8767
 1.8600
-2.0494
-2.1150
 2.7594
 1.3108
 1.6462
 0.8587
-2.0634
-4.4511
-0.3931
 2.4436
 2.7673
 3.5669
-2.9655
-1.1647
 4.6800
-2.9040
-4.4322
-4.9384
-3.3676
 0.4642
-0.6198
 1.4774
-4.5945
-2.3623
-2.2936
 3.4967
-4.2263
