 4.8682
-4.9502
-4.1861
 3.4033
 2.7874
 2.7895
-0.4034
-2.6392
 0.9579
-2.6416
 0.5271
-2.8150
 0.4587
-4.9406
 0.9275
 1.7463
-1.3416
 1.5994
 3.4612
 1.1390
 0.1115
-1.2969
-2.8895
-3.8329
-0.4388
 2.6739
-3.3892
 2.7541
-1.8038
 1.2362
 1.2315
 4.2310
 0.1040
-4.3744
-2.3990
-4.3784
-4.1994
-0.7145
 2.0272
 3.5030
-3.8016
 1.2763
-3.3856
 0.1118
 0.3395
-4.4552
-4.2928
 1.8450
 4.2573
-2.9820
-2.0623
-0.8825
-0.7945
-3.6711
-4.4574
 1.7754
-3.8808
 2.2607
 3.4394
-1.2335
-1.9922
 0.4698
-3.1014
-1.6549
-3.6308
 0.2435
-1.1257
-1.1795
 4.3209
-2.4450
 2.8139
-0.3069
-3.4147
-3.0032
 1.4465
