-1.8907
-0.0368
 2.2416
 4.3712
-1.0559
-2.1453
-3.6277
-3.8560
 4.9733
 0.6676
 1.2883
-0.4345
-2.0589
-4.3172
-4.8809
 0.5183
-1.1021
 3.5650
-0.4744
 3.7540
-3.4168
 2.6186
-4.2566
 1.5436
 4.6725
-2.7943
 4.9911
-4.3719
-3.8947
 4.1809
-1.8058
-3.3440
-0.0306
-2.8062
-3.5878
-3.6111
-0.8143
 2.1387
 2.5413
-4.3003
-3.7698
 2.7612
 1.0237
-3.0021
-2.3472
 3.2858
-2.7927
 1.6563
-1.9819
-0.2839
-3.4617
 4.6836
-1.4692
-1.5025
 4.3082
-0.1881
 1.5901
 2.0665
 3.5746
 3.2574
 2.3883
-0.9429
-0.3067
 0.9960
-2.8537
