-2.3138
-2.3586
-2.0816
 3.2428
-1.5007
 4.6771
 0.5489
 4.6652
-1.4903
 2.3304
 1.9259
-2.0981
-2.3988
 2.4733
 4.8482
-3.4073
 2.9501
 1.1608
 2.0070
-2.6125
 0.6916
-2.1617
-0.2233
-1.6978
 4.9508
 3.3028
 1.1332
-4.3389
-0.4012
 1.2061
 1.9560
 2.2218
 3.9963
 1.4078
 3.5437
 0.7116
-2.9549
 3.2333
-1.0486
 0.4433
-1.2928
-0.8572
-3.0454
-3.2666
 4.2269
-3.7705
-3.5367
 4.8044
 2.9894
-3.4130
 1.4702
-3.3669
-0.8923
-0.5567
-4.9211
-2.5405
-2.0086
-1.2899
 1.6766
 3.5854
 4.0951
-1.1616
 1.0307
 2.3898
 3.6990
 4.5593
 1.3795
-2.6006
 1.9932
-1.3986
-4.3201
-1.7276
 0.2493
-0.1882
-3.1723
-0.9581
 2.4821
 1.7123
-2.5254
 1.5190
 4.2100
-2.7490
 1.7247
-1.5320
 4.7613
