-1.8741
-3.4579
-2.8373
-4.7415
-0.8028
-3.9813
 4.5083
 3.8050
 2.0612
 2.4099
-1.6738
 2.1025
-4.9674
 3.3777
-0.3577
 0.9429
 1.1709
-3.3421
-1.7250
 2.4251
-0.3134
 3.7893
 2.9335
-0.6794
-0.8209
 4.7760
-4.1551
-3.5130
 0.4041
-1.5146
 0.3376
-1.8275
-1.6686
 1.3651
-0.5415
 1.8100
-1.6352
-3.1653
-1.8047
-2.0654
-0.4094
-4.7037
-2.3733
-3.2061
-0.6576
-1.6011
 3.2797
-1.1034
 2.3488
 1.2978
 2.3328
 0.5258
-0.8303
-0.8080
-4.9251
-3.5637
-2.1082
 3.0040
-1.1844
 4.6615
-4.2667
 1.7304
-3.2674
-0.9844
 4.5804
-4.8727
 0.6056
 0.1343
-4.2125
-0.1478
 2.3193
 4.1778
-3.5764
 0.8895
-1.5985
