-1.7941
-0.6807
 0.2577
-1.3404
-4.6012
 0.7297
 1.7513
 3.2208
-1.5061
 3.2835
-0.8293
-0.5019
 1.4443
-3.5713
-0.9225
 0.3402
-4.9961
-2.0163
 3.3072
 2.6158
 2.8622
 4.5187
-2.6405
-2.2863
-0.6486
-4.7214
 1.7677
 1.6625
-4.1336
 0.1175
 3.7250
 0.1230
-0.3356
 2.9860
-1.5615
 4.2402
 4.9676
 4.7937
 2.5561
-4.0037
-3.5961
-4.7700
 3.9460
-0.7261
 1.8132
 0.7784
 3.4599
 3.1382
 2.2960
 0.4113
 0.1498
-0.2473
-4.6256
-3.0567
-1.7900
-1.2034
-3.0546
 4.9974
-2.0149
 2.5030
-1.8041
-0.6827
 2.3887
-0.8449
-1.4266
 4.6075
 1.5263
 3.5239
-4.0260
-2.7152
-0.2121
 2.1369
 2.3978
 3.4012
-3.3467
 3.4030
 2.4532
-4.2300
-2.0705
 2.2799
-0.0177
-0.1464
 4.6701
-1.7196
-1.8432
 2.9003
-1.3962
-4.3299
-4.4291
 3.8702
 1.3640
 4.5320
 0.6372
-1.9416
 1.0164
