-2.1439
-0.7631
-0.4215
-0.6351
-2.9043
-4.3097
-1.2071
 4.0022
-2.5067
-3.9590
-2.2620
-2.2025
-0.6977
-4.6674
-3.3417
 3.8457
 4.9526
-4.3638
-4.0903
-0.5817
 0.9282
-1.9699
-2.1024
 0.0696
-2.8802
 2.1370
 3.9841
-3.5620
 4.3462
 3.3642
 4.8505
-3.7839
 3.3480
-0.7926
-0.2954
 2.5642
-3.1835
 2.5912
 4.8075
-0.9055
 4.2291
-2.8663
-1.4860
-2.6057
-3.0412
 3.7358
 2.5502
-1.9225
-0.3939
-1.6083
 1.0233
-1.0872
-4.9424
 4.4608
 1.1656
-1.0442
-3.0170
-0.7294
 2.2750
 3.7117
-0.1669
 2.8016
-4.1376
 0.1364
-3.8131
