 0.5475
 3.9623
-3.5656
-4.9444
-4.6625
 1.1529
 3.8867
-1.6557
-4.6680
-4.4514
-3.1170
 2.9358
 1.5520
 4.5386
 2.5237
 2.2260
 3.2734
 3.9250
-0.2190
 3.5844
 4.6052
 0.3851
 2.3520
 4.2370
 3.1025
 2.9261
-2.8097
-4.4036
-1.1186
 0.6173
 3.1262
-3.6632
 0.4999
 3.0140
 4.9031
 1.3800
-0.4440
-4.8205
 4.4076
-3.4795
-0.2005
-2.8956
-2.4473
-2.3444
 1.1870
 3.4506
-1.0982
-2.4824
-2.1520
 4.9230
 2.7173
 2.2582
-4.0060
 4.2085
 0.9203
 1.1976
 2.4142
 4.4356
 3.0499
-1.2274
-3.3435
-0.2993
-4.9730
 0.7271
 1.5708
 2.4181
 2.0444
 0.2572
 3.0624
-2.1829
-2.1447
 1.4005
 1.8756
 1.9728
 1.1886
-2.1499
 0.4262
-4.9461
 1.1837
 4.4769
-2.0961
-4.1034
 3.7413
-4.2320
-0.8445
 2.6320
-2.2306
-2.4464
-0.9180
-3.7582
-0.3058
-4.5030
-0.0800
-2.3980
 1.7808
 2.5776
-3.8785
-4.1387
 2.8876
-3.0071
-3.8304
