-1.9566
-3.8622
-0.7473
-4.5768
-1.4423
-2.7428
-1.1051
 3.5427
-2.3241
-2.5998
 4.1716
 1.3121
-0.4534
 3.4170
 2.0177
 2.7283
-4.6427
 0.9621
 0.4354
 4.8911
 4.5302
 0.3923
 2.9167
 0.6109
-1.1831
-2.7154
 1.4922
 3.5776
 4.7527
 0.7881
 3.1692
 4.6607
-3.6795
 4.9602
 2.4959
 2.9196
-0.7699
 1.5243
 3.7472
-4.9481
-1.6475
 2.3860
-3.1291
 2.3903
 1.9134
 2.0480
-3.9397
-0.5040
 3.6578
-0.6776
 0.0774
 3.5266
 4.5057
-3.1312
-3.2206
-3.2333
 0.3879
 0.1912
 1.9391
 0.1309
-4.6515
-0.5161
-2.0652
-1.1202
 2.5999
-3.7162
 4.7294
 3.8593
 0.0786
 4.2817
-4.9484
-4.7008
-0.8781
-1.2341
 1.4111
-3.7334
 2.4258
 2.1753
-4.0402
-1.1768
 2.6987
-2.6878
 0.7958
 3.1507
-4.0360
-3.5592
 1.4091
-3.8013
-4.9221
-3.0840
-2.8423
 1.6252
-0.3626
-2.1984
 1.5817
 0.7174
 1.2679
 0.2689
-0.9006
 3.1939
 4.6271
 3.6018
-0.6689
-1.8656
-2.5790
