-1.4702
 3.1104
-3.3872
-3.7607
 1.0889
 1.8274
 4.9318
 0.7920
-0.5790
 2.6029
-0.5488
 4.3797
 2.2771
 0.3592
 3.1168
-1.0412
-0.7859
 0.2592
-0.7914
-2.6121
-4.4413
-1.0919
 1.7872
 1.5077
 0.0006
 4.7679
-4.6588
 0.8802
 4.7529
 4.8190
-4.4511
-1.0504
-1.1964
-4.0106
-2.8457
-3.1674
 1.6044
 3.9822
-0.4804
 4.9713
 1.4541
-3.8990
 2.7134
-3.5882
 3.5332
 4.8838
-1.4040
 4.3124
-3.9317
 3.2598
-4.8171
-4.2269
 1.7393
 0.7256
-1.4799
 3.7325
 1.7564
 1.6938
 2.3374
-0.1986
 1.0498
-2.5940
-0.1454
-3.4294
-0.8800
-3.6069
 0.9105
-0.7013
-3.3953
-4.9919
 3.0618
 1.7247
-2.9122
-0.6518
 0.6932
 2.8928
-0.6054
-0.9025
 4.5406
 2.6076
-2.8084
-2.9195
-4.9240
-3.2753
 2.1698
