 0.0126
-2.0821
-3.8105
-4.5827
 1.7115
-4.2272
-1.9522
 2.0841
 4.3287
 4.0564
-4.0209
-0.0155
 4.6275
-2.5037
 1.5478
 1.5994
 2.7023
-1.2778
-1.7837
 0.3953
 0.8725
 3.8126
-3.4049
 4.2531
-1.2337
-2.7172
-4.5362
-3.9883
-2.0317
-0.9294
 3.9110
-4.8742
-2.1891
 4.5729
-1.0450
 1.4561
-2.7833
 1.6203
 3.0736
-3.9119
-2.3776
-1.3158
 0.8694
 0.4486
 2.9639
-1.2154
 0.8391
 0.6896
 3.3363
-2.1527
-0.8684
 3.8093
-3.8911
-4.9491
-1.7760
-1.2478
-1.7031
-3.5316
-2.5305
-1.3010
 3.3790
-4.4419
-0.5891
 3.6131
-4.2510
