 3.2014
 4.4803
-0.3734
-2.3787
 1.9070
 1.9010
 0.0019
-1.2598
-4.2854
-2.0704
 3.7971
-0.7630
-2.2670
 0.5099
 1.7612
-0.5136
 2.6285
-1.2866
-3.7065
-0.6117
 1.1418
-4.8684
 3.2637
-3.6241
 4.7613
 2.3261
-2.7643
-3.0589
-3.9040
 1.1725
-3.6777
 2.3880
-0.9141
 1.0924
 0.1592
 2.7400
-2.4236
-0.3229
 3.5149
 0.0645
 3.0306
 1.5788
 0.3638
 4.7250
-0.5073
-4.9890
 1.2436
-4.8988
-1.4833
 2.6139
-2.7930
-4.2784
-1.1902
-2.8223
-0.4710
-2.8644
-0.0981
 4.3361
-0.0071
 2.1417
-1.5094
 0.8795
-2.0900
-3.0673
 2.3315
-4.6024
-1.9542
-1.1843
-3.8678
-1.1419
 2.8657
-1.6601
-0.4921
-3.3823
 2.6805
-0.5850
 2.9311
-4.7083
 4.1235
-0.5748
-1.0619
 0.4228
-1.2634
-3.9262
 1.8569
 1.9662
-3.0084
-4.4949
 3.1141
 4.8380
-1.6107
 3.4257
-1.2379
-2.1211
 0.7653
