-3.4992
-4.3747
 1.8121
-3.5484
-1.0667
-4.7814
 3.1980
 1.5799
-3.5080
-0.6392
 1.2348
 0.7654
 2.4437
 0.0391
 2.6460
 4.7507
 3.2825
-3.3352
 2.0329
-1.9900
 2.3655
-1.4367
-1.3780
-3.3152
 0.5251
-0.3249
-3.0260
-0.9234
-3.5969
 0.6430
 0.6720
 4.4530
 3.0327
 3.5098
-4.4150
-3.1020
 1.8761
-0.6023
 1.4686
-2.9511
 2.1080
-3.6717
-4.3397
 0.0157
 0.4681
 3.7583
-3.8320
 3.9127
-0.7032
 0.4433
 3.5205
 2.0222
 2.4789
-1.5662
 3.8126
-1.0159
 3.2889
 3.5474
 1.2914
 4.5636
-2.1051
-4.9689
 0.4340
-1.6783
-4.5514
 0.6320
-3.7972
 1.4369
 0.7173
 2.5975
 4.2320
-0.0539
-2.5100
 3.2538
-4.9798
-2.0811
 4.4755
 0.8813
 2.8914
 2.2018
 3.8019
-3.2000
-0.5476
-2.7726
-3.6919
-4.5261
 2.4704
-4.4061
 1.8415
 0.8606
-0.4848
 2.6663
-1.4836
 4.5783
 3.1150
-2.3989
-0.8966
-2.8190
-0.8781
-1.0684
-0.8286
-1.0833
 2.5221
-2.7838
-1.9169
