 0.6897
 0.5598
-0.0109
 4.1266
 4.6448
-3.9706
-2.2641
 2.3141
 4.8522
-3.9332
 2.3214
 1.5870
-3.2618
 3.1374
-2.2848
-3.6556
 2.0234
 0.1282
 3.3434
 2.4528
-1.9327
 0.4223
-4.2203
-4.1118
 1.5315
-4.5912
-3.9299
 3.5663
 0.2621
 1.1952
 1.8385
 2.5478
-0.9044
-4.4513
 2.7928
-1.6159
-0.1905
-3.7112
-2.1193
-1.0046
 4.6590
 0.9831
 4.0520
-3.3648
-1.7145
-3.9385
-3.4115
-0.7809
 2.1775
 1.6180
-3.8874
 3.0951
-2.4140
-4.9494
-0.1251
-4.7636
-3.9624
-0.9261
-4.2092
 1.4675
-3.7616
-2.9319
-3.4292
 3.9820
-2.5696
 0.1911
 3.8705
 0.3874
-0.0311
 4.3931
-0.4502
-4.8980
-0.4826
 0.2958
 3.9645
-4.9231
 1.7802
 3.7134
 1.0369
 2.1405
-3.0600
 3.6035
 0.6263
-3.7324
-4.1061
