-0.9271
-4.6107
-4.8121
 4.8042
-1.2751
 0.8518
-4.9883
-4.4050
 1.2664
-2.3407
-2.8235
 4.4603
-2.3311
-4.4096
-0.1303
 1.6942
 2.9753
-4.5817
 4.2409
 3.7978
-1.7405
-2.4454
-1.2949
-1.1005
 0.7145
-3.3364
 0.7925
-0.6863
 2.6175
-3.0633
 0.9597
 1.7300
 0.7764
-0.9762
 0.1724
-0.7642
 4.9027
-2.4114
-0.5221
 0.9848
 4.7552
 3.1524
-0.0896
-4.0245
-3.6813
-0.0656
-4.7526
 1.7583
 2.4885
-0.4365
-2.1316
 2.0111
 3.3346
-2.5471
-4.2518
-2.0990
 2.8350
 0.1200
 1.9124
 1.0079
 0.3961
 1.5076
 2.4527
 4.3497
 0.9588
 3.1023
 4.4742
-1.8053
-0.9170
 0.1388
 1.5866
 2.3538
 3.7129
-0.7988
 2.1810
