-2.4850
 1.4796
 2.8118
-1.8985
 4.6058
 0.3163
 1.1717
 3.4651
-2.7945
-2.5506
-1.1893
-4.3432
-4.0818
 1.0678
 1.9203
 4.9982
-0.7624
 0.7301
 3.6340
-2.2760
 2.2234
 3.7982
-1.3692
 0.9461
-4.9124
-2.0728
 1.6543
-2.5860
-1.1589
 1.6066
-3.1670
-1.1131
 4.7990
-2.3354
 2.9713
 4.7560
 4.3319
 3.2065
 2.0573
 3.1059
 1.8017
-0.7779
 1.3670
 0.6914
 1.3571
 3.6453
 0.2672
-2.1553
-3.6331
-3.0344
-4.9872
-1.5603
 1.4767
-2.2067
-0.0897
 3.6696
-0.6153
-0.1923
-0.5648
 0.9347
 0.8351
 2.8709
 2.9604
-0.8358
 2.6493
 1.5974
-1.5028
 0.6533
-0.6952
-2.5699
 3.5494
 3.2266
-2.5236
-2.4892
 1.8480
-4.3461
-0.3106
 4.4365
 3.2070
 3.7077
 3.5255
-1.6688
 2.7818
-0.7151
 1.0195
 3.6177
 3.5609
-4.2253
 4.9509
 1.1897
-3.7515
 4.2755
-0.6908
-4.1480
-3.5181
 3.8868
 2.3367
 0.4453
 0.8968
 1.5392
 3.1472
