 3.9842
-4.2766
 3.4852
-4.3332
 1.4237
-2.3387
-2.8144
 4.5802
-2.9010
 4.3357
 3.0702
-3.8795
-0.7247
 4.1435
-0.2134
-3.8947
 0.0234
 4.9614
-2.7871
-3.9493
 4.3104
 2.7496
 3.5010
-3.0608
-2.9281
-2.5900
 3.5824
 1.7328
-2.7427
 3.1378
-4.0145
-4.1910
 1.9131
-4.1663
-3.7333
-3.2577
-1.8039
 1.9907
-2.9421
 4.8806
 1.5187
-3.6627
-3.8603
-0.6659
 2.0977
-0.5105
 1.4540
-4.6211
 4.9074
-1.7654
-4.4696
 2.9965
-1.2833
 3.5538
-2.8503
 0.3565
-4.8489
 4.0593
-0.7418
 0.5761
-4.8793
 2.6066
-0.5159
 0.3427
 1.3439
 4.2895
 0.2656
 4.1159
 3.3388
 2.3516
-4.9879
-1.9576
-1.5185
-4.3714
 3.8569
 1.7590
 4.5860
-2.1403
-4.4896
 3.8530
-3.2959
 2.3034
 2.1718
-4.4860
 0.0775
 2.1829
 2.1564
 4.5899
 4.2561
 4.7424
-0.8277
 1.8643
 2.3225
 2.3402
 1.6081
 4.8600
-0.4930
-4.5354
-2.4220
 3.6324
-3.2202
-0.8739
 1.9631
 2.1212
 4.4760
