-4.0374
 4.4201
-1.7394
 3.5434
 3.0653
 0.3450
-3.5104
 2.3865
 1.4876
-4.1420
 3.0758
 2.9447
-1.3114
 0.0389
 4.2123
 2.5047
-0.3246
-1.5882
 4.0906
 3.9676
 0.9557
 1.0270
 2.7375
 3.0581
 4.2520
 2.1485
 3.4051
-4.3793
-2.0250
-0.8130
 2.7481
 3.3372
 1.4053
-2.0743
 3.7236
 0.3839
 2.0637
 4.1638
-1.5395
 1.5951
 0.2159
 2.3696
 3.8178
-0.3546
 1.3028
-1.0087
-1.7164
 0.6334
 4.7253
 2.8088
-4.8841
-4.9992
 1.7788
-2.9129
 3.5718
 3.0973
-4.3774
 1.3295
-3.0148
 3.8289
-0.6116
-2.9659
 4.9544
-2.0726
 2.3041
 3.2409
 2.6522
 3.6672
-4.8007
-3.8941
-3.8134
-3.8817
-3.2735
 1.6942
 0.2568
