-4.0097
-2.0601
-3.6095
-3.5716
-2.2687
 0.1108
-0.0316
-1.9398
 1.5986
 1.4160
 2.3963
 2.5677
 1.1217
 3.5687
-3.3868
-3.2384
-0.6650
 2.1583
-3.4930
 0.9632
 4.7373
 4.3343
 1.9410
 0.1036
 0.9779
 3.6682
-4.9464
 1.0698
 1.6687
 3.3052
 2.1418
 1.4426
-1.2704
 3.6165
-3.8426
-3.1110
 0.6862
 3.1690
-2.0412
-2.9736
-3.4511
-0.7617
-3.0051
 0.8244
-0.4805
 1.0842
-4.0632
-1.6241
 2.2461
 0.8846
-1.0412
-1.1822
-4.6295
-2.8229
 3.3872
-1.4834
 4.2281
-3.3642
 3.8304
-0.5079
-0.3504
-3.9016
-4.6937
 1.1853
-3.3483
 4.8602
 4.9407
 3.5397
-1.8242
 4.2262
-0.2617
 2.3199
 0.1340
-4.4348
 4.8676
-4.7251
-1.7335
-2.2522
 0.5906
-4.4319
-4.3416
-1.1551
 3.1752
-3.7521
 2.5682
-2.5513
-3.4552
-2.0762
 3.2901
 4.3756
 2.7493
-2.3345
 1.6102
 1.7354
 0.1944
