 3.4794
 0.6493
 0.9002
 3.2520
-0.1702
 1.7237
 0.3401
 4.3743
 4.1903
 3.1913
 2.0731
-1.3122
 1.6512
-3.8749
-0.7826
-0.4326
 1.4690
 0.0087
-2.5298
-3.6086
 1.2398
-3.3755
-4.4837
 2.7488
 4.1812
-4.5462
-0.1216
 4.1365
-4.6565
-3.5714
-3.4981
 0.4732
 4.5776
 0.4504
-1.5288
-2.1034
 4.7435
-1.4686
 3.3160
 4.1538
 2.4910
-1.8932
 1.0126
 2.4814
 0.1348
-4.8237
-0.3602
-0.6629
-1.8182
 0.9514
-3.1261
-4.3428
-1.3053
-1.7533
 1.9346
 4.6341
-2.0454
 3.7180
-0.8697
 4.0986
 1.9239
-2.8072
 3.6894
 1.6523
 2.6941
