 4.3651
-4.8282
-0.3084
 3.1547
-1.9379
 0.7074
-3.6847
 3.2431
-2.4823
 2.3479
 2.2136
-3.1777
 3.6784
 1.5679
-4.2236
-4.1891
-2.0536
-0.7486
 2.4218
-0.6180
 1.2811
 4.7162
-1.8876
-1.4361
-1.0543
 1.9758
 0.3692
 0.2121
 0.2884
 2.8029
 3.2715
-3.7133
-3.6331
-2.2176
 2.1073
 2.8043
 2.4078
-1.6895
-4.2169
 3.0313
 0.4458
-2.9612
 0.0503
 1.4548
-2.2316
 2.3145
 3.5355
-3.1125
 4.4464
-3.0060
 2.8966
 4.2041
 1.7763
-3.2173
 2.1281
-4.3533
 3.2400
 1.1467
-2.0882
-4.1868
-3.6272
 0.0727
-2.3883
-3.6180
 1.3584
-3.0880
-4.2847
-3.9493
-3.4523
-4.8978
-1.2719
 1.9678
 0.0131
 0.2309
 3.7637
-2.3686
 3.4828
 0.3440
-4.9190
 0.9726
-1.5585
-1.0823
 3.7005
-1.2253
 2.3447
 2.2867
 2.1134
 4.2209
-2.2945
-0.8653
-0.3871
-1.3260
 1.0953
 1.0558
 4.9207
 2.8472
-0.7754
 1.3269
-1.2557
 2.8613
 1.9689
