 0.5357
 1.1668
-1.3641
 1.8297
-3.2782
 3.4774
-4.4638
-4.6118
-4.9083
 1.3023
-2.1814
 4.5736
-4.6138
 1.7226
-2.1440
-4.3829
-3.9711
-1.0162
 3.4069
 4.9243
-0.6258
-0.8211
-1.7679
-3.2250
-2.2339
 4.5993
 0.8067
 3.8819
 2.0728
 4.7885
-2.7679
-1.1921
 4.5361
 1.6716
 1.2709
-3.0926
 2.1530
 0.6510
-1.0942
-1.3038
 2.5561
 2.8187
-1.0378
 3.2664
 4.8775
 1.7026
 4.3294
-0.9743
-0.6812
-1.4825
 1.9289
 4.3367
-1.5356
-0.0220
-1.2816
-2.5144
 3.3942
 4.2048
 0.6681
-3.4551
-0.5136
-4.2789
 2.2781
-1.7663
 2.4446
-1.4723
 0.8259
-0.9802
-3.7760
 0.4929
-3.1771
 1.1738
-1.4546
 0.9744
 1.4669
-1.1997
 3.1232
-1.1358
-0.5472
 3.4184
-1.4650
 2.7119
 3.5389
 1.2504
 2.9476
