 2.5729
 4.5449
-2.7316
 4.7667
 2.1235
 0.5047
 3.7742
 2.3175
 2.5979
 2.8184
 3.2444
-1.4120
 2.9197
 4.6698
-1.4500
-0.7798
-4.0563
 2.8979
 3.1955
 1.0508
-4.7907
 3.2389
 1.3029
 3.4197
 2.2286
 2.3568
 4.3244
-4.0803
 3.7072
-2.8216
 0.5044
-4.4725
-4.4367
-1.3000
 1.4965
 4.1647
-2.5050
-4.6916
 2.4836
-1.5858
-3.0969
 2.8600
-4.8010
 4.7924
-2.2874
-4.1256
-4.6786
-2.9739
-0.3699
-3.4582
-1.3214
 4.1038
-4.7124
 0.8419
-1.7317
 3.5056
-1.3820
-2.0907
 2.3449
 1.7310
-2.8851
-2.6981
 1.1447
 2.1258
 4.5910
-1.4788
 1.2454
-4.7096
 2.7722
 3.2198
-3.0442
-4.5429
 2.1851
-1.2454
 4.0185
