 4.2745
 3.5831
-0.7817
 2.0326
-2.0441
 2.5066
 1.3268
-3.3845
-0.0317
-3.6324
 1.6466
 3.1338
-2.7610
-2.5304
-3.2364
 4.6904
-0.8555
 3.1820
-4.3075
-4.9864
-4.5478
-2.3400
 4.3431
 1.4775
 0.8365
 2.2019
-3.1084
-3.8597
-0.6938
-3.4992
 4.3910
-1.4392
 0.7506
 3.9969
-2.8524
 4.6433
 0.1351
-1.3599
 0.3437
-4.4241
-1.2648
 1.3811
-2.4497
-3.0228
 4.8360
-2.0903
-1.6978
 4.7894
-3.7190
-3.3068
-3.0261
 1.4990
 3.9239
 1.1920
 4.3068
-1.4363
 4.3860
-3.9376
 1.8628
 1.2658
 2.2111
 4.6961
 1.5057
 3.3249
-3.1708
 0.8115
-3.5240
 2.7851
 1.4180
 1.2523
 0.9778
-1.5021
-0.5071
-1.8373
-3.0827
-3.1868
 2.4194
-0.1591
-4.5607
-4.7774
 4.1392
-2.2813
-0.1921
 2.9253
 1.2926
-3.9372
 2.8814
 4.7437
 3.5988
 3.2549
-0.5052
-2.6446
 1.6293
 4.5063
 3.0378
