-3.0058
 4.6747
-4.6257
-0.2018
-2.8099
 3.2484
 0.3524
-1.8896
-3.4183
 4.1930
 4.8450
 3.3330
-0.3807
-2.8983
 1.4320
-4.4533
 4.0113
-2.1416
-3.1999
 2.9286
 3.7899
-1.7098
-0.6495
-3.5581
 4.8330
-1.5018
 2.8707
 2.9376
-1.4122
 1.6087
 2.2457
-1.2267
-1.5402
 0.1595
 0.2968
 0.6031
 3.3627
-3.2988
 0.7328
 4.1672
-4.6093
-3.4683
 4.8272
 0.1275
-2.6897
 3.2846
-2.9489
 3.8209
-1.0627
-4.4615
-1.7745
-2.3969
-0.5629
-0.3510
 0.8542
 1.2049
-1.4465
-0.9176
 2.3828
-4.0908
 3.8361
-2.5621
 0.7417
 1.7974
-2.2592
 3.3244
 1.6946
-0.7061
 1.3868
-4.5045
 1.9160
-3.7395
 1.5064
-2.7527
-0.1466
-4.6505
-0.6335
-2.5348
-2.7773
-1.9822
 3.9481
-4.9142
 4.0612
 1.5343
-3.0385
-0.8559
 1.9484
 3.2331
-2.1565
 4.4614
 2.9382
-2.5122
-4.4311
-0.8937
 3.2734
-3.6556
 4.9781
 3.2410
 1.6482
-1.3723
 3.5113
