-3.9787
 2.9414
-2.1666
-3.2013
 0.1742
 1.9266
-3.0101
-0.8395
-0.1148
 3.9196
-1.9309
-0.8809
-0.6324
 0.6871
 2.3980
 1.3678
 3.8827
 3.1407
-0.2838
-2.5030
 3.1701
-3.3874
-3.5644
 3.0833
-1.3526
 3.2575
 0.2953
 1.5610
 2.2606
-3.5589
 2.4513
-3.8271
 3.2230
 3.1720
 1.3200
 2.9337
-4.5920
 2.6412
-1.6109
 1.8311
 2.2469
 0.6887
-3.8972
-4.2230
 2.9124
 0.4637
 3.8767
-0.6773
 4.0202
 1.9209
-3.1469
 0.1871
 1.5985
-4.1528
-1.3734
-0.9197
 3.8426
-0.4510
-3.1793
 2.2227
-4.8943
 3.8488
 0.0371
 3.3042
-1.5000
 0.5298
-1.0995
-4.7548
 1.4664
 3.9884
 4.8257
 0.2739
 0.5883
-4.4957
-3.4051
-0.7027
-1.1084
-1.9044
-0.2306
-4.0712
-3.8930
-0.8385
-4.1437
-4.5278
 1.2423
