-4.3080
 0.5714
-0.3076
 2.3971
-3.4434
 1.2466
 0.8968
 2.8953
-2.2327
-3.9927
 2.2283
-4.5957
-3.4970
 4.4881
-3.5314
 2.8099
 0.6597
 0.6819
 2.0554
-0.0785
-0.5607
-3.7251
 0.5008
-0.6594
 3.1775
 4.0948
-3.4527
-3.3099
-2.6238
-0.0743
-2.3631
 2.1212
-4.1495
-0.2370
 3.8095
-3.3364
 3.3167
-4.2284
 3.4697
-0.4506
-2.6031
-2.6723
 0.4911
-4.3743
 4.7440
 4.3922
-3.1213
 0.0927
 3.7709
 0.9919
 3.3430
-1.3019
 1.9097
-4.9640
-4.4867
-4.1813
-2.4238
 3.4892
 2.4613
 2.5082
-4.4661
 1.5779
-0.2349
-4.3708
-1.1745
 4.5957
 4.1608
-1.4286
 3.8462
-2.3364
-1.8454
 1.1031
-0.7632
-2.7015
 3.2828
 1.5214
-2.1792
-0.7339
 2.4567
 4.8727
-1.3561
 2.8960
 2.3466
-3.8701
-1.0298
 0.8841
 0.8303
 3.0808
 0.7949
 0.5287
-3.5491
 0.6115
 0.8868
 1.7758
-3.0563
-1.3031
 1.1777
 3.6225
-4.4756
 0.7616
-4.1388
 3.5059
 1.4860
-2.9603
-2.5138
