-1.7745
 1.3664
-0.4111
-4.3774
 3.6728
-1.2576
-2.1942
-0.8796
-3.3749
-4.8542
 2.6117
 0.0455
 4.0137
-1.5145
 3.1317
 4.9399
-4.3279
-1.1067
-1.7427
-4.9629
 0.7758
 1.1314
 1.8147
-1.3236
 3.5816
-2.0821
-2.6429
 1.9933
-4.8885
 1.4287
-1.1551
 3.8093
 2.3927
-2.2550
-0.7157
-0.8311
 3.2007
-2.1940
-0.2869
-3.3202
-0.5562
 2.3235
-0.0850
 0.6398
-2.7564
 4.9243
 4.4462
-4.1658
 4.3291
-2.2056
-1.2817
 0.7815
-3.7012
 1.3005
 1.3065
 0.8729
-2.6623
 2.0571
-0.3293
 1.4991
-0.7674
 2.7014
-2.6910
-0.3119
 1.8592
