 2.3398
 4.2236
-1.0866
-2.4572
-0.1529
 0.7890
-3.4241
 2.0276
 4.7275
-0.5464
 2.0875
 4.2714
 2.2474
-2.4859
 2.3884
-4.8719
 0.2261
-4.4984
-3.1457
 2.3031
-2.9821
-1.1432
 2.3031
 3.8908
 3.3934
 3.7509
-3.2485
 1.8898
-3.6549
 4.4175
-3.3452
-4.6979
 4.6147
 2.6519
 4.4466
 0.9926
 4.0731
 0.7167
-0.5818
 0.2417
-0.6845
-0.4990
 0.4224
-1.2610
 4.8391
 0.2714
-1.8745
 3.2487
 1.1234
-3.4861
-3.4385
 1.3365
 3.4260
-1.9609
 2.7988
 4.8145
 1.9551
-3.0282
 3.3072
 1.2213
 2.9842
-1.6521
 2.8850
 2.8067
-0.6993
