 0.1355
 2.0653
 0.9413
-4.9926
 2.5122
-2.7845
 1.2458
-3.3619
-1.2514
-2.5359
 0.4630
-3.5429
 0.0588
 2.1222
-0.1509
-3.1643
 4.4397
 3.5163
-1.3098
-3.1543
-2.7718
 3.2295
-2.2649
 1.7042
 3.6501
 2.0228
 3.8443
 4.9687
 0.4915
 4.6655
 0.1934
-4.7955
-1.2108
 2.5440
-0.9903
-0.0650
 4.5570
 1.9838
-0.1317
-3.6727
-4.5507
 0.7254
-0.1858
-4.0445
-1.5398
-0.3632
-2.2260
-3.6298
-1.0068
-0.4882
-3.5515
 0.1231
 2.6252
 2.1436
 2.4085
-1.7169
 1.2953
-1.2708
 2.9271
 2.0966
-2.6817
 0.8201
 2.1562
-0.7298
 2.9567
-1.6225
 0.4924
 4.1381
-2.6412
-0.3136
 0.8346
-3.0343
-1.4685
 2.5139
 0.5490
 2.2083
 4.3168
-4.1491
 4.5851
-4.4086
 3.7041
-0.3418
 3.0399
 2.4137
-3.9121
 0.6703
-0.4698
 4.0486
 2.6770
 1.4199
-2.1560
-1.2023
-4.2632
 1.9678
-2.6427
