-2.8825
-4.4193
 1.3746
-2.3982
-3.6274
 1.6746
-1.5398
-3.3710
 4.2149
-4.3762
 1.5699
-3.5541
 0.1194
-4.4832
-3.7419
-1.8072
-0.4143
 0.5564
-1.1952
 4.8278
-3.7872
-3.5666
-4.5509
-3.4591
-3.0756
 1.2668
-3.3077
 3.8225
-1.7859
 0.2560
 0.5551
-2.1242
-3.4191
 3.4971
-4.2249
-0.0399
 3.4215
-2.8703
 4.3167
-1.6491
 2.9302
 2.2858
 3.3960
-1.8462
 3.4581
-2.3100
-4.7614
 0.1469
 1.2509
-4.3016
 0.6278
 0.3958
 0.8479
-1.7804
-1.7270
 3.2182
 4.1883
-4.6726
 0.8756
-1.6746
-3.2334
 4.7417
 4.2745
 1.3584
 0.1849
-1.0506
 2.5168
-3.2966
-3.5739
 4.2192
 3.6231
-1.9819
 3.8837
 0.1169
 3.0482
 2.6376
 4.2022
-4.9867
 4.2810
 0.5331
 2.1909
-2.1963
 0.7647
 4.2788
-2.0325
