-1.7889
 0.1199
 1.8962
-1.9846
 4.1340
-4.0805
 2.0258
 3.9006
 4.6550
 4.3146
-1.5432
 4.0026
 0.8227
 1.3761
 0.8579
-3.5807
-1.0495
-0.3159
 3.3381
 3.5198
 3.0967
 2.4792
 2.1369
 3.4713
 4.7668
 4.5248
 2.3012
 3.8514
 4.5851
-0.6684
-3.6071
-1.8580
-4.7849
 1.3065
-3.5301
 1.4318
 1.8997
-4.4937
 0.6332
-0.8484
 3.7922
-0.8199
 4.0474
 4.7826
 0.0054
 3.5728
-2.7306
-3.0511
-4.5116
 3.0120
 0.6483
-1.7753
 3.7287
-1.3357
 1.8439
 2.5201
 3.6065
-1.4520
 2.9003
 1.9885
 2.7727
 0.9775
 2.7445
 3.9537
-2.0448
 4.6987
-3.8174
-2.2441
-1.6524
-4.4918
 1.8485
 4.8677
 4.2984
 1.0143
-4.1011
-1.6209
 4.6967
-0.5486
 0.2902
-1.8001
 2.4089
 2.8468
 4.4468
 3.5080
 1.1599
-1.6824
 0.8677
 2.2536
-4.0180
 2.6673
-1.1046
-0.7120
 4.5047
 2.0853
-0.2694
-4.4616
-2.1709
-0.6574
 4.9473
 2.3526
 0.2106
 4.6882
 1.5580
-0.4138
-1.6005
