 4.8630
 2.5540
-2.3286
 3.2965
-3.8913
-3.0241
-1.9132
-3.4628
 4.9058
 3.1850
-1.2009
-0.0948
-4.8949
 0.8815
-1.9916
-1.6632
-0.8844
 4.9971
-0.8050
 4.5215
 1.8201
-4.5129
 0.5383
 1.1605
-1.6729
 2.1711
-1.7145
 3.7103
 2.8499
-0.1334
-3.3137
 3.7380
 4.7982
 1.7640
-1.8107
 2.7449
 1.8550
-2.2953
-1.9201
-2.5576
 1.6365
-1.9412
-0.1947
 2.6871
 1.6898
-3.7453
 1.4163
-1.5549
 0.7850
 2.6933
 2.0058
-0.8453
 2.2584
-2.4842
 2.8577
 4.6230
 4.3124
-1.3119
-3.9304
 0.7773
 4.3506
-2.0082
 3.7733
 4.9108
 2.0134
 4.1823
 1.5695
-2.0795
-1.6526
 2.3760
-0.1300
-1.2639
 2.0903
-4.7669
-1.5534
 4.0743
 4.9285
 4.9752
-2.4138
 2.4935
-2.6457
 2.9528
-2.4078
-0.7587
 2.8207
 4.2366
 3.4017
-3.6952
-4.0637
 1.5004
-1.0615
 2.1487
 4.0059
 4.9761
 4.7532
 3.5982
 1.4018
 4.9230
 1.7565
 4.2418
-2.4679
