-3.3843
 4.4955
 4.7179
-3.7391
 1.4518
-3.0102
-2.4737
 0.9122
 2.3186
-2.1249
-3.9961
 4.9645
 2.4028
-1.7342
 1.4722
 4.4703
 4.4318
 3.5611
 0.1312
-0.8848
-0.6326
-1.6486
 2.3287
 1.0275
 3.0753
-0.3121
 1.8102
 2.9445
-2.8392
-2.5246
 3.3764
-0.8078
-1.8809
-1.5498
 3.4056
-3.7694
 0.7842
 4.8976
-3.1236
 0.1789
-1.9594
 2.9493
-1.9483
-2.1650
 0.7792
 4.3298
 2.0967
 3.4886
-4.8336
-3.8312
 0.8039
 3.6082
-2.2136
-0.2916
 4.6212
-1.2091
-3.1864
-0.4068
 3.1315
 1.8096
-2.1008
 3.1678
 0.3121
-4.8279
 3.9451
-2.4400
 3.5401
-1.6371
-2.8565
 4.2736
-4.7062
 3.3140
 0.2894
 1.8314
-0.9361
