-2.0297
-2.6759
-1.0475
-1.5476
-0.9571
-4.8739
-1.5810
-1.6284
-1.4081
-3.0973
 0.2998
-3.2795
 2.7044
-4.6127
-0.4003
 1.6180
 0.6769
-3.5693
 4.0488
-1.9982
 4.4995
 3.5813
-3.7498
-0.7675
 0.0384
 4.5086
 0.6441
-2.5267
 0.0090
 0.5853
-1.4380
 2.5898
-0.0893
-0.4648
-3.2973
-0.5196
 2.7505
-3.5376
 3.9116
-4.7542
 3.0712
-2.7702
 0.3536
 4.1869
 3.0043
 1.5987
 4.5628
 4.8379
 1.0165
 2.4148
-0.8327
-1.5123
 2.2799
 0.3879
-0.9443
-0.6904
-4.7156
 4.5424
-0.2847
-2.3022
-0.3360
-4.6561
 2.7037
 0.2235
-3.8330
 0.5697
-1.4743
-2.5061
-3.7177
 1.6415
-1.6823
-0.9760
 0.1638
-1.0462
-3.5326
 2.5802
 1.1526
 1.0404
-1.4017
 1.9780
-0.7498
 0.3952
 0.6564
 4.5425
-1.8093
-3.7496
-3.7428
 1.6608
-3.5777
-4.7291
-3.5621
 2.4063
 0.0361
 4.9370
-1.5419
 4.7933
 0.1372
-1.5205
-0.9149
-3.4322
-4.4478
