-0.7165
 4.3191
-2.5970
 1.0682
 4.6611
 4.0838
-4.7437
 4.5178
 0.3336
 2.0599
 4.1547
 2.7726
 3.1820
-3.1576
-2.9143
 0.4301
-1.1581
 2.7822
-0.0039
 0.3855
-3.8849
 2.1372
 0.8627
 4.7872
 3.1368
-2.7599
 4.2207
-2.5372
 4.5401
-3.5960
-4.8189
 3.8914
 1.9739
 1.3735
 1.8806
-1.9851
 1.5998
-2.8841
 1.1041
-2.3439
 4.5903
-2.6472
 2.1101
 2.4030
-2.3126
-3.5494
-3.6933
-4.4435
-4.6092
-0.5661
-4.6089
 0.2891
 3.5581
 4.3935
 2.1567
-2.7068
-3.8323
-3.5102
-0.0197
 1.3528
-2.8048
 1.9464
 1.6023
-2.0295
 4.9775
