-3.8483
-2.9785
-0.6329
 3.6191
 4.7115
-3.5078
-3.6906
-1.7504
 4.3980
-1.6833
-1.6226
-0.7620
-0.9808
 4.5850
 1.6807
 1.0712
 0.4853
-1.5292
-4.4539
-1.0312
 3.8176
 2.3344
-0.9150
 0.8304
 1.2254
-2.5931
 4.8293
-3.5697
-2.1040
-3.1289
-2.6470
-3.1382
-2.1177
-2.1326
 2.2463
-1.9755
-4.3221
 0.0546
-3.3366
 2.9199
 3.9413
 3.2114
 3.8222
 4.8415
-2.3328
-4.5172
 0.5533
 3.5071
-3.8266
-3.2037
-1.5091
 4.3651
-0.7875
 4.1898
 1.4651
 0.0429
 0.5004
 0.8272
-0.6013
-3.9247
 3.9617
-4.8458
-4.7044
 0.0259
-2.1411
 1.8685
-0.7986
 4.1287
 0.1028
-4.6744
 3.3458
-2.3520
 0.5936
-1.8804
 2.1113
-1.7993
-2.6062
 1.2661
 4.6301
 0.3861
-1.0216
 0.7182
 2.7831
 0.1514
 2.2789
