-3.2337
-1.8745
 4.2061
 2.1455
 2.8724
-3.6350
 4.4868
 4.4184
 2.2425
-2.4910
 1.8265
 2.5906
-0.1298
-1.8483
 0.7366
-3.4656
-0.2365
 3.8358
 4.4095
 0.9803
-2.9228
-2.8575
-1.8137
-4.5517
-2.5030
-2.1874
-1.4874
-2.9351
 0.2367
 4.7573
-0.6697
 3.6473
 3.4922
 2.1578
 4.5195
-1.6267
 0.0787
-0.7742
 0.2036
 0.9142
 3.2496
 0.3015
-3.7661
-1.0973
 2.3532
 1.6210
 0.6477
 1.8324
-3.4490
-3.2993
-2.9758
-3.6622
-3.2381
-4.5258
 0.0576
 0.3265
-1.5193
-3.2155
 4.3204
 1.7984
-4.7183
 3.4745
-4.1658
-0.2345
-1.0420
-2.1936
 1.9248
 1.6311
 3.6935
 0.9293
 1.6789
 3.4418
 4.7793
-0.7249
 4.3093
 4.5758
 1.4196
 3.0360
 3.9943
-2.5320
-2.7392
-1.5650
 1.7960
-4.0812
-2.3382
-4.9936
-0.2005
-1.5368
 4.7493
 2.9788
 0.8962
 3.8088
-2.1665
-4.1093
 2.9715
-0.7700
 1.4923
-4.5327
 3.5569
 4.9916
-4.6504
-1.8982
 2.8521
 1.9581
 3.2082
