-2.9342
-3.3084
-4.7945
 1.7823
 2.0261
-1.5563
-1.8987
 3.4441
 0.5222
 1.5786
 3.5652
 3.2112
-4.8079
-2.3551
 1.8071
-4.9703
-2.6066
-1.4933
 2.0040
 4.8744
 1.4885
 2.1243
-4.4293
 2.3347
 0.0037
 0.4376
-4.0153
-3.0874
 2.4005
 0.0657
 3.7928
 3.8346
-3.7608
 1.6244
 0.2914
 1.1299
-0.9720
 0.3164
-4.5870
 1.5445
-4.5008
 4.2916
 3.0067
 4.0190
-1.4173
-4.5022
 1.4393
 3.8849
-3.1473
 1.5170
-0.3997
-0.8390
 0.9009
 1.5859
-4.4078
-2.4830
 2.1543
 4.9362
-1.8287
 0.1528
 3.8807
-0.1103
 4.7644
 4.0052
-0.7828
 2.3770
 0.7382
 0.8898
-0.6779
-4.2390
 0.0473
 2.6285
-2.3741
-1.2716
-4.5469
-3.1322
 4.7358
 2.4808
 1.4620
-1.7127
-0.9883
 0.5114
-3.5689
 1.0843
 3.0262
 1.2792
-2.9033
-4.5813
 1.1814
-2.1693
-4.6090
-4.3119
-2.3187
 0.9042
-2.7757
