 3.4474
 4.4612
-3.7902
 2.0927
 0.1508
 2.7858
-4.8216
-3.2557
-4.2403
-1.3148
 2.9651
 2.4891
-1.8507
 4.8595
 2.9968
-2.9823
 4.6839
 3.4000
 0.9533
 3.8312
-2.3439
 3.0257
 1.9575
 1.9120
-1.7858
 4.6915
 0.8432
 0.1222
-4.8628
-4.2302
-2.4243
 1.9242
-1.6397
 0.0480
 1.5834
-2.3067
-0.2918
-4.8857
-2.0828
-3.8658
-3.7045
-3.6006
 1.1355
-1.0210
 2.5250
-3.2383
-1.3112
-2.6281
-3.0389
-3.0698
 4.3867
-1.6782
-4.8323
-4.3877
-4.8178
-2.1745
 2.7949
-0.1658
 0.4394
 0.3639
-3.0253
-2.8425
 3.2718
 2.0881
-2.1676
-1.7305
 0.0720
-1.6441
-1.4254
 3.8500
-1.3593
-4.5006
-0.5160
 1.6301
 2.3792
