 1.0712
 0.8728
-4.6552
-4.3839
-3.3336
-4.7706
 1.9862
-2.9292
 0.6670
-0.9960
-4.7718
 0.7459
-1.2175
 4.3954
 1.3381
 2.5201
-3.2159
 0.1162
 4.7674
 4.7354
 3.8146
 1.7925
 4.9639
-4.7838
 4.3776
-4.0044
-0.1559
 2.0229
 3.0632
-2.0125
 2.0308
 2.1376
 0.0355
 0.8861
-4.3945
-2.2778
-2.4071
 1.7786
 0.6099
-3.0650
-3.7421
-1.6019
-3.9722
 4.5582
-3.1767
 4.4229
 3.1663
-3.1795
-4.8491
 3.3120
-1.8069
-2.7441
-1.4157
-4.0389
-2.7241
-0.5237
-0.0312
 0.2602
 4.0507
 2.6364
-2.1494
 0.6946
 1.6470
 0.8090
-4.1860
-2.1974
-0.6111
 1.1983
 1.4968
