-2.5798
 4.3016
 2.6782
-2.9953
-2.8643
 3.9007
-1.6474
-4.2672
-2.9611
-2.2956
-3.0986
 3.4551
 2.9194
 0.3705
 0.4605
-4.3214
 1.4184
 2.5592
-1.9363
 4.8731
-0.6818
-1.3776
-4.7267
-2.2524
-0.6334
-1.6634
-4.6953
-2.8539
 4.5330
-4.1573
-3.5714
 1.0581
 1.5858
 2.3075
-1.4056
-3.6923
 4.3316
-2.0144
 3.5486
 2.5835
-3.4285
 0.8956
 2.5095
-4.0065
 0.5736
-1.5890
-1.9658
 1.8829
 3.6396
 4.0822
 0.9899
 0.3422
-4.0473
 2.9846
-2.2251
 0.7836
-2.1948
 1.2159
 4.9611
 2.1118
 0.0357
-1.4461
-4.5769
-0.5181
-1.1557
 3.8377
-3.6253
 0.3528
-1.6938
 3.4805
 4.8074
 2.9487
-0.6158
 1.0746
-1.7229
