-0.8520
-3.4689
 2.3511
 1.5908
-4.2340
 1.8147
-2.2353
-0.3842
-4.0280
-1.3786
-1.9380
 2.7940
 1.2001
 3.1163
 3.5200
-3.4784
-1.3113
-0.1732
-1.5976
-2.2643
 1.9146
-2.7267
-4.6060
-3.1675
-0.6266
 3.5638
-3.8789
 1.3034
 1.9893
-3.1674
-1.4881
 3.5263
-4.4412
-3.2305
 3.0850
-1.2601
 3.5237
-2.6718
 0.3895
 3.5501
-0.4376
 0.0587
-3.4031
-1.0380
-3.6787
-0.2708
 3.8185
 1.4374
 1.0034
-1.6606
 3.1766
-2.4004
 4.4434
-1.4319
-2.0601
 1.3511
-3.3970
 2.1121
-3.9974
-1.4417
-3.5391
 3.1238
-0.2723
 1.5210
 3.4739
-2.5364
-1.3891
-4.5223
 3.2390
 1.9439
-2.5489
-4.5556
 1.7469
 2.3589
-0.5822
 3.7768
-4.4439
-0.2840
-2.8601
 0.5690
-3.7695
-1.2945
 0.8361
-4.0824
 3.8915
 2.9178
-1.6463
-0.4762
-4.9173
 4.6640
 2.4040
 3.3322
-1.6352
-3.3423
-2.4089
-3.6462
-3.1504
 4.9578
-1.2739
 1.6270
 4.0322
-1.2310
 4.3362
 1.7964
 3.6359
