-0.0474
-2.6152
 1.2514
 4.5905
 3.4887
-2.1273
-1.1062
-3.2300
 0.0423
-1.7623
-0.6408
-1.8333
-1.8306
 4.1214
 1.7310
-2.0499
 4.7185
-1.2640
 2.1305
 2.1460
-3.4130
-1.2886
-2.6331
-2.4553
 0.1592
-0.7697
 0.5313
 3.2675
-4.5098
-3.8964
 0.4794
-0.6880
 2.9968
-4.5124
 1.6100
 2.1249
-1.0635
-4.2888
 4.8485
 3.6501
-4.7972
 1.3846
 4.9101
 4.1530
 1.8172
-2.0226
 4.9639
-0.8571
-0.9991
-1.3366
 2.8861
-1.5960
-1.0071
-0.5690
 4.9370
-4.2244
-1.2787
-0.8865
-4.2942
 2.3636
-1.7341
 4.6649
 1.4613
-3.3661
 1.0204
 1.7610
-2.4049
 3.2405
-3.5494
-3.7965
-0.5073
 2.5092
-0.2320
-2.7650
 0.3082
 3.6976
-3.4202
-2.3038
-2.3248
 3.9495
 2.8342
-3.2644
 2.9598
-2.3736
-0.3901
 2.7024
-3.6741
 1.0459
-2.1670
-0.6581
 2.0699
-2.1572
-2.8120
 3.2638
 0.6732
-0.4269
 3.2468
-3.1273
-2.2252
 2.8480
 3.1586
