 0.4997
 2.7458
 3.7839
 2.9437
 4.2950
 3.2014
-3.6770
 4.5387
 1.5950
-1.2477
 2.1479
-0.7003
-0.9041
 1.0607
 2.7633
 3.8788
-1.3663
-3.6425
-3.2669
-0.7616
 2.4854
 0.5535
-1.4784
-0.0465
 2.7238
 4.2609
 1.3135
 0.3390
-1.8905
-3.2938
-2.1360
 1.2318
 0.8662
-1.3810
-2.9010
 1.2856
-1.1465
 3.4868
-2.6704
 1.0909
 1.7039
 3.5756
-4.8349
 3.3135
-1.5857
-3.4461
 4.7214
 4.5836
-2.7957
 3.2553
 2.8373
 1.3700
 1.7494
 0.8863
-3.9735
 0.0046
 4.4463
 1.7970
 4.9996
 0.3238
 3.5200
 0.6630
-0.8868
 4.4316
 3.5097
-3.2623
-0.8970
 3.2080
 3.3072
-2.4716
 2.2330
-3.2622
 3.3045
 2.5956
-3.0585
 2.0236
-1.7809
-0.1259
-2.9879
 4.1040
-1.4120
-0.4427
 0.3683
 4.1648
-1.4868
-2.4940
 0.9673
 4.6296
-3.9848
-0.4378
-3.4110
 1.1813
-0.0019
-4.8094
 0.8966
