-3.0776
 3.3677
 1.7435
 0.8219
-1.4886
 4.8503
 4.1855
-2.6873
 2.6041
 1.1280
 2.1916
 1.2289
-2.3012
-2.6378
 1.8768
-1.6888
 1.5766
-4.7724
-4.8469
-0.1933
 3.7335
-3.7287
 1.6474
 0.6735
 2.0528
 3.4886
-4.8045
 4.1480
 1.4048
 3.9662
-3.7583
-2.1289
-1.5988
 3.2089
 2.9666
 1.8668
-4.7741
-0.9641
-3.4262
 4.2851
 1.0188
-2.7421
-3.4783
-3.5423
-0.3350
 0.0008
-2.9912
-0.8022
-1.9483
-3.5318
 4.8684
-1.3733
-4.3354
 1.2015
 3.5025
 3.7826
 0.6705
 0.6249
-2.4233
-3.6478
 3.0957
-0.6210
-4.4778
-2.1336
-4.9457
 2.6036
-0.0548
 4.6381
 2.7008
 4.5400
 3.7180
-0.6443
-2.8240
-0.6219
-2.5071
-4.2162
 0.0837
 4.9745
 1.7385
 2.7675
-4.5137
 4.8546
 2.8478
-4.8803
-3.4144
