-2.4713
-0.2209
 1.3210
-2.1063
 2.6701
 3.9621
-0.6021
-3.1660
-2.5215
 2.4009
 3.9849
 3.5606
-2.5436
 4.4070
-3.3143
 1.0411
-2.5939
 3.8876
 1.8817
-4.6990
-0.4932
-3.9582
-1.7385
 1.4141
 0.4574
 3.8289
-4.7845
-2.5053
-2.7449
 1.3048
 3.4848
 1.6742
-2.8287
 4.4184
 0.9512
-3.7658
 4.5915
-4.3833
-4.7817
-1.3940
-0.1400
-3.6648
 3.9881
 2.6489
-1.0878
 3.9919
-0.7088
-3.6318
 4.7531
-0.3727
-1.8976
 1.7281
-3.7387
-4.8137
 2.9015
 0.9538
 3.9037
 1.8604
 4.9075
-4.3170
 1.3797
-1.9676
 0.5274
 3.8048
-4.0229
