-4.8017
-0.5819
-2.7545
-2.8030
-4.4271
 2.7385
 0.9054
-1.1407
 0.8345
 1.2826
-0.6915
 0.5831
 2.4331
-3.4657
 1.5877
-4.8948
-0.1333
-0.1433
-0.2346
 3.2003
-1.2933
 2.3958
 1.2763
 3.6262
-3.5564
 3.1053
 0.8318
-2.3563
 4.0041
 0.8390
 3.0910
-2.2271
-2.8472
 4.3227
-1.1051
-1.1090
-1.7704
-4.9597
 1.5022
 3.3153
 0.4695
 2.6915
 3.8492
 4.9181
-4.5660
 0.3261
-1.4751
 2.3204
 0.7552
-0.2972
-0.2886
 4.6803
-2.5962
 3.2221
 0.5327
-2.3071
-2.2594
 1.2607
-0.9346
 0.4731
 4.2990
 4.0572
-3.6502
 4.5375
-1.1402
 4.1792
-1.0627
-4.6053
 3.5460
-1.0902
-3.9084
-2.9956
 0.3463
-4.8981
-1.2364
