 4.6773
-0.6907
-3.8938
-3.8268
-3.5779
-2.1825
-2.5653
-4.7007
-2.3739
-4.3323
-0.5090
-2.9569
 4.3447
 1.1410
 0.6809
-4.8994
 4.6296
 2.0152
 1.1576
-1.1399
-0.6218
 4.0116
-0.5333
 2.1539
 2.7470
 4.3584
-4.7476
-4.8386
 4.7496
-2.4597
 0.7081
-2.2539
-1.1920
-4.6808
 1.4776
-1.3750
-0.6679
-3.9087
 2.8691
 4.2177
-1.8935
-0.4483
 3.8848
 1.0234
 2.7861
-2.6577
 1.2015
-3.0605
 4.6350
 4.2624
 4.7700
 0.0828
-2.6324
 1.1379
 4.5667
-4.9028
-2.3199
-0.8744
-4.5369
 0.9168
 1.0434
-3.7809
 1.8274
-0.8223
-3.9210
