 4.9048
 4.3219
-3.5939
 0.6818
 4.1026
-4.6852
-1.7239
 4.9154
-0.8621
-2.3574
 3.1478
 0.9599
-0.8378
-1.6382
-4.6713
 0.9142
 1.2239
 4.3438
-2.4451
 3.3160
-3.4538
 1.4631
 4.1170
 2.8442
 0.5722
 1.4395
-2.5463
 0.2754
 3.5332
-2.6178
 4.1602
 3.7288
-0.7289
-1.2073
-4.7670
-0.2476
 3.0554
 4.0121
 1.4602
 1.2516
-4.8134
-0.3657
 4.3831
 2.2663
-0.5175
-1.9347
-4.3624
-3.3245
 3.7880
-1.8407
-4.9131
-2.4331
-1.6334
 4.2183
-4.4110
 1.3324
-2.5433
 3.3984
 3.5038
 3.5043
 4.1389
 1.6448
-4.8047
 3.2224
 0.5324
-1.7713
 1.4559
-2.8038
-4.0256
 4.0107
-2.1797
-1.0723
 0.3156
-4.3735
 2.2202
 3.3582
-1.1485
-0.9837
-1.5984
 1.0080
-0.2083
-1.6085
-0.9351
 3.7719
 1.5748
