 4.1504
 4.4860
 2.7381
 1.5081
 1.7999
 1.0182
 0.7724
-3.5549
 0.5539
 2.9686
 0.9380
-3.9440
 3.2211
-2.8021
-4.1799
 0.6542
-1.8635
-4.3591
 3.2926
 3.1684
-4.5353
-0.7047
 1.1271
-4.1524
-2.5386
-3.0977
 1.0605
 2.0093
 1.8218
 0.3315
-3.3881
 4.8038
 3.1131
 1.9277
-4.8565
-4.9625
-0.2587
 3.6884
 2.1843
-1.3579
-3.9381
-3.5861
-1.3722
 2.2143
 1.7892
 3.2941
-4.1515
-4.4595
-1.5091
 4.7101
-2.1313
 2.3622
-0.0813
-2.5792
-0.8818
 1.7373
-3.4554
-1.2250
-2.2032
-1.2673
-1.3080
 3.1121
 4.1399
 3.2512
-3.4153
-1.8379
-1.2831
-2.2084
 0.7968
 4.1822
 4.9421
 0.2858
-2.1927
 0.5314
-0.6882
-1.4719
 1.5287
 0.4828
-0.8972
 1.7617
 2.3206
 2.6835
-3.8355
 4.7286
 4.4347
 3.2248
 3.0874
-2.1616
-0.9274
 1.4164
 4.1498
-2.4454
 0.9899
-4.4083
 1.7352
