 3.5126
-0.0489
-4.1105
 2.1104
 3.2808
 2.5740
-3.4718
-1.7366
 3.9089
 4.4975
 0.0314
-2.6292
-0.7931
-1.4038
-1.2341
 2.8131
 2.9885
-4.2305
 3.7979
 3.6345
-3.4037
 0.3497
-4.8966
-2.9652
 3.3151
 0.7626
-4.9397
-4.1285
-3.6608
-2.0303
-4.9991
-1.6733
-4.1290
 4.3474
-1.1408
 2.8207
-0.4433
-2.0215
-4.1746
 4.2959
-0.7805
 2.1837
-3.7665
 2.7417
 4.4004
 4.6401
-0.4264
-2.0780
 1.8528
-0.4422
-2.3609
-3.3271
 2.6244
-3.8170
 1.3351
-4.7683
-0.5379
 1.7616
 2.7093
-0.1055
 2.7270
 3.4412
 1.7128
-3.0147
-4.1089
-1.5541
-0.3556
 4.6862
 1.3654
-1.3719
 3.3781
 0.6291
 1.8310
 2.2958
-4.3160
-4.3192
-2.8472
-3.1310
 0.9070
 0.1191
-4.5765
-3.7195
-1.3795
 0.3305
-4.5176
 2.6512
 1.0089
-0.2636
-1.4087
 0.1832
 3.0533
 0.9981
-1.1882
-0.4533
 2.0236
-3.6861
-1.3686
 4.7679
-2.0136
 3.1686
 2.2021
