-3.9494
-0.9654
 3.4201
-0.6029
 0.4510
-1.8606
-2.1194
-2.1757
-1.9323
-1.1945
-2.1019
 0.2752
-1.7734
 2.0789
-3.4552
 2.5420
-3.1690
-3.5714
-1.8749
 1.7995
-3.4462
-0.9738
 2.5694
-2.5703
-4.7536
-1.6070
 3.1602
 1.3098
-4.3300
 4.6372
 3.3886
 1.3756
 1.2259
 3.4778
 0.6883
-4.9314
-1.6047
 2.1202
 3.0637
 1.7041
 1.1020
-1.0513
-3.1545
-4.5164
 3.2797
-3.8561
 3.8368
 0.1492
 2.6057
 0.5070
-4.1993
-3.5523
 1.3053
-4.3544
 3.3053
-2.8683
 3.2169
 2.6814
 0.8095
-3.5359
-4.4775
-2.7799
 2.0219
-2.4750
-1.5580
 0.5352
 2.9018
 0.2683
 2.4680
-2.5885
-2.0445
-2.6256
 4.9120
-4.1567
 3.2538
-3.5086
-0.5448
 4.2521
 4.2877
 2.0680
-3.4563
 2.2102
 1.2618
 0.6416
-4.6958
 2.1932
-2.3145
-2.0372
-1.8743
 1.5673
 4.9549
 4.9925
 3.3271
-4.5675
-0.1922
 3.2760
-0.8551
 0.7316
-2.3413
 2.2336
 4.0362
 4.4538
-1.1763
 0.8239
-2.7386
