 2.9196
-0.6816
-0.2640
-1.3346
-4.9122
 0.8009
-4.7889
-3.6696
-1.5168
-1.1970
 1.5869
 3.0066
 1.8182
-2.6794
 0.2458
-2.4411
-1.6555
 3.5058
 1.4274
 3.4134
-4.5592
 1.5876
-1.4526
 3.8763
 2.4688
-1.4309
 1.6468
 4.5804
 2.1251
 0.8536
-4.6169
 3.4016
-2.8342
-4.0730
 4.1448
 2.6332
 1.1145
 0.9342
-2.6804
 4.1284
 1.9363
 2.6246
-2.0719
 2.7729
 1.6693
-0.3122
 0.2879
 4.4999
 3.1595
-2.1742
-4.2585
 4.3623
-4.9115
 0.5610
-4.9993
-3.1904
-4.6432
 2.9619
-2.1413
 4.6842
-2.9823
 3.0141
-4.7417
-0.3078
-1.5902
-3.4950
 3.3421
-1.6302
-4.0746
 1.4565
-4.5439
-4.8940
 0.6774
 1.6203
 2.0421
-1.9778
-1.4718
-3.7471
 4.8803
-3.0271
 2.9195
 1.6273
-1.7590
-0.0903
-4.7107
