 4.9506
-3.5702
-0.9545
 4.5542
 4.3851
 2.4849
 1.9283
 0.5013
-4.0538
-4.2116
-3.5883
-0.6499
 3.0441
-0.2384
-2.9425
-3.2371
 4.8165
 0.9481
 0.4001
 2.8682
 3.3617
-3.9001
-0.4789
-0.1366
 4.7058
 0.7668
-4.0107
 2.1514
 2.2533
 1.2011
 3.3444
-3.3671
-1.8740
-3.3403
 3.9313
-2.6292
-3.6049
-4.7865
 2.2773
-4.0154
 3.2878
-4.6908
 3.9153
 1.1782
 2.3819
-2.6531
 3.4837
 3.1846
 0.5643
-3.4064
 3.5818
 0.1670
 0.2399
-3.1350
 4.0858
 3.0348
-4.1348
 1.7294
-3.2269
-1.1919
-1.2592
 1.3089
 3.9947
-3.2809
 0.8569
-2.0717
 0.1356
 3.8741
 4.2862
 1.9189
 3.6953
-2.6685
 3.6020
 2.0928
-1.3691
 0.7647
 2.9545
 4.5955
-3.5004
-3.9860
-3.3268
 2.6926
 1.8931
-1.4937
-2.1245
-2.3214
 3.3973
-1.9573
 1.7876
-3.6124
-0.4941
 4.4192
 1.6652
-1.9302
-3.2098
