-0.9273
 4.7572
-2.9122
 0.6691
 3.2713
-4.5871
 2.0922
 0.8325
-1.1893
 1.6747
 4.8856
 3.9803
 3.0316
-1.3804
 0.7763
 1.0558
-0.7554
-0.5236
 2.9665
 4.2345
-1.4623
-0.3992
 4.8493
 3.0958
 0.9440
-4.7227
 2.3471
-4.4050
-4.4929
 4.8308
 0.8914
 2.8075
 1.6525
 4.4688
-1.4863
-1.6674
-2.9409
-2.4234
 4.2956
 1.5860
 1.1751
 1.0366
 3.0272
-0.9307
-4.4027
-1.7451
-4.2254
 2.6816
-0.0445
 1.6444
 4.8696
-3.3117
-2.3761
-3.4184
 4.6071
 0.9610
-0.2262
-0.3636
 3.5652
-4.8181
 4.4057
-4.2775
-1.7592
 3.1937
 4.8978
