 3.7712
-0.7957
-1.1169
 0.0523
-1.7413
-4.4216
 2.9811
-3.2525
 1.6243
-2.0097
 3.0788
 3.8150
 1.6301
 1.5141
-4.2948
 1.3911
 1.7557
 4.9887
-2.3265
 4.3637
-0.6837
-3.2006
 4.8698
 2.4432
-4.3645
-4.2042
 4.1915
 4.9775
 1.1894
 4.3314
 4.4518
 0.0765
-0.0708
 2.4984
 0.2304
-2.3566
-0.2019
-3.3582
 4.7395
 3.7397
 4.5867
 4.9954
-0.0696
 3.6025
 4.1829
-4.4522
 2.1992
 0.8483
 1.7942
-4.1500
-0.8513
-2.0148
 3.5913
-1.8333
 3.4992
-3.6361
-2.7611
 4.3827
 0.5194
 3.4533
-4.6350
 2.1260
 4.8667
-3.8591
 3.2041
 3.7640
-0.6124
-0.2989
 4.2749
 2.1220
-2.3486
-4.7226
-3.5616
-1.1197
-1.0010
 1.5175
 3.0116
 1.5054
-3.8376
 0.6435
 0.7751
 1.7261
-4.9607
 2.5687
-3.6627
-3.2175
 0.4906
 3.1339
 0.3541
-4.3008
 1.9073
 0.1642
-2.9357
-4.2599
-2.2771
-4.0134
 0.0379
-3.9845
-3.6128
-0.2137
 4.7448
-0.4901
-3.4908
 1.5487
-3.0932
