-1.7671
-4.0126
-4.2055
 1.9542
 2.3098
-0.6998
 0.7477
 1.9122
 3.3348
-2.0725
 2.4867
 4.0787
 2.1545
-2.9504
-4.0637
 4.1587
-4.6101
-2.9952
 4.1669
-2.4159
 0.9244
-4.7075
 2.2521
 2.3276
 1.3922
-0.7141
-1.4028
 4.8787
 1.5280
 2.7404
-1.3584
 0.2576
 1.6059
-1.6460
 1.4944
 0.1392
-2.3703
 2.2408
 1.5705
 4.0422
 3.1881
 3.6793
-1.9368
 3.7112
 2.1267
 1.0948
-1.9132
-4.2099
 3.7131
 4.7848
 1.5527
-2.2649
-4.6836
-1.9976
-1.9427
 1.9838
 4.4098
 4.3020
-4.0600
-2.2517
 1.9281
-2.4657
 2.6683
 4.0948
-0.0540
 0.9629
 4.9056
-4.1028
-1.2126
 4.7625
 4.4951
-3.4923
 2.9237
-3.4091
-2.3838
