 3.9333
 4.9103
 3.5193
 0.0085
-1.9363
-1.3554
-1.3181
 4.3808
-0.7496
 1.6419
-2.5278
 0.3826
-3.8522
 2.8124
 0.6084
 3.7171
-3.7891
-0.3020
 0.4600
-2.4394
 2.5140
-1.6928
 4.4802
-2.3164
-2.2823
 0.5769
-0.8089
-2.9708
 0.8205
 3.4312
-4.0458
-2.2861
 1.9335
-2.8082
-2.3372
 1.7431
 4.6728
 0.7654
 4.2908
 4.9666
-4.0474
-4.7743
-0.5568
 4.5334
-3.7484
 0.2227
-4.2677
 2.7147
 0.5000
-4.8439
-0.7227
 0.0247
 3.0823
-2.8494
 3.7534
 0.7665
 1.9031
-4.7936
 3.8043
-1.3097
 1.7196
 3.0877
-0.6835
 1.6743
 4.3475
 0.3565
 2.9916
 0.9892
 1.8595
 4.5663
-4.6260
 3.9189
-4.4136
 4.0765
 3.7379
-2.9219
 1.4293
-3.8058
 3.4081
 2.5896
-2.4683
 0.8319
 4.0998
 0.9085
 3.0801
-0.1541
-0.0402
-1.2023
 3.8049
-0.7006
 4.3930
-4.6905
 3.7666
-0.1561
 4.2492
 1.0693
-1.0458
 2.8457
 0.7173
 2.9684
 1.6714
