-2.2789
 0.5761
-1.9239
 2.3386
-2.7767
 4.3306
-3.8545
 3.3329
-2.0884
-0.4747
 1.8262
 2.0521
 0.3930
-1.7133
 2.9172
 3.9584
 3.4865
-3.9337
 3.7894
-3.1989
 4.3275
-4.2930
 4.6502
 3.4267
 3.3428
 2.4784
-1.3992
 0.0023
 2.9433
 0.3360
 3.4418
-1.4324
-4.6124
 3.8181
-3.6304
 3.4119
 2.5352
-0.9463
 2.8380
 3.3556
-2.5795
 3.5368
 3.2390
 4.2352
 4.9022
 4.0814
 2.1306
-4.3177
-0.4490
-0.1586
-0.5834
 2.0395
-4.8041
-1.9660
-0.1497
-1.1537
-1.9663
-4.3643
-2.8133
 3.1287
 3.7170
 0.9175
 3.4261
-1.5428
-2.4835
 1.1872
 0.0412
-1.1779
 2.3294
 1.4724
 0.5569
 0.3702
 4.2978
 0.6118
-3.6566
 4.4218
-0.3009
 1.1948
 1.8552
-3.0645
 3.9814
 2.4086
 2.5796
 4.3078
 0.2132
 1.5588
 4.9737
-3.8539
-2.9161
-4.2095
-1.7613
-2.3118
-0.4730
-0.1196
-2.5810
 2.3811
 3.3633
 2.5980
 1.5715
-3.0137
