 1.0552
-0.7255
 2.8140
 0.8768
-3.8814
 1.2640
-3.6377
 3.1421
 4.6379
 4.2175
 1.6779
 2.0784
-1.6235
-3.3332
 0.4819
-1.1397
 1.5817
 2.6636
-1.7419
-0.1710
-1.2345
 0.5937
 2.9330
 2.7855
 1.8828
 0.2022
-4.3026
-0.7663
 0.1457
 3.9723
-0.5399
-3.7391
-0.3007
-3.2110
 0.0004
-2.0378
-4.2213
-2.2199
 2.2723
 3.7739
 0.8782
 3.8730
-0.0009
 2.1685
-0.8935
-1.7242
-3.5979
 4.1865
 3.9276
-1.0808
-3.8726
 1.8877
-4.0330
 3.4132
 1.8030
-3.2243
 4.2614
 0.4812
-3.4191
-3.2643
 1.0916
 4.3984
 4.6915
 3.9961
 1.5875
-0.1143
 0.9823
 4.4726
 0.7303
-1.6584
-0.3446
-4.8177
-4.4751
 0.5019
 0.7175
 3.6908
-0.9805
 2.4104
-3.6577
-3.5617
-2.6209
 0.2466
-2.3334
 4.4093
-2.3171
 3.2336
-1.3870
 4.5059
-0.6537
 0.3767
-1.7916
-0.9999
 0.6066
-4.2300
-0.0672
 2.7072
-4.7884
-2.6105
 2.7755
 2.9126
