 2.4662
-3.5596
-0.1996
-2.6593
-1.4977
 1.1145
-4.4803
 2.0199
 0.5662
 4.5580
-0.6046
 0.4188
-1.2153
 2.5486
-3.6298
 4.3263
-1.1797
 2.4007
 2.5905
-1.6322
-1.9380
-4.0790
 2.8195
 3.8604
-2.7568
 3.2695
-3.7181
 2.7341
-1.6791
-0.8442
-1.3067
 3.8143
 2.4706
 1.1632
-2.9991
 2.1170
-0.1745
-2.6560
-4.3670
-4.1513
-1.8540
 4.5175
 3.9136
-3.4925
 0.6133
-3.0056
-4.8167
 4.3044
-4.7066
-3.3096
 0.9492
 2.4045
 2.1145
 1.1597
-4.8664
 3.2026
 4.2434
 3.9578
 1.2627
-4.1104
 3.3229
 3.2130
-4.3598
 3.8091
 1.1067
 3.1090
-0.5756
 3.2923
-1.7206
 0.6283
-1.4762
 4.7681
-4.9441
-1.8772
-0.7168
-4.7377
 1.0351
-3.5553
-2.0390
-2.2727
 2.1394
 1.6987
-1.4990
 0.1566
 4.2526
 1.6245
-0.3384
 4.7974
 2.5650
 4.9977
-2.7790
 3.9689
-3.8241
 3.5426
 1.5613
-2.1588
 3.7629
-1.1824
-0.0530
-3.8561
