 0.1228
 4.9053
 4.4849
-1.9654
-1.1055
-4.5245
 2.6565
-4.7645
-2.4448
 4.3715
 3.7453
-0.4221
 2.4655
 3.2289
 2.6858
 4.8359
-1.1016
-4.9900
 1.1619
-3.8188
-4.3997
-2.1136
 3.0318
 3.3184
-0.8365
-3.9978
-0.5537
-3.3546
-1.4663
 1.0658
-4.1218
 4.1823
 2.1409
-2.5209
-1.4081
-2.4100
-1.6974
-2.0556
-4.2466
-2.3576
-2.7637
-4.9679
-1.3199
 3.9879
-1.3061
-3.2716
 2.2354
 3.3404
 0.3590
-2.6848
 0.2508
 0.5929
 3.6877
-4.9164
-4.0376
-2.7980
-2.8283
 1.2088
-4.0109
 2.7911
-0.2321
-1.5124
-1.7414
-4.2484
 4.7220
-0.8613
 2.1451
 2.3628
-4.6494
 4.7592
-0.7651
-4.5611
-0.6827
-3.8419
-0.0507
-1.0589
 1.1370
 4.5676
 0.0952
 3.0360
 1.3143
 0.7014
 1.2673
 0.7589
-2.4002
 1.0026
-3.2279
 3.4813
-4.3185
 3.0909
-1.7719
-4.9199
-2.4961
 2.7361
-3.6860
 1.7083
-0.5126
 2.9520
-4.3188
-0.8753
