 0.4299
 1.5221
 0.6091
-0.9141
-0.0779
 3.8404
-3.9611
-0.8110
 1.2068
 0.2321
 3.8388
-0.0666
 3.2560
 4.0628
 1.8986
 4.6351
 2.7900
-3.9712
 4.7773
-0.4531
 1.6251
-2.7512
 2.8131
 4.0043
-4.7298
 3.2364
 1.6296
 4.5245
-1.7841
-4.6790
 4.3460
 0.3376
-3.8773
 1.2232
 1.3635
-2.2174
 0.2865
 2.8728
-2.5464
-1.4591
-0.6456
-4.8817
 2.5091
 0.9023
 2.4360
 2.1529
 2.8882
-0.8075
 3.2400
 3.5467
 3.0526
-2.8116
 4.2280
 0.6005
-0.9644
-1.4289
-0.8592
-2.1644
 2.1374
 3.0827
 2.5826
-2.2755
 0.3971
 4.3421
 4.5887
 2.6987
 0.2299
 3.9842
 2.3408
-3.7492
-1.2426
 2.2428
-0.8191
 4.3472
-2.1365
-2.6702
 1.6065
 1.0441
 0.4359
-4.4667
 0.0676
 4.8053
 0.5855
 0.3521
 1.1626
-1.6629
 4.3161
 4.5568
 1.7964
 1.2708
-0.9575
-0.5387
-0.8859
 4.5392
-3.3041
-3.1765
 2.5673
 1.0339
 3.9179
 4.3549
