-3.0838
 1.3245
 2.6578
 2.5159
 0.6734
-0.3182
-0.1393
 1.4897
-3.5816
-4.2470
 3.5181
-3.2276
-3.7670
 1.8882
-3.3327
 4.3226
-3.0030
 4.7446
-4.3250
 1.2967
-0.8508
 4.4461
 1.6903
 4.9061
-2.3611
 2.9183
 4.2889
 0.7053
 4.7778
 3.9791
 3.2927
-3.8935
 3.6194
 4.9944
-1.2300
-4.3733
-4.0792
-4.5589
-4.2656
 1.5099
-4.9080
 0.1543
 1.8454
-1.7434
 2.0739
 0.3836
 2.1780
-4.9827
 4.7058
-3.4540
 1.9929
-3.3463
-2.6326
-2.5567
 3.1623
-4.4105
 4.0303
-3.3193
-2.4237
-4.6605
 2.2773
 3.4091
 1.2920
-0.8439
 1.4343
-4.8297
 0.5788
 0.7438
-3.2675
 1.1132
 1.5012
-3.7223
-0.3467
 4.5221
 0.3742
-3.9306
-4.2067
 1.5018
 0.4061
 4.4789
 3.1127
 4.8524
 3.6673
 2.5706
 0.1520
-0.4587
 0.4402
 3.5009
 0.0222
 1.8654
-2.6494
 3.0284
-2.7144
 2.7085
 2.9757
 0.2680
 0.9229
-2.8995
 3.8411
-4.5477
