-4.6420
-1.6275
-1.7087
-0.1660
 4.4608
 2.1232
 4.9706
-1.1756
 0.2128
-3.2114
-3.0109
 0.7567
 4.3906
-3.9555
-0.1492
 2.2598
 0.1044
-1.9696
 1.2523
 1.1262
 0.8872
 2.8582
-4.5955
 0.3705
 2.3104
-0.9093
 2.9490
 2.4221
-0.8811
-1.5476
-1.8123
 0.0047
-1.9744
-0.2506
 4.4793
-1.8876
-3.7924
-2.0775
-1.8455
-3.6824
-4.6785
 1.9295
-0.4322
 4.4283
 1.3369
 4.3930
-4.9469
 3.1463
 2.1093
-0.0650
-1.7366
 4.1405
 3.3365
 1.2641
-1.2897
-2.0631
 2.3433
 3.0683
-0.2411
 3.4894
 0.7248
-2.8046
 3.5888
 3.4573
 3.9033
-0.1385
 2.3761
 2.9654
 3.3655
 0.3642
 3.2654
 2.3924
 2.3469
 3.4723
 4.7630
-0.6725
-3.1222
 2.1004
 3.8122
-0.7730
 0.5487
 2.1072
-3.5465
 1.1591
-0.5959
-0.5514
-1.3463
-3.3067
-3.8528
-4.1952
-3.6574
 2.0483
-4.2839
 0.4514
 0.1174
 4.4390
-1.3116
-4.8608
-2.6973
 3.3509
