 3.9169
-1.4188
-0.8043
-4.2951
-0.7645
 3.0895
 0.9267
-2.6622
 3.3552
-1.7215
-0.5878
 2.1495
-4.4812
 0.0349
 1.6530
 4.4390
 3.1095
 1.1657
-4.4334
-3.1866
-2.8963
 1.5019
-0.4531
 4.8524
 1.2304
 3.8256
 2.6567
-3.4359
-4.5191
 0.9504
-2.3095
 4.3898
 3.0254
 2.2334
-4.3349
-3.1444
 2.2331
 3.5561
 4.9333
 3.7461
-3.9145
 1.0849
 1.5887
-3.6958
 1.3633
 2.2144
-2.5120
-3.7194
-2.1626
-3.2291
-0.5271
 2.1659
-2.9258
-0.8053
 2.5746
-1.5652
 1.7398
 4.7523
-0.9575
-3.2479
 2.3432
 3.7781
 3.7287
 1.8281
-3.5968
 0.5177
 1.1262
-0.2415
 1.1706
 1.6954
 1.9690
-4.3670
-2.4057
 3.5639
-0.6575
 4.2911
-4.8034
-2.7110
-0.1528
-0.3416
-2.3072
 2.5497
-3.5652
-0.6855
-3.0302
-0.0468
 3.4262
-2.7284
-0.2797
 0.9979
-2.8178
 4.5875
-2.2932
 1.3111
 4.5231
 1.3810
 3.3778
-4.5016
 1.1737
 3.6276
