-1.0784
-0.8154
 0.2535
-3.1550
 1.1217
 4.0954
-2.8706
 2.6559
-4.8304
-2.3185
 4.9002
 1.4785
 3.3466
-3.9681
 0.1771
 2.3565
-3.5180
-1.9404
 3.3741
-3.0671
-2.3104
 4.0017
 2.5118
 2.5029
-3.8600
 1.0707
 4.9147
-1.3503
 3.7949
 3.6362
 2.9110
-0.7309
 1.2714
-2.0660
-2.6047
 4.5901
 3.7800
-3.8008
 4.9956
-3.7699
 2.4633
 1.3506
 2.0948
 3.8557
 2.7681
-1.1331
-1.5625
 2.6852
-4.7814
 0.3885
 1.1495
 2.1815
-2.2178
-2.0597
-2.9513
 1.3278
 0.3574
-0.8382
-2.1355
 3.6906
-1.7261
 2.7267
-3.5988
-4.8796
-0.0200
-2.5251
 3.3126
 4.5658
 3.2355
-4.0233
 1.7337
 0.6621
-2.8494
-4.5070
 1.2796
 0.8821
-0.6011
 0.7931
 3.4506
 2.8841
-4.9299
-0.9442
 4.8564
 4.2907
 3.9706
-4.1550
 1.0431
 4.0870
-0.4453
-3.3845
 2.5310
-1.9863
-3.6762
-4.7252
 4.8504
 3.3331
 0.3356
 4.1267
 0.3620
 2.2839
