-4.9745
 2.6334
 2.4140
 0.7644
-0.6650
-1.5771
 0.4474
-4.6927
 4.6780
-3.9484
-3.2570
-3.9989
-1.3156
-1.2258
 3.4901
-2.9151
-4.5112
-2.3179
 4.3859
-3.5089
 3.8165
 0.3589
 3.8827
 4.0524
 2.2776
 4.1775
-2.9070
-2.7984
 2.7780
 3.4794
-1.1400
 3.4648
-3.0926
-2.7315
 2.2329
-3.6838
 2.7149
-3.6526
-0.5287
-0.3194
-3.4621
-4.4525
-0.4764
-0.4841
 0.9298
 4.8943
 2.4497
-4.4866
-1.5805
-0.3427
-4.1732
 2.9893
-2.4422
 4.0112
-2.7520
 2.3464
-0.4116
-1.6905
-2.4020
-3.1691
 4.2810
-4.3892
 1.0301
-2.5544
 0.3891
-2.6446
-4.5907
 3.3198
 3.9853
 0.8177
-2.1203
-3.7728
 0.3222
-2.5102
-4.4266
-3.3554
-2.2311
-0.1442
 4.1734
 1.1813
-2.7617
 2.0325
 1.9983
 0.3676
 3.1721
-0.3933
 2.1571
 0.4358
-3.5361
-4.6895
 3.9625
 2.1619
-1.5555
-2.8950
 3.7658
-3.9706
-3.3286
-1.0183
 0.8935
-1.7947
