 2.2471
 3.4601
-4.8748
-4.4937
 3.0311
-4.6671
 3.4529
 2.0850
 4.3114
-3.9307
 0.2380
-4.0522
-4.5019
-3.7202
 0.9225
 4.8574
 2.2363
-3.3394
-0.0216
 1.0809
-4.5260
 1.1962
 4.8832
 3.1785
-0.3738
 0.5838
 1.4275
-0.6266
 1.5987
-4.2852
-0.8150
 3.4924
-1.5024
-0.3617
-1.6034
-4.5666
-0.7007
-1.2325
 4.6037
 3.9554
 4.0963
-0.8703
 2.7573
-2.8804
-4.2766
 2.1313
-2.4059
-4.2402
-1.7415
-2.7965
-0.3734
 1.7560
 2.1692
-2.3539
 2.5327
 2.6265
-4.6379
 1.6186
 3.9388
 0.4574
 4.1662
 4.7078
-0.5656
 3.7390
 3.3857
 1.8187
-2.6293
 4.2604
 1.3788
 0.9935
-4.4158
-4.5137
 4.7451
 3.6236
-0.8690
-2.5787
-3.8861
 1.8368
-2.2245
-2.3930
 4.1074
-0.0819
-4.8812
 3.5029
 0.3312
 0.0323
-0.4951
 4.8920
 1.7863
 3.9861
-3.7583
-2.1226
 1.2383
 0.7286
 1.6221
-4.3717
-4.2947
-2.4105
 2.2917
-1.6538
