 2.5229
 1.4425
 1.2662
-0.3651
 3.6779
 1.7627
 4.2781
 1.5363
-1.3252
 3.9498
 1.2159
 4.1771
 3.7206
-4.5228
 0.9738
 0.2240
-4.8924
 2.6592
 2.8954
 0.0802
 3.7937
-2.8248
-3.7352
 3.5101
 0.3902
 1.2476
-4.4745
 3.8244
-4.0348
 3.7405
-3.6684
 4.2220
 0.4497
-2.4315
-4.3194
 2.3475
-4.7665
 0.5449
-1.5495
 0.4966
 0.4439
-1.3510
-2.0470
-4.7757
 1.5604
 3.1323
 4.1724
-2.8174
 2.3320
 4.1314
-0.2233
-0.7133
 4.6875
 3.6839
-4.2739
 1.0982
 1.8506
 1.9299
-2.9563
 2.4434
 4.4540
-3.2526
-4.8802
 3.1697
-2.1463
 0.9760
 3.2905
-1.3071
 2.3467
 2.1805
-2.0632
-2.4858
-1.0826
-0.9336
-2.8969
 1.2069
 1.8608
-0.4270
 2.8509
 3.5781
 0.4434
 2.5244
-4.0171
 0.6765
-4.6702
 1.9777
-1.5320
-1.2681
 0.5158
-3.3837
-2.3750
 3.3720
-1.2254
-4.8497
-4.7886
 1.0249
 1.0212
 3.8163
-0.6520
-3.0212
