-0.8091
-2.6434
 2.7466
 1.4012
 2.4666
-1.0154
-4.2787
-0.9251
 1.7706
-3.7288
-4.9974
-0.3338
-0.7253
 4.6535
-0.3495
 0.1538
-2.1519
 2.6745
-0.1070
 3.8679
-2.2482
-1.1186
 3.2844
 0.8793
 0.0384
-3.7745
 4.0257
-3.5027
 3.0709
 4.4243
-4.4782
 0.3188
 1.8548
 0.1705
 0.4466
-1.0189
 2.2929
 3.8688
-3.8840
 4.9425
-1.0746
-3.6368
-1.6851
-2.8543
 3.6818
-0.8426
-4.0125
 0.1517
-2.3889
-1.2249
 3.3899
 4.9134
-1.7712
 4.4158
-4.3228
-1.5765
 2.4084
 4.1215
-2.6547
 4.8070
-2.6888
-4.7198
-4.4060
 4.8203
-4.2029
 3.3399
 3.9755
-1.1454
 0.4117
