 2.5358
 1.9701
 2.0604
-2.1939
 4.6042
 1.7175
 0.7684
 3.3688
-1.8674
-3.2305
 4.4670
 4.2712
 3.7658
 1.1242
-3.9804
-2.3305
 1.0461
 0.4677
-0.7384
 2.5633
-3.8614
-4.0535
 0.0882
-3.5042
-4.1614
-3.7744
-0.6125
-1.2375
-3.8967
-1.5366
-0.8365
 4.9139
-2.2264
-1.9347
 1.4318
-4.3921
-3.6563
-4.2890
 3.8744
 1.7496
-1.9985
-0.7216
-1.8211
 1.9452
 3.5332
 1.5144
-1.3055
 2.9381
-3.9382
-1.9695
-3.0629
-1.8168
-2.1302
-4.0238
-3.7253
 0.8481
 2.3574
-2.3059
 0.9162
 2.7508
-1.5825
-1.5010
-3.4988
-2.8543
-1.9668
 3.2891
 4.2743
 4.6027
-4.6696
-1.4076
