-2.4351
 4.3882
 2.4872
 0.0549
-3.2869
 4.1591
 1.4312
-1.0239
 0.4448
-0.8757
 1.6274
 2.9225
 3.0425
-0.3636
-4.7807
 3.3563
-0.7997
-0.9924
 3.5433
-4.1534
 2.6392
 1.8430
-2.7622
 1.2282
 1.4332
-4.6203
-3.2492
 2.9708
-4.1040
-2.4859
 3.3964
 4.1681
-4.6950
 2.2779
 0.7400
-3.9575
-2.7500
 1.3378
-2.6344
 2.5651
-4.8468
-4.3351
-3.3984
 4.5090
 2.8498
 2.7496
 2.2486
-3.7056
 0.5430
 2.9255
-2.6341
-3.2772
-0.8670
-0.8871
-2.1617
-4.1311
-2.3691
 3.9879
 3.8831
 1.8496
-0.7503
-0.0515
 4.9504
-3.8736
-2.4790
 0.9729
 1.4561
 3.7924
 1.6542
 0.3317
