 2.9029
-2.6222
-2.1117
-0.8908
-2.3507
 1.5976
 4.5541
-0.9013
 4.4832
-0.9231
 3.7283
 1.4919
 0.0789
-4.2843
 2.6995
 1.4422
-4.3925
 3.8478
 4.6082
 1.6584
 1.4382
 2.0178
-0.5309
 4.6397
-1.5127
 1.6316
-1.7205
 3.6996
 1.8117
-2.9510
-2.3545
-3.0114
-0.0922
 2.9289
-0.0376
 2.0710
-3.3640
 2.6802
 1.8459
 1.2271
 0.0642
 1.4797
-0.6427
-4.5805
 3.9125
-3.5078
-2.0915
 3.5308
-1.8163
-0.9134
 3.9934
-2.7863
 1.1797
-4.6576
-0.0848
 3.4696
-1.4778
-0.8720
-2.1696
 4.4375
 1.7235
 1.7538
-0.0846
-1.9176
-1.7264
 3.8152
 1.7910
-1.2757
 2.9689
-4.9325
