 2.5875
-4.5243
 4.9013
-3.9334
 0.7801
-1.9861
 0.5293
-4.8522
 2.4395
 0.7688
 2.1545
 1.0926
 2.7656
-3.8085
-1.1879
-2.7495
-2.8600
 3.9369
 4.7877
-4.8320
-3.9293
 0.9794
 0.9797
-2.5614
 1.4317
 4.3481
-4.3268
 3.7638
-0.7167
-3.6785
-3.2551
-2.4092
 0.7082
-0.2279
-3.2085
-0.8973
-4.6175
-3.4121
 4.0196
-1.5896
 0.0691
 1.6693
 3.7433
 2.2523
-1.9168
 4.1877
-1.6481
-0.8703
-0.2890
 2.6074
 1.0533
-0.5186
-1.7658
-1.2694
-0.7373
-0.9021
-1.3111
 4.0237
 0.1612
-4.7161
-1.0612
-0.6841
-1.0317
 2.7462
 0.0549
-1.2223
-0.4816
-0.7346
-1.0845
 0.7189
