-1.1559
 4.6797
-3.6015
-3.7728
 1.8985
 1.4314
-1.1934
 2.7131
 0.6999
-3.4207
 2.0731
 0.8494
-1.0553
 2.3176
 3.2493
 4.9044
 3.0641
 0.0913
-4.9956
 2.7986
-3.8138
-1.8488
 1.8701
-0.2087
-1.7650
 4.8879
-3.3737
-0.6560
-4.3681
-1.1063
-3.6285
 4.7766
 1.7792
-3.6897
-2.6675
-1.3011
 0.0507
-4.5415
-3.4398
-1.9544
 4.6578
 2.7949
-0.7270
 2.3752
-2.7707
 0.1974
 3.3277
 4.2132
 0.5239
 1.2825
-3.7879
-4.6097
 3.3628
-1.8170
-2.2004
 3.0171
-1.2273
 0.4733
-2.6519
-0.9911
-3.2772
-4.1509
 4.2786
-2.3241
-1.8237
-2.0754
-2.9725
 0.8883
-1.3553
 2.5265
