 3.3059
-4.6811
 4.4899
-1.7529
-2.3098
-1.3669
-3.8986
-3.6794
 4.1540
 1.7321
 1.1247
-1.3001
-3.1253
-0.2642
-4.3036
-0.3627
-1.3569
-0.2945
 4.8959
 0.6097
 4.8077
-3.7801
-4.5347
-3.2856
-3.0975
-3.7578
-0.0272
-0.1292
 1.5819
-0.7913
-3.1554
-1.5094
 0.6923
-4.3907
 4.4464
 0.6467
 3.5960
-4.8616
-3.9277
-3.3023
 4.8289
-3.6374
-4.3870
 1.2772
-2.1869
-3.8446
 1.3032
-3.9085
-4.8251
-1.0917
-3.1955
-4.9916
 4.6674
-3.6066
-2.3031
-3.5831
 0.9854
-0.6098
 3.4026
-3.9112
 1.3981
-2.8095
 1.9709
 3.7802
-0.4409
-3.0920
-1.0317
 4.4194
-1.1790
-0.8721
