-3.9790
 1.7118
 0.3133
-3.1726
 1.4815
 2.8161
 4.8656
 0.1304
-0.1339
-4.4692
-4.6463
-0.7719
 2.2315
 3.1345
-2.4179
 2.9879
-1.8824
 1.3791
-1.2244
 4.6713
 0.7445
-4.9445
 1.6976
 1.0502
 2.3973
-4.3542
 4.3894
-4.7610
 4.3310
 2.4931
-1.2332
 2.1965
 0.7292
-1.3773
 1.9767
-4.4696
-2.5743
-1.1484
-1.8490
-0.2985
-2.0093
-2.6405
-2.3972
 2.5979
-4.5065
 1.8740
-1.9134
 3.8662
-0.6538
 4.1483
-1.2395
 4.4886
 0.3651
 4.6940
-3.1859
-2.1076
-0.2033
-1.1690
-1.7327
-1.8710
-4.5117
-0.0589
-3.6392
-3.4113
 0.5789
 2.9469
 2.6414
-3.6647
 0.6919
 2.1796
