-0.4596
-3.8914
-3.4928
 1.2057
-0.3121
 0.5982
 2.0834
 4.8945
-3.4731
 4.5726
-4.0468
 3.4163
 2.1768
-3.3852
-1.9119
 2.8673
-4.5087
 3.7907
 1.3908
-0.5885
-1.7768
 1.6876
-3.2596
 3.2509
-4.5930
-3.5911
-2.4248
-0.3556
 2.8153
-4.2771
 1.2406
-0.9424
 2.7993
-4.4085
-3.9023
 1.0597
 4.5296
-3.6644
 3.4567
 4.2630
 2.3083
-0.8724
 1.2889
-3.2580
 1.3102
-1.9394
 0.7972
-3.4784
-3.8729
-2.7051
 4.1815
-2.5239
 1.9024
 0.7497
 0.0872
-2.1383
 2.8108
-3.8312
-2.5901
-4.0843
 3.0715
-0.7502
 0.7825
 3.3973
 0.8812
-0.2852
-2.4062
 3.6323
 1.7432
-4.3516
