-1.3077
 2.2637
 2.1405
 4.8559
 1.5464
 1.1615
-0.7743
-4.2512
 1.2559
 4.9611
 3.5162
 1.0455
-4.9170
 0.5548
 4.6086
-1.4232
 3.1602
-2.0658
 1.4532
 4.4384
-2.7222
-2.4192
 3.3097
-4.8317
-0.2939
-2.7624
 0.6887
 2.8739
-2.0852
-0.8386
 1.3213
-3.5506
 0.9818
 4.7512
-3.1473
-3.6238
 2.8549
 2.4202
 4.6848
-0.2043
 0.1460
-3.5558
 4.7298
-2.2348
-2.4504
 3.3828
 4.8819
-3.4850
-0.2287
 0.5290
 4.9684
 0.8160
-3.6618
 4.2779
 3.1322
 0.2090
-2.4379
-2.4632
 2.8469
-1.1364
 2.2346
-3.0355
 4.0695
 0.9805
-2.9761
-2.9935
 3.3540
 2.2140
-1.8731
-1.2419
