 0.8621
 3.9042
 3.2746
 2.3512
 2.4610
 0.5661
-4.6851
 4.2655
 1.5942
-4.9314
-0.4088
 0.0523
 2.9243
 2.8629
-4.5068
-1.7240
-3.3680
-4.9661
-3.2809
 3.2493
 4.6403
 3.4109
 2.7798
-1.2468
-4.8698
 1.4513
 2.1408
 0.7220
 2.9414
-4.9638
 0.5933
-0.1232
 0.6658
-2.2345
-2.9480
 1.1837
 2.9679
-2.3500
-1.4640
-1.3378
 2.1729
-0.8567
 4.2714
-4.8110
-3.2401
-2.4162
 4.4062
 1.0587
 0.7415
 1.6322
-4.4063
 4.1154
 4.7910
-4.0196
-4.2871
-0.9668
-1.7522
-3.1782
 1.2240
 3.7373
 4.8731
 4.2869
-0.0718
 3.8870
-2.8614
-2.5964
-2.0907
-0.8278
-0.3639
 4.3324
