-2.9161
-2.6899
-1.9337
-0.4336
-1.9185
-0.6782
 3.8553
-4.9804
 3.5419
 4.5140
-2.6314
 2.0819
 1.8825
-3.7476
-4.6484
 4.1644
-3.7833
-4.1257
-2.0821
 1.0139
-1.4921
-4.3330
 4.6787
 2.8558
-4.2146
 2.9322
 4.4050
-3.7854
 0.3842
 2.7554
-1.4172
-0.1319
-0.0586
-4.7092
 0.1430
 2.5742
 4.4364
-3.4736
 1.5737
 1.9724
 0.4066
 1.1395
 1.7130
 0.8439
-0.9867
-4.7485
 2.6191
 1.2414
-1.5953
 0.5944
 1.8827
 1.4985
 2.1885
-0.0451
-2.1202
 0.8513
 4.6723
 2.4189
 1.0675
-0.4824
 3.0309
 2.3406
-4.2030
-0.7589
-4.5687
-4.8710
 0.8289
-0.4119
-4.5877
-2.7945
