 3.0898
 1.6357
 1.1914
-4.4591
-1.1882
-2.7186
 3.1695
 2.2244
 1.3271
-1.4801
 3.3010
-1.3621
-4.4465
-4.4058
 4.0110
-3.0231
 4.9182
-0.5940
-4.5597
-1.0458
 1.8941
 1.7390
-1.0566
-0.8461
-3.7913
 4.3549
 1.2462
 3.6748
 3.5581
-0.8775
-4.1465
 1.6377
-0.4793
 0.7474
-0.2002
-4.6004
-1.7370
 3.9344
 3.2916
 3.1026
 0.8835
-4.4460
 4.0948
-1.8411
 3.5467
-4.5068
-3.2864
 3.3803
 3.1856
-2.1517
-2.4559
-3.4579
 4.4251
-3.8491
 2.0156
 4.0007
-0.9113
 3.5185
 4.0376
-3.6804
 3.8064
 3.7553
 3.8906
 0.4319
-1.9672
-1.8041
 4.6051
-3.1721
-1.8242
-4.5808
