-3.1855
 3.5356
 4.0419
-3.8506
 2.6336
 1.4595
 4.9521
 3.7750
 0.4294
 1.0670
 2.1503
-1.5655
-0.5776
-0.5549
-0.9362
-1.0059
 0.9724
 2.6201
-0.8113
-1.3712
-0.7376
-4.1975
 1.3922
 3.1094
-3.3486
 3.6036
-3.7604
-2.4996
-4.1949
-2.9081
-0.6263
-0.8966
-4.4772
 1.9398
 1.6593
-2.9725
 3.7604
-3.3186
 4.0492
 3.5986
-4.8686
 4.9822
-3.0238
 2.1076
-0.7024
-0.0272
 4.3383
 4.7030
-1.0551
-1.6009
-1.7153
 3.0585
-0.7148
 4.8557
 4.9997
-0.2324
 3.8917
 4.4990
 4.1962
-1.8259
 4.2831
 1.8548
 3.3157
 1.8348
 3.6150
-3.7158
 0.5344
-3.3419
 1.3454
-1.5713
 3.6488
 0.1325
-2.1012
 2.8205
 0.0036
 0.7418
 3.4731
-2.6740
 3.4868
 1.8935
