 0.2661
-0.9227
-3.7427
 3.1771
 2.7865
 4.9769
 0.9847
-3.2111
 2.4608
-4.0647
 0.8173
-1.7226
 4.8747
 2.8164
-0.7339
-1.6663
-2.5353
 4.4272
-0.1794
-2.9278
-1.6756
 1.4327
 1.5195
 1.1057
-4.8489
-0.5658
-3.9874
 1.0747
 3.9427
 1.5966
-3.6988
-1.5484
-1.9701
-2.8595
-3.3867
 1.7833
-3.4241
-3.7754
 2.0411
-1.2060
-2.0441
-3.4672
-3.2796
 0.2888
 1.3300
-0.2025
 0.8296
 0.0962
-0.9838
-4.3041
-0.8197
 2.5039
-4.2698
-2.3334
 3.3715
 1.5135
 1.9448
 0.0110
-4.9353
 4.3165
 1.9114
-0.4872
 2.2359
-4.8286
 1.2645
 3.2130
 1.7004
-4.4689
-1.2452
 4.3412
 1.0286
-4.1182
 0.5325
 0.7104
 2.1842
 3.8188
 4.9143
 1.4168
 3.8354
 3.0339
