 2.7595
 2.9365
-1.1985
 0.0706
 1.7401
 2.7302
-4.7719
-0.4881
-3.8996
 3.5262
 0.3841
-2.1928
 1.1196
-4.2350
-1.8291
 4.0845
 1.0000
-1.0050
 4.8684
 4.0594
 4.7832
-3.6680
 2.7819
-3.8182
 2.4360
-0.1667
-4.8983
 3.9564
 2.8493
 2.4118
 4.6774
-1.2479
-4.4455
 4.0232
 1.0867
 4.6491
-2.6235
-1.4305
 4.7293
-1.5576
 1.5783
-2.9986
-4.4967
-1.8415
 0.0417
-3.8814
 2.1864
-0.1453
-1.8922
 4.4665
 4.5188
 2.5571
-3.3910
-3.6033
-1.0093
 2.7122
 0.5063
 1.0545
 3.9814
-4.7519
 0.8369
 3.2811
-4.3773
-0.7199
-1.1649
-4.2618
 4.0213
 0.5765
-2.8669
-3.9932
-2.5220
 3.3252
-1.0950
-4.8152
-3.0643
-3.5303
-0.4413
-1.2372
 2.8923
 2.9312
