 1.1810
 4.7519
-4.3670
 0.3541
-3.7327
 1.5674
-4.1004
-1.5638
-0.1500
-3.7417
-3.6710
-4.8521
 1.5205
 0.4731
 4.8935
 2.5574
-4.3663
-4.8500
-3.0794
 1.8063
-1.8873
-0.4422
-0.1018
 0.8977
-1.5705
-0.6884
 3.0734
 3.6371
-2.2205
-0.3387
-2.5691
-0.2771
-2.6576
-2.0408
 3.1684
 3.5601
-4.9945
-0.3965
 1.8020
-3.4269
-1.5527
-2.6958
-0.1894
 1.3270
 2.9552
-3.5690
-3.0100
 0.2676
 0.5466
-0.4090
-4.0631
-3.6033
 1.9710
-4.3129
-4.6766
 0.5480
 0.0761
 2.3697
-3.6731
 0.0698
 3.6270
 0.6241
 0.1477
 2.5974
-3.5341
-3.5372
 0.0603
-3.9299
-1.7016
 2.5867
-3.7405
 4.2011
 2.6595
-0.5304
-4.6529
-2.8128
 3.9554
 4.6293
-2.3173
-1.6480
