 2.3186
-4.1008
-0.6054
-0.0735
 4.3174
-3.2250
 0.9332
 3.2253
 4.0554
 0.2597
-1.6071
-3.7798
-0.0523
-2.9164
 4.5883
-3.2751
 0.7507
 4.1442
 2.1585
-0.4627
-2.7823
 4.4728
-0.1252
-1.2932
 1.2960
 2.9178
-3.1798
-4.6984
-1.0040
-2.0579
-3.9899
 3.3848
-2.3482
 2.9978
 4.3858
 3.0674
 3.7875
 1.5170
 4.0584
-0.6580
 2.4610
-3.2502
 4.8697
 2.5161
 1.6700
-4.5606
 4.5393
 3.6563
-0.3738
 4.7233
-2.5305
-1.8991
-3.3118
-3.5892
 1.2616
-4.5771
 0.4462
-4.5686
 4.7226
 1.6419
 0.0583
-1.8816
 4.4075
-4.5722
 4.7762
 4.7768
-0.2102
 0.6373
 1.0951
-1.5718
-4.3892
 1.7438
 0.3238
-1.5513
 3.9572
-3.7892
-3.8306
-2.7316
-0.5660
-3.2915
