-2.9165
-1.4284
 1.9039
-3.2301
-1.2833
-4.7496
-2.6007
 3.2662
 3.8889
 1.4423
 3.1358
-0.9558
 3.9664
 1.5134
 4.5292
 2.6228
 4.7290
-4.6798
 4.0098
-1.1163
 0.5819
 3.4350
-2.8037
 2.5786
 0.3576
-2.9552
 1.8866
 4.8822
-2.0167
-0.8175
 3.2367
-4.0711
-3.4567
-3.9727
-2.9777
 4.4943
-3.2700
-1.6918
-1.7326
 4.3544
 2.2251
 4.9816
-2.4124
 0.9468
-2.9497
 0.6767
-2.0322
 3.8787
 4.5985
-1.1066
 1.8758
 3.2980
 4.9239
-3.6175
 0.2473
-2.7885
 4.5454
-0.3157
-3.7895
 2.5273
-1.0925
-3.8977
-1.3165
-2.8538
 3.9204
-1.0876
-4.6299
 2.4453
-3.9654
 1.1313
-2.5682
-2.3829
 2.5735
-3.6950
-4.7061
-3.0872
-1.2885
 2.4456
 4.3487
-0.4876
