-1.1278
 0.4297
 3.5997
-0.5456
 2.1620
 3.0012
 3.8659
-3.2969
-1.1449
 3.3366
-2.9490
-1.9123
 3.7903
 3.5415
-4.6983
 0.8240
 2.1289
 0.9815
 1.3400
 4.7307
-0.9131
-4.1093
-0.2949
 0.7265
-3.8255
-2.5397
-2.6127
-3.8352
-2.1998
-1.5775
-1.5178
-3.4824
-0.0387
-3.5435
 2.5581
-4.9161
 3.6110
-1.3033
 1.2939
 2.0262
-4.8316
-4.7644
 2.8318
 1.6664
 2.0329
-1.0229
-0.9826
 0.3053
-0.3863
 3.9086
-4.7478
-1.9957
-1.9143
 3.3864
 4.8319
-2.0074
 2.8832
 0.8202
 3.4636
 1.0175
-0.9485
-2.1732
-3.4507
-4.3978
-0.3771
-1.1271
-2.0402
-1.8797
 4.5156
 2.5351
 4.9339
 1.0034
 0.1888
 4.3755
-1.9340
 3.2637
-2.0012
-0.5924
 2.0578
-3.0950
