-4.4575
-2.4282
-1.7255
 0.7040
-2.4542
-0.7450
-4.1593
-4.2474
-0.9960
-0.4414
-1.8737
-0.8293
-0.8834
 3.0303
 0.2004
-1.9098
-0.8146
 1.1180
-3.2776
-2.7540
 1.5855
-1.8949
-0.4219
-3.2404
 0.3783
 2.2314
-2.0975
-3.3854
-4.3770
-1.5496
-1.6271
 1.0474
-4.5083
 2.8238
-2.1982
-4.0372
-3.4375
 4.1606
 4.1466
 1.4218
 2.4836
 3.1970
-1.2495
 1.0109
-0.4330
-3.9399
 4.9742
 0.1385
-3.0606
-2.0633
 4.5970
 4.4289
 3.0612
-3.2036
 1.3591
 4.7701
-1.6856
-2.4628
 0.0812
-2.5683
 0.7893
 2.7778
 0.6493
-0.2865
 1.7310
 1.3352
-1.5648
-3.7350
-3.9884
-0.2730
-1.3299
-0.7614
 3.8156
 3.6190
-1.1395
 2.5314
-4.7963
-4.1596
 2.3393
-2.4343
