 0.5682
 0.9730
 0.5753
 3.8649
-1.8544
-3.8721
-4.8678
 0.2904
 3.2474
 2.6140
-3.2006
 2.9723
-3.2461
-2.6306
-0.0676
-2.6938
 2.3017
 1.2924
 3.9817
-0.2146
 3.7706
-3.8681
-3.1218
 1.9621
-0.9510
-3.1766
-2.4126
 3.8620
-2.0715
 0.5419
-4.6727
 2.2283
 4.5596
 1.5276
-3.5461
 2.7814
-1.5912
 4.4352
 2.5283
 0.9615
 2.1353
 3.9991
-0.8177
-1.5678
-0.7907
-4.1506
 4.0719
-0.3920
 0.5349
 1.7149
-2.7804
 0.1153
-4.3760
 0.1681
-1.0543
 1.2898
 0.1188
 3.0820
-2.9094
-3.7032
-4.1833
-2.3723
-1.4134
-2.3741
-4.0681
 0.0607
 4.1950
 1.7395
-2.2817
 1.7857
 3.1299
 2.8893
-0.2511
-1.0354
-1.4361
 2.6905
-3.6893
 0.9960
-1.8964
 0.5360
