 2.1911
 0.8865
-3.4060
 1.5013
-1.8537
-0.8677
-2.1894
-1.4869
-4.7863
-2.5418
-2.0904
 4.5299
 0.6820
-3.0027
 2.0882
 1.1784
-0.7118
 1.5692
-0.3549
 2.2199
 2.2904
-3.6984
 3.6569
-4.2613
 3.6941
 4.8726
 2.9736
 4.8698
-1.3906
-2.1354
 4.0949
-3.2582
-2.7851
 3.3025
-1.1613
-1.4289
 2.8263
 4.4135
 2.5717
 0.0337
 1.5968
 0.6083
 3.9409
 0.6002
 0.5994
 3.2323
-0.8805
 2.1498
-2.2948
-0.4633
-0.0505
 2.3541
 1.6418
-3.7766
 1.9696
 1.9355
-0.6828
-3.9302
-3.0139
 3.1829
-3.8524
-2.5196
 2.3536
 0.6682
 1.0510
 3.7111
-0.8300
 1.8986
-1.4332
-1.7601
 1.1039
-3.4823
-0.8600
 0.2522
-2.8030
-3.7230
-1.9918
 0.4598
-1.0150
 2.1946
