-0.9092
-4.9964
 2.1049
-0.1604
-3.0780
-4.7633
-2.2062
-3.3413
 4.1478
 0.7789
 0.3693
-3.0685
 4.6246
 4.3255
-4.0630
 2.5280
-4.1695
 3.5962
 4.9581
 3.8627
-2.5805
 1.9834
 1.4768
-2.1655
-0.5364
 2.1091
 3.2850
-3.8169
 4.7199
 0.4360
-3.4599
 1.1238
 2.2419
 1.3226
-3.2916
-4.9840
 0.3949
 1.1040
 2.0728
 1.4429
-3.7708
 2.5911
 0.2594
 3.1445
 1.3879
 1.7795
-4.6308
-2.7255
 4.6517
-3.4031
 2.5595
 4.1706
 3.8637
-0.3992
 3.2905
-3.5929
-4.8328
-0.7144
-3.9485
 1.4440
-1.4291
 3.5793
-2.1746
-2.3811
 1.1799
 2.0197
-4.5977
 1.6534
 4.8138
 1.6910
 1.8390
 2.7003
 0.3987
-3.2522
-2.3763
 3.6164
 1.2967
-0.9364
-4.6623
 2.7815
