 3.9251
 0.2246
-4.9307
 0.0706
-1.0362
-3.3750
 2.9198
-2.0287
 1.6979
-1.5252
-0.7220
-3.0692
-4.3926
 2.9902
-3.7394
-1.1816
 1.9299
 1.7540
-1.1323
 2.1099
 4.5181
 2.7026
-0.4587
 2.4946
-2.6689
-3.5789
-3.4419
 0.1496
-3.6591
-2.2754
-0.7288
-1.2203
-4.1514
 2.5034
-3.0018
 3.1067
-0.9371
 3.3352
 4.2272
-1.5285
 2.3981
-1.4020
-2.3265
-3.8691
-3.3782
 1.4958
 4.9767
-0.2260
 4.9310
-2.5641
 3.6697
 3.7719
 0.5563
-3.5007
-4.0447
 4.3137
 4.7738
-3.4330
-4.9535
-1.9830
 3.6712
-3.7825
 2.6493
-1.2202
 2.0934
-1.3661
 2.2695
 0.2883
-0.0685
-4.2308
-2.7465
 3.6324
 4.1958
 1.3564
-1.2350
-2.8632
 1.9373
-3.4899
 1.0800
 0.9232
