-1.5099
 1.8478
-2.2250
-3.1744
-0.5554
-0.1119
 0.3380
 0.0268
-0.8880
-4.7361
 2.7546
 4.9955
-3.2414
-3.0078
-0.8935
-4.4784
-3.3270
-2.2691
 4.9056
 2.2350
-3.9969
 1.7383
-0.7631
 3.9535
-1.7898
-4.5389
 3.1494
 2.4877
-4.1215
 2.9044
-1.5084
 0.6340
-3.1523
-1.8463
-2.1686
 1.5032
-3.3700
-0.0070
-3.1676
 0.5310
-2.4746
 0.6456
 3.9658
-3.8472
 4.4963
 0.3818
-4.9473
-1.4143
-3.4016
-0.2908
-0.3783
-0.2753
-0.1855
 0.2011
 0.9576
 1.3589
 0.7758
-4.9496
-1.5011
 2.1220
-3.4478
 1.4764
-1.7704
 2.3054
 3.6576
 2.4847
-0.9203
 4.5762
 4.5305
-2.4338
-0.3291
-3.8773
-0.9136
-4.6248
 0.1994
-1.8189
-3.1917
 4.9068
 3.2961
 1.1747
-4.5400
 3.7871
 4.4429
-2.2187
-4.8601
 4.1420
-0.6024
 3.4675
-4.1693
 2.6781
