 3.8446
-3.6052
-1.5639
 2.0513
-4.7719
 1.8606
-0.4054
-2.3650
-1.5296
 4.6503
 0.5978
 2.1121
-4.7227
 3.2007
-2.0539
-2.8108
 3.1735
 2.3897
-3.4017
 1.4979
 1.5910
 2.7046
 1.2028
-0.0520
 3.1686
-1.8266
 0.1498
 1.2257
-1.8872
-4.6379
 2.3667
-0.9273
 4.9074
 0.4592
-0.8687
-4.0075
 0.4070
 3.2766
 3.9356
-1.3629
-1.2525
-1.8514
-2.0183
-3.5079
 0.6445
-3.9288
-1.7851
-0.2905
-4.2991
-1.7012
 2.9414
 4.0717
-4.8069
-3.6681
 4.8675
-1.1753
 0.2152
-4.0427
 1.5364
-1.8663
-2.1866
-0.9989
 0.8603
-4.8557
 2.8424
-4.4428
 3.8462
 4.6606
-3.6160
-2.7119
 2.9599
 4.1498
-4.2718
 4.6530
-1.6424
 4.9647
 4.3687
 3.9404
-0.5907
 2.7804
 1.2036
-0.8677
-4.9542
-3.6495
-4.6940
-0.5432
 2.7304
-2.1147
-2.2103
 2.1848
