 1.5619
 3.7593
-0.6188
 3.9706
-1.7207
 0.7174
-1.4006
-3.7346
-2.9083
 2.9188
-0.0474
 2.2907
 1.4343
-0.7576
 0.4736
 4.7342
-2.5192
-3.4575
 0.8096
-2.8450
 0.9348
-3.6085
-2.1649
-3.3240
-2.4685
-4.7574
 4.5087
-0.0700
 4.7919
-0.3479
-4.3313
-4.7616
-2.7257
-2.7438
 0.4634
 4.5945
 3.3440
-3.3625
 4.4552
-3.7330
 0.8906
 0.5111
 0.2592
 4.6987
-1.3694
-2.3330
 0.2111
 2.9704
-3.7012
-2.7006
-1.0228
 4.7483
-3.8575
-1.3004
-0.9401
-2.5545
-4.5578
-0.5804
-1.9244
-1.2315
 3.0543
-2.2074
-1.7996
 3.5310
 3.1213
-3.1743
 4.0526
 4.4370
 0.5985
-2.0980
 3.3393
-1.7677
 3.3840
 3.9324
-0.2209
 1.5639
 3.2443
-1.7312
-2.9644
 4.8012
-4.7171
-4.8328
 3.8316
 3.2365
-1.2876
-2.3196
-2.3150
-3.8383
-0.4223
-4.0793
