 2.2076
-4.6426
 1.4951
-4.0481
 1.4505
 0.6170
-0.9382
-2.8271
-3.1389
 3.2837
-1.2030
 2.6194
-3.9542
 0.2610
-3.9781
-1.7919
-0.9506
-0.0027
 0.8947
-3.5130
-3.2670
-3.3669
 1.1790
 3.4798
-0.2993
 0.5496
-3.3766
-0.5898
 2.0873
-2.3631
 4.2695
 2.8179
-0.9343
-3.0684
-1.6893
-1.3480
 3.1914
-0.1984
 0.1582
-2.2110
-1.0974
-2.4891
 0.3437
-2.5885
-1.5175
-1.3508
 2.8909
-3.2108
 1.1433
 3.8344
-4.0454
-0.8362
 2.6427
-3.2222
-4.1435
 3.5799
-0.8231
-2.5699
-2.0295
 2.9974
 0.0523
-1.2146
-3.1934
 1.1404
 4.6716
-0.3526
-3.6584
-1.4933
-2.0114
-2.8602
-2.5126
 1.7326
-0.3419
-0.0990
 0.9241
-0.2710
-4.5502
 0.4530
 3.3636
 0.3918
 2.6473
 4.0311
 1.3259
-3.4367
-4.3740
 1.8203
-4.2899
 3.0927
-4.4114
 0.4859
