 3.4083
-0.9899
 4.9015
-1.9457
-1.4722
 4.1393
-3.5303
 0.6661
-4.6558
 3.7047
-0.2409
 1.8816
 2.5516
-0.1042
-1.0212
-0.8825
-2.6688
 4.2780
 0.2991
 2.3859
-4.1102
-1.5238
 0.4131
-0.1249
-4.5622
 2.8878
 1.1833
 0.7081
 0.8433
-0.3145
-4.6275
-3.9622
-1.9036
 1.6810
 1.3167
 4.3499
-0.0910
 4.3480
 0.9396
 4.4324
 4.3617
 1.9824
 4.2240
 0.5846
 3.9273
-3.5241
 1.4418
-2.1672
 2.6889
-0.1845
-3.6899
-1.3226
-2.4922
-4.3593
-4.3638
 3.4384
 1.3643
-3.0656
 1.0250
 0.5793
 4.1971
 2.6953
-4.6888
 2.9312
 4.1934
 2.9562
 1.4627
 0.1889
 1.7902
-2.2335
 4.4329
 1.2139
-2.7105
 2.4345
-2.5489
 4.1420
-4.3766
-4.3743
-2.5260
 4.4756
-2.8401
 2.7521
-4.0375
-4.4236
-0.2656
 0.4088
 2.0414
-2.8364
 0.4374
 3.9433
