-2.3667
-4.8928
-1.2508
 3.4617
-0.5833
 0.2149
 3.1174
 2.1070
 0.1228
-0.1446
 2.7009
 1.0611
-3.5176
 2.6462
-4.6884
 1.8303
 3.2308
-0.1969
-1.7937
-4.1605
 1.6872
 0.0924
 4.0515
 3.6522
 1.4586
 3.6346
 4.3564
-2.3928
 0.2997
 4.9900
 1.9694
-1.8802
-0.3602
 0.0383
-3.5282
-3.6295
 0.2289
-1.2206
-0.1940
 0.4374
 1.2332
-3.7111
-0.6030
 3.1225
 1.2872
-2.1067
-2.2101
-1.2984
 3.5493
 4.7544
 2.5231
 1.1120
 0.4162
 0.5930
-4.5861
-2.8186
-2.6792
-1.5559
 1.6031
 0.8150
-3.3608
 1.2466
 2.3243
-0.1860
 2.3366
-0.7941
 4.9311
-4.0478
-1.7166
 3.9395
-3.5451
 0.0002
-4.3277
-1.9078
 0.3907
-0.4020
 4.6929
 4.9816
 4.1681
 0.4429
 3.5417
 1.9115
-3.1588
-4.2826
-2.1364
 1.2453
 4.7454
-4.0425
 4.6097
 0.4991
