 1.4046
 0.6697
-1.3940
-1.5224
-0.0295
 0.6695
-0.2241
-4.0780
 1.0709
 0.0802
-3.9561
-4.2136
 1.7985
 1.7737
-4.6705
-3.1254
-0.6591
 2.8024
 2.1900
-4.2660
 3.9303
-3.8089
-0.9721
 0.6111
 2.0706
 1.9793
-1.0616
-2.3184
-0.8761
 1.2747
-0.3644
 3.0829
-0.9988
-2.1344
 2.7702
 1.0777
-2.8073
 2.4123
-1.0398
 2.3746
-1.2168
 0.6874
 0.9617
 3.6658
 1.4921
 3.2831
-2.3207
 3.8097
-4.8142
-4.3375
-2.8785
 1.9895
 3.8338
-1.3262
 3.3984
 3.4391
-0.9388
-2.5672
-3.9985
-4.9181
 4.6379
 0.8700
-3.9687
 1.7989
 2.3537
 0.9007
 0.5873
-3.3444
 3.2690
-2.3174
 3.1137
 3.2459
-3.6425
 2.5910
-3.4753
 1.7246
 0.2511
 4.9067
 1.0418
-4.0775
 2.6398
 0.1416
 0.5798
-4.7539
 0.3766
-0.1734
 1.7832
 2.6681
-4.7285
-4.9132
