 4.7746
-2.8836
-3.4773
-3.8383
 1.6591
 3.8808
-4.3279
-4.9345
-3.6575
 1.1975
 0.9300
-4.3317
 2.2678
-0.4974
 4.9894
-2.9427
 2.5895
-3.3423
-3.9593
-4.9683
-4.1833
-2.6800
-2.5882
 1.6670
 0.1302
 4.5798
 4.6071
 1.7879
 3.9182
-4.6598
 2.1350
-3.0482
-3.1298
-2.8363
 2.3935
-1.9646
-1.4025
 4.9900
-2.9291
 3.0669
-1.9038
 3.7235
-3.8567
-2.3152
 1.0196
-0.4114
-3.8913
 0.7792
 4.5809
 3.9536
 0.2971
 0.1222
 1.3889
 4.0267
 3.4461
-2.8507
 2.7873
 3.1129
 2.6771
 2.6419
-0.8541
-0.8029
 1.6694
-1.1181
 0.0004
-2.8571
 0.1321
-1.3481
-2.0186
-4.4985
-1.5509
-3.6467
 1.3201
 2.8950
-4.8971
-0.2354
-0.3851
-2.4218
-4.1332
-3.4622
 2.3377
-3.0402
-4.7174
-0.9967
-2.3332
-3.8546
-4.5556
-1.8963
 1.1907
 3.3592
