 2.6379
-1.5530
-3.5878
 3.7397
 1.9202
 1.2338
 0.3282
-0.6522
 1.8967
 1.7903
 3.8369
 1.9666
-2.9120
-0.6608
 1.5135
 0.7741
-3.2722
-1.2909
 4.0914
 3.5812
 4.2523
-2.2676
-2.7192
-4.7989
 4.8192
-3.0019
 1.0872
 4.6958
 3.2308
 2.9879
-1.6488
 3.5242
-1.6988
 3.4507
 1.1882
-4.1003
 0.4948
 3.8017
-4.8773
-1.2391
 2.4156
-4.5502
 2.5564
-4.8525
-2.5084
-0.7525
-0.0254
-0.7816
 3.0963
-0.7449
 0.4199
-2.9557
-3.5843
-3.2365
 4.2488
-0.1120
 0.0484
-2.6124
-4.6386
 3.5105
 0.7157
 4.8119
 3.5356
 2.4514
-1.7117
-1.5961
-4.2165
-4.4250
-2.2033
 0.4119
-4.6472
-0.0594
-1.7980
-0.4548
-1.7678
-3.5759
-3.2821
-2.0959
-2.4054
 2.5495
 3.2095
 3.2882
 3.2948
-2.1087
-2.6068
 4.9412
-4.9134
 4.6270
-3.8297
-2.8097
