 2.9393
 3.7302
-1.1676
 3.3129
 3.6595
-3.8412
 3.2007
 1.1678
 0.8378
-2.3294
 3.2625
 3.1135
-1.7364
-0.5436
 4.5061
-3.6555
-0.2211
-2.3328
-3.7867
 1.9845
-1.8148
 4.6613
-2.2381
 4.2442
 4.4246
 2.3576
-1.5793
 0.1026
-3.4266
-3.9564
-1.0810
-0.5369
 0.9251
-0.7287
-4.1937
 2.1982
-4.7750
-4.0770
 3.8040
-0.0839
 1.9836
 4.6639
 4.2749
 1.1217
-1.0125
-0.8824
 3.8776
-1.9792
-1.8920
 3.5365
 1.0976
-4.6895
 2.8955
-4.2606
 3.9216
 4.2557
-4.2915
 0.7196
 1.8107
 2.4534
 3.3924
-0.9380
-4.6925
-3.8238
 2.5936
 1.3198
-3.7987
-1.0341
-3.7935
-4.2594
 3.0314
-2.4859
-1.9695
-3.5947
-1.5943
-2.1160
 3.1228
 4.2286
-0.4813
-0.0895
-1.5712
-4.7217
 3.4328
-4.7440
-3.1839
 4.4529
 3.1108
 4.7398
-3.6408
 4.2472
