-1.3360
 0.1713
-4.8199
 4.3012
-0.1969
-4.1980
 1.4110
 1.3407
-3.1424
 2.2824
-0.1943
 1.6748
 0.2485
-1.1479
 2.5454
-1.2288
-3.2244
 2.5667
-0.9834
-3.6565
 3.8599
 4.3353
-4.0926
-4.2700
-1.5193
-1.0464
 0.1338
 1.7262
-0.4556
 0.1530
-1.5543
 3.9275
 0.0726
-0.9679
 4.2899
 3.5621
 1.1366
 4.1282
-4.3478
-4.8140
-3.3105
-0.4450
 0.8904
-1.0424
 3.1516
 0.6588
 0.3429
-0.7900
-2.4696
 2.1187
-1.8909
-2.6484
 4.3222
 3.1426
-2.4894
-1.6379
 3.0323
-2.6612
 1.5475
-4.7682
-4.5778
-2.1660
-4.5464
 0.8710
 0.8123
-4.7122
-4.5584
-4.5893
-3.4017
-4.7829
 1.3570
 1.0782
 3.5645
-0.8018
-2.6170
-4.9695
-4.4232
 1.7102
-3.8599
 3.3060
-3.2001
-3.8230
-1.5312
 2.1865
-3.0394
-2.5863
-3.5122
 2.6491
-0.0023
-1.7441
