 4.6595
-0.2302
 2.1285
-4.1461
 0.3093
 1.5818
 1.8265
-1.6875
-2.5922
 0.0217
 2.9187
-2.7647
 4.1165
-4.1774
-4.2093
 4.6399
-1.3106
 0.1232
-2.2748
 2.4197
 2.4782
 1.6766
 4.6423
 1.1813
-4.5212
 1.2813
 4.1797
 3.9205
-2.5647
-2.6035
 2.5489
 4.5013
-4.0679
 0.0600
 1.0862
-1.0747
-4.4958
-0.1542
 2.4935
 2.2879
 0.1378
-4.8506
-1.7775
 2.4790
-3.6225
-1.2891
-0.0069
-1.4481
 0.5439
-2.7919
-3.4338
 2.6635
 3.7885
-2.8798
 3.1835
-4.5121
-4.2081
-1.5625
 1.1000
-0.7562
 4.1949
 0.0934
-2.3336
-2.0148
 4.7827
 4.8267
 0.6088
-3.9634
-3.3596
 0.9566
-1.4913
-2.7969
-3.5388
 3.0833
-1.5666
 4.3960
 1.6824
-1.2159
 1.2584
-3.3322
 4.0621
 1.6629
-1.2113
-3.7640
 1.2995
 2.4378
 3.3684
-2.7228
 0.6226
-3.2776
